,timestamp,ax,ay,az
0,0.0,3.522234916687012,7.324430465698242,2.3545374870300293
1,100.0,3.522234916687012,7.324430465698242,2.3545374870300293
2,200.0,3.522234916687012,7.324430465698242,2.3545374870300293
3,300.0,0.3349951505661011,7.128218650817871,1.6175479888916016
4,400.0,0.3349951505661011,7.128218650817871,1.6175479888916016
5,500.0,0.23449662327766416,9.595218658447266,1.411765456199646
6,600.0,0.23449662327766416,9.595218658447266,1.411765456199646
7,700.0,3.814159393310547,10.313065528869627,4.1515469551086435
8,800.0,3.814159393310547,10.313065528869627,4.1515469551086435
9,900.0,3.814159393310547,10.313065528869627,4.1515469551086435
10,1000.0,6.1878395080566415,8.437092781066895,3.2709887027740483
11,1100.0,6.1878395080566415,8.437092781066895,3.2709887027740483
12,1200.0,12.260822296142578,10.277173042297363,5.257031440734863
13,1300.0,12.260822296142578,10.277173042297363,5.257031440734863
14,1400.0,3.3212375640869136,4.5032920837402335,7.104290962219237
15,1500.0,3.3212375640869136,4.5032920837402335,7.104290962219237
16,1600.0,3.3212375640869136,4.5032920837402335,7.104290962219237
17,1700.0,0.9427721500396729,5.788238048553468,-2.093719720840454
18,1800.0,0.9427721500396729,5.788238048553468,-2.093719720840454
19,1900.0,1.0959126949310305,8.499305725097656,-0.5575276613235474
20,2000.0,1.0959126949310305,8.499305725097656,-0.5575276613235474
21,2100.0,3.45045018196106,13.007384300231935,1.3902300596237185
22,2200.0,3.45045018196106,13.007384300231935,1.3902300596237185
23,2300.0,3.45045018196106,13.007384300231935,1.3902300596237185
24,2400.0,1.5792629718780518,8.913264274597168,-0.02392822504043579
25,2500.0,1.5792629718780518,8.913264274597168,-0.02392822504043579
26,2600.0,3.2781667709350586,9.518648147583008,1.210768222808838
27,2700.0,3.2781667709350586,9.518648147583008,1.210768222808838
28,2800.0,3.2207393646240234,7.960920810699463,-0.6364907622337341
29,2900.0,3.2207393646240234,7.960920810699463,-0.6364907622337341
30,1500.0,3.3212375640869136,4.5032920837402335,7.104290962219237
31,1600.0,3.3212375640869136,4.5032920837402335,7.104290962219237
32,1700.0,0.9427721500396729,5.788238048553468,-2.093719720840454
33,1800.0,0.9427721500396729,5.788238048553468,-2.093719720840454
34,1900.0,1.0959126949310305,8.499305725097656,-0.5575276613235474
35,2000.0,1.0959126949310305,8.499305725097656,-0.5575276613235474
36,2100.0,3.45045018196106,13.007384300231935,1.3902300596237185
37,2200.0,3.45045018196106,13.007384300231935,1.3902300596237185
38,2300.0,3.45045018196106,13.007384300231935,1.3902300596237185
39,2400.0,1.5792629718780518,8.913264274597168,-0.02392822504043579
40,2500.0,1.5792629718780518,8.913264274597168,-0.02392822504043579
41,2600.0,3.2781667709350586,9.518648147583008,1.210768222808838
42,2700.0,3.2781667709350586,9.518648147583008,1.210768222808838
43,2800.0,3.2207393646240234,7.960920810699463,-0.6364907622337341
44,2900.0,3.2207393646240234,7.960920810699463,-0.6364907622337341
45,3000.0,3.933800458908081,10.325029373168944,-0.06460621207952501
46,3100.0,3.933800458908081,10.325029373168944,-0.06460621207952501
47,3200.0,3.933800458908081,10.325029373168944,-0.06460621207952501
48,3300.0,2.861815929412842,8.71466064453125,2.4741785526275635
49,3400.0,2.861815929412842,8.71466064453125,2.4741785526275635
50,3500.0,7.7048888206481925,9.166903495788574,0.4378865361213684
51,3600.0,7.7048888206481925,9.166903495788574,0.4378865361213684
52,3700.0,3.1968109607696533,7.695317268371582,0.8590233325958252
53,3800.0,3.1968109607696533,7.695317268371582,0.8590233325958252
54,3900.0,4.570291519165039,9.4660062789917,1.868794322013855
55,4000.0,4.570291519165039,9.4660062789917,1.868794322013855
56,4100.0,4.570291519165039,9.4660062789917,1.868794322013855
57,4200.0,2.761317014694214,7.850851535797119,5.168497085571289
58,4300.0,2.761317014694214,7.850851535797119,5.168497085571289
59,4400.0,3.531806230545044,7.104290962219237,6.003591537475586
60,3000.0,3.933800458908081,10.325029373168944,-0.06460621207952501
61,3100.0,3.933800458908081,10.325029373168944,-0.06460621207952501
62,3200.0,3.933800458908081,10.325029373168944,-0.06460621207952501
63,3300.0,2.861815929412842,8.71466064453125,2.4741785526275635
64,3400.0,2.861815929412842,8.71466064453125,2.4741785526275635
65,3500.0,7.7048888206481925,9.166903495788574,0.4378865361213684
66,3600.0,7.7048888206481925,9.166903495788574,0.4378865361213684
67,3700.0,3.1968109607696533,7.695317268371582,0.8590233325958252
68,3800.0,3.1968109607696533,7.695317268371582,0.8590233325958252
69,3900.0,4.570291519165039,9.4660062789917,1.868794322013855
70,4000.0,4.570291519165039,9.4660062789917,1.868794322013855
71,4100.0,4.570291519165039,9.4660062789917,1.868794322013855
72,4200.0,2.761317014694214,7.850851535797119,5.168497085571289
73,4300.0,2.761317014694214,7.850851535797119,5.168497085571289
74,4400.0,3.531806230545044,7.104290962219237,6.003591537475586
75,4500.0,3.531806230545044,7.104290962219237,6.003591537475586
76,4600.0,2.900100946426392,7.7694945335388175,5.046462535858153
77,4700.0,2.900100946426392,7.7694945335388175,5.046462535858153
78,4800.0,2.900100946426392,7.7694945335388175,5.046462535858153
79,4900.0,3.919443368911743,8.752944946289062,5.410171985626222
80,5000.0,3.919443368911743,8.752944946289062,5.410171985626222
81,5100.0,1.4356936216354368,5.364708423614502,6.558726787567139
82,5200.0,1.4356936216354368,5.364708423614502,6.558726787567139
83,5300.0,2.6608188152313232,4.620540142059326,6.98704195022583
84,5400.0,2.6608188152313232,4.620540142059326,6.98704195022583
85,5500.0,2.6608188152313232,4.620540142059326,6.98704195022583
86,5600.0,5.292923927307129,7.077969074249268,6.719045639038086
87,5700.0,5.292923927307129,7.077969074249268,6.719045639038086
88,5800.0,11.351551055908205,7.676175117492676,15.981661796569824
89,5900.0,11.351551055908205,7.676175117492676,15.981661796569824
90,4500.0,3.531806230545044,7.104290962219237,6.003591537475586
91,4600.0,2.900100946426392,7.7694945335388175,5.046462535858153
92,4700.0,2.900100946426392,7.7694945335388175,5.046462535858153
93,4800.0,2.900100946426392,7.7694945335388175,5.046462535858153
94,4900.0,3.919443368911743,8.752944946289062,5.410171985626222
95,5000.0,3.919443368911743,8.752944946289062,5.410171985626222
96,5100.0,1.4356936216354368,5.364708423614502,6.558726787567139
97,5200.0,1.4356936216354368,5.364708423614502,6.558726787567139
98,5300.0,2.6608188152313232,4.620540142059326,6.98704195022583
99,5400.0,2.6608188152313232,4.620540142059326,6.98704195022583
100,5500.0,2.6608188152313232,4.620540142059326,6.98704195022583
101,5600.0,5.292923927307129,7.077969074249268,6.719045639038086
102,5700.0,5.292923927307129,7.077969074249268,6.719045639038086
103,5800.0,11.351551055908205,7.676175117492676,15.981661796569824
104,5900.0,11.351551055908205,7.676175117492676,15.981661796569824
105,6000.0,-5.139782905578613,5.477170467376709,3.5054850578308105
106,6100.0,-5.139782905578613,5.477170467376709,3.5054850578308105
107,6200.0,-5.139782905578613,5.477170467376709,3.5054850578308105
108,6300.0,3.684947013854981,8.884550094604492,8.499305725097656
109,6400.0,3.684947013854981,8.884550094604492,8.499305725097656
110,6500.0,1.2299107313156128,7.956134796142577,7.905886173248291
111,6600.0,1.2299107313156128,7.956134796142577,7.905886173248291
112,6700.0,1.4213367700576782,9.475577354431152,8.695517539978027
113,6800.0,1.4213367700576782,9.475577354431152,8.695517539978027
114,6900.0,1.4213367700576782,9.475577354431152,8.695517539978027
115,7000.0,4.374079704284668,6.604190349578857,4.728217601776123
116,7100.0,4.374079704284668,6.604190349578857,4.728217601776123
117,7200.0,5.781059265136719,6.939186096191406,7.534998416900635
118,7300.0,5.781059265136719,6.939186096191406,7.534998416900635
119,7400.0,-2.517249345779419,4.579862117767334,0.5072783827781677
120,6000.0,-5.139782905578613,5.477170467376709,3.5054850578308105
121,6100.0,-5.139782905578613,5.477170467376709,3.5054850578308105
122,6200.0,-5.139782905578613,5.477170467376709,3.5054850578308105
123,6300.0,3.684947013854981,8.884550094604492,8.499305725097656
124,6400.0,3.684947013854981,8.884550094604492,8.499305725097656
125,6500.0,1.2299107313156128,7.956134796142577,7.905886173248291
126,6600.0,1.2299107313156128,7.956134796142577,7.905886173248291
127,6700.0,1.4213367700576782,9.475577354431152,8.695517539978027
128,6800.0,1.4213367700576782,9.475577354431152,8.695517539978027
129,6900.0,1.4213367700576782,9.475577354431152,8.695517539978027
130,7000.0,4.374079704284668,6.604190349578857,4.728217601776123
131,7100.0,4.374079704284668,6.604190349578857,4.728217601776123
132,7200.0,5.781059265136719,6.939186096191406,7.534998416900635
133,7300.0,5.781059265136719,6.939186096191406,7.534998416900635
134,7400.0,-2.517249345779419,4.579862117767334,0.5072783827781677
135,7500.0,-2.517249345779419,4.579862117767334,0.5072783827781677
136,7600.0,-2.517249345779419,4.579862117767334,0.5072783827781677
137,7700.0,12.021540641784668,2.785245418548584,-1.1509476900100708
138,7800.0,12.021540641784668,2.785245418548584,-1.1509476900100708
139,7900.0,2.3736801147460938,6.448657035827638,0.7465606331825256
140,8000.0,2.3736801147460938,6.448657035827638,0.7465606331825256
141,8100.0,4.354937553405762,9.521041870117188,4.065405368804932
142,8200.0,4.354937553405762,9.521041870117188,4.065405368804932
143,8300.0,4.354937553405762,9.521041870117188,4.065405368804932
144,8400.0,11.657832145690918,9.87278652191162,8.693124771118164
145,8500.0,11.657832145690918,9.87278652191162,8.693124771118164
146,8600.0,9.370293617248537,7.29093074798584,8.080562591552733
147,8700.0,9.370293617248537,7.29093074798584,8.080562591552733
148,8800.0,-5.5896339416503915,5.027320384979248,0.4618147313594818
149,8900.0,-5.5896339416503915,5.027320384979248,0.4618147313594818
150,7500.0,-2.517249345779419,4.579862117767334,0.5072783827781677
151,7600.0,-2.517249345779419,4.579862117767334,0.5072783827781677
152,7700.0,12.021540641784668,2.785245418548584,-1.1509476900100708
153,7800.0,12.021540641784668,2.785245418548584,-1.1509476900100708
154,7900.0,2.3736801147460938,6.448657035827638,0.7465606331825256
155,8000.0,2.3736801147460938,6.448657035827638,0.7465606331825256
156,8100.0,4.354937553405762,9.521041870117188,4.065405368804932
157,8200.0,4.354937553405762,9.521041870117188,4.065405368804932
158,8300.0,4.354937553405762,9.521041870117188,4.065405368804932
159,8400.0,11.657832145690918,9.87278652191162,8.693124771118164
160,8500.0,11.657832145690918,9.87278652191162,8.693124771118164
161,8600.0,9.370293617248537,7.29093074798584,8.080562591552733
162,8700.0,9.370293617248537,7.29093074798584,8.080562591552733
163,8800.0,-5.5896339416503915,5.027320384979248,0.4618147313594818
164,8900.0,-5.5896339416503915,5.027320384979248,0.4618147313594818
165,9000.0,6.580262184143066,9.66939640045166,8.159524917602539
166,9100.0,6.580262184143066,9.66939640045166,8.159524917602539
167,9200.0,10.767702102661133,9.753145217895508,7.668996810913086
168,9300.0,10.767702102661133,9.753145217895508,7.668996810913086
169,9400.0,10.767702102661133,9.753145217895508,7.668996810913086
170,9500.0,6.62333345413208,4.2376885414123535,6.494120597839356
171,9600.0,6.62333345413208,4.2376885414123535,6.494120597839356
172,9700.0,6.977471351623535,3.842873096466065,2.1535403728485107
173,9800.0,6.977471351623535,3.842873096466065,2.1535403728485107
174,9900.0,0.18185453116893768,3.933800458908081,-1.6893328428268433
175,10000.0,0.18185453116893768,3.933800458908081,-1.6893328428268433
176,10100.0,0.18185453116893768,3.933800458908081,-1.6893328428268433
177,10200.0,6.776473522186278,9.74835968017578,5.302494525909424
178,10300.0,6.776473522186278,9.74835968017578,5.302494525909424
179,10400.0,7.925028324127197,7.57806921005249,3.7567315101623535
180,9000.0,6.580262184143066,9.66939640045166,8.159524917602539
181,9100.0,6.580262184143066,9.66939640045166,8.159524917602539
182,9200.0,10.767702102661133,9.753145217895508,7.668996810913086
183,9300.0,10.767702102661133,9.753145217895508,7.668996810913086
184,9400.0,10.767702102661133,9.753145217895508,7.668996810913086
185,9500.0,6.62333345413208,4.2376885414123535,6.494120597839356
186,9600.0,6.62333345413208,4.2376885414123535,6.494120597839356
187,9700.0,6.977471351623535,3.842873096466065,2.1535403728485107
188,9800.0,6.977471351623535,3.842873096466065,2.1535403728485107
189,9900.0,0.18185453116893768,3.933800458908081,-1.6893328428268433
190,10000.0,0.18185453116893768,3.933800458908081,-1.6893328428268433
191,10100.0,0.18185453116893768,3.933800458908081,-1.6893328428268433
192,10200.0,6.776473522186278,9.74835968017578,5.302494525909424
193,10300.0,6.776473522186278,9.74835968017578,5.302494525909424
194,10400.0,7.925028324127197,7.57806921005249,3.7567315101623535
195,10500.0,7.925028324127197,7.57806921005249,3.7567315101623535
196,10600.0,12.562318801879885,5.338387489318848,10.169495582580566
197,10700.0,12.562318801879885,5.338387489318848,10.169495582580566
198,10800.0,-0.14835500717163086,14.57228946685791,7.7048888206481925
199,10900.0,-0.14835500717163086,14.57228946685791,7.7048888206481925
200,11000.0,-0.14835500717163086,14.57228946685791,7.7048888206481925
201,11100.0,6.20219612121582,5.860023021697997,4.697111129760742
202,11200.0,6.20219612121582,5.860023021697997,4.697111129760742
203,11300.0,8.551947593688965,6.716653347015381,3.742374420166016
204,11400.0,8.551947593688965,6.716653347015381,3.742374420166016
205,11500.0,8.551947593688965,6.716653347015381,3.742374420166016
206,11600.0,14.160724639892578,4.687539577484131,5.034498691558838
207,11700.0,14.160724639892578,4.687539577484131,5.034498691558838
208,11800.0,-2.3545374870300293,10.499706268310547,6.597012042999268
209,11900.0,-2.3545374870300293,10.499706268310547,6.597012042999268
210,10500.0,7.925028324127197,7.57806921005249,3.7567315101623535
211,10600.0,12.562318801879885,5.338387489318848,10.169495582580566
212,10700.0,12.562318801879885,5.338387489318848,10.169495582580566
213,10800.0,-0.14835500717163086,14.57228946685791,7.7048888206481925
214,10900.0,-0.14835500717163086,14.57228946685791,7.7048888206481925
215,11000.0,-0.14835500717163086,14.57228946685791,7.7048888206481925
216,11100.0,6.20219612121582,5.860023021697997,4.697111129760742
217,11200.0,6.20219612121582,5.860023021697997,4.697111129760742
218,11300.0,8.551947593688965,6.716653347015381,3.742374420166016
219,11400.0,8.551947593688965,6.716653347015381,3.742374420166016
220,11500.0,8.551947593688965,6.716653347015381,3.742374420166016
221,11600.0,14.160724639892578,4.687539577484131,5.034498691558838
222,11700.0,14.160724639892578,4.687539577484131,5.034498691558838
223,11800.0,-2.3545374870300293,10.499706268310547,6.597012042999268
224,11900.0,-2.3545374870300293,10.499706268310547,6.597012042999268
225,12000.0,2.9527432918548584,7.862814903259277,2.792424201965332
226,12100.0,2.9527432918548584,7.862814903259277,2.792424201965332
227,12200.0,8.025527954101562,9.93260669708252,6.5491557121276855
228,12300.0,8.025527954101562,9.93260669708252,6.5491557121276855
229,12400.0,15.199209213256836,5.718846321105957,3.594019651412964
230,12500.0,15.199209213256836,5.718846321105957,3.594019651412964
231,12600.0,15.199209213256836,5.718846321105957,3.594019651412964
232,12700.0,-2.258824586868286,7.788637638092041,3.919443368911743
233,12800.0,-2.258824586868286,7.788637638092041,3.919443368911743
234,12900.0,4.35972261428833,3.9146575927734375,-0.3900300860404968
235,13000.0,4.35972261428833,3.9146575927734375,-0.3900300860404968
236,13100.0,4.35972261428833,3.9146575927734375,-0.3900300860404968
237,13200.0,19.520647048950195,1.8855443000793457,0.5575276613235474
238,13300.0,19.520647048950195,1.8855443000793457,0.5575276613235474
239,13400.0,0.818345308303833,4.421936511993408,2.4023938179016118
240,12000.0,2.9527432918548584,7.862814903259277,2.792424201965332
241,12100.0,2.9527432918548584,7.862814903259277,2.792424201965332
242,12200.0,8.025527954101562,9.93260669708252,6.5491557121276855
243,12300.0,8.025527954101562,9.93260669708252,6.5491557121276855
244,12400.0,15.199209213256836,5.718846321105957,3.594019651412964
245,12500.0,15.199209213256836,5.718846321105957,3.594019651412964
246,12600.0,15.199209213256836,5.718846321105957,3.594019651412964
247,12700.0,-2.258824586868286,7.788637638092041,3.919443368911743
248,12800.0,-2.258824586868286,7.788637638092041,3.919443368911743
249,12900.0,4.35972261428833,3.9146575927734375,-0.3900300860404968
250,13000.0,4.35972261428833,3.9146575927734375,-0.3900300860404968
251,13100.0,4.35972261428833,3.9146575927734375,-0.3900300860404968
252,13200.0,19.520647048950195,1.8855443000793457,0.5575276613235474
253,13300.0,19.520647048950195,1.8855443000793457,0.5575276613235474
254,13400.0,0.818345308303833,4.421936511993408,2.4023938179016118
255,13500.0,0.818345308303833,4.421936511993408,2.4023938179016118
256,13600.0,2.9048867225646973,11.260623931884766,3.050848960876465
257,13700.0,2.9048867225646973,11.260623931884766,3.050848960876465
258,13800.0,19.27179336547852,8.269595146179201,4.077369689941406
259,13900.0,19.27179336547852,8.269595146179201,4.077369689941406
260,14000.0,19.27179336547852,8.269595146179201,4.077369689941406
261,14100.0,-6.57547664642334,5.419743537902832,-1.584048628807068
262,14200.0,-6.57547664642334,5.419743537902832,-1.584048628807068
263,14300.0,14.505290985107422,4.500899314880371,-0.3613162040710449
264,14400.0,14.505290985107422,4.500899314880371,-0.3613162040710449
265,14500.0,14.505290985107422,4.500899314880371,-0.3613162040710449
266,14600.0,14.95992660522461,9.789037704467773,0.8757730722427368
267,14700.0,14.95992660522461,9.789037704467773,0.8757730722427368
268,14800.0,-6.910471439361572,7.025327682495117,2.00518536567688
269,14900.0,-6.910471439361572,7.025327682495117,2.00518536567688
270,13500.0,0.818345308303833,4.421936511993408,2.4023938179016118
271,13600.0,2.9048867225646973,11.260623931884766,3.050848960876465
272,13700.0,2.9048867225646973,11.260623931884766,3.050848960876465
273,13800.0,19.27179336547852,8.269595146179201,4.077369689941406
274,13900.0,19.27179336547852,8.269595146179201,4.077369689941406
275,14000.0,19.27179336547852,8.269595146179201,4.077369689941406
276,14100.0,-6.57547664642334,5.419743537902832,-1.584048628807068
277,14200.0,-6.57547664642334,5.419743537902832,-1.584048628807068
278,14300.0,14.505290985107422,4.500899314880371,-0.3613162040710449
279,14400.0,14.505290985107422,4.500899314880371,-0.3613162040710449
280,14500.0,14.505290985107422,4.500899314880371,-0.3613162040710449
281,14600.0,14.95992660522461,9.789037704467773,0.8757730722427368
282,14700.0,14.95992660522461,9.789037704467773,0.8757730722427368
283,14800.0,-6.910471439361572,7.025327682495117,2.00518536567688
284,14900.0,-6.910471439361572,7.025327682495117,2.00518536567688
285,15000.0,2.1631116867065434,12.131609916687012,8.360522270202638
286,15100.0,2.1631116867065434,12.131609916687012,8.360522270202638
287,15200.0,17.577674865722653,9.260223388671877,7.901099681854247
288,15300.0,17.577674865722653,9.260223388671877,7.901099681854247
289,15400.0,17.577674865722653,9.260223388671877,7.901099681854247
290,15500.0,-6.350551128387451,6.20219612121582,2.124826431274414
291,15600.0,-6.350551128387451,6.20219612121582,2.124826431274414
292,15700.0,6.910471439361572,3.6323046684265137,4.965107440948486
293,15800.0,6.910471439361572,3.6323046684265137,4.965107440948486
294,15900.0,17.75952911376953,5.493920803070068,5.553741931915283
295,16000.0,17.75952911376953,5.493920803070068,5.553741931915283
296,16100.0,17.75952911376953,5.493920803070068,5.553741931915283
297,16200.0,-4.441079139709473,5.67338228225708,-0.8566305041313171
298,16300.0,-4.441079139709473,5.67338228225708,-0.8566305041313171
299,16400.0,6.001199245452881,6.8721866607666025,5.9126644134521475
300,15000.0,2.1631116867065434,12.131609916687012,8.360522270202638
301,15100.0,2.1631116867065434,12.131609916687012,8.360522270202638
302,15200.0,17.577674865722653,9.260223388671877,7.901099681854247
303,15300.0,17.577674865722653,9.260223388671877,7.901099681854247
304,15400.0,17.577674865722653,9.260223388671877,7.901099681854247
305,15500.0,-6.350551128387451,6.20219612121582,2.124826431274414
306,15600.0,-6.350551128387451,6.20219612121582,2.124826431274414
307,15700.0,6.910471439361572,3.6323046684265137,4.965107440948486
308,15800.0,6.910471439361572,3.6323046684265137,4.965107440948486
309,15900.0,17.75952911376953,5.493920803070068,5.553741931915283
310,16000.0,17.75952911376953,5.493920803070068,5.553741931915283
311,16100.0,17.75952911376953,5.493920803070068,5.553741931915283
312,16200.0,-4.441079139709473,5.67338228225708,-0.8566305041313171
313,16300.0,-4.441079139709473,5.67338228225708,-0.8566305041313171
314,16400.0,6.001199245452881,6.8721866607666025,5.9126644134521475
315,16500.0,6.001199245452881,6.8721866607666025,5.9126644134521475
316,16600.0,11.854043006896973,6.151947498321532,8.61176872253418
317,16700.0,11.854043006896973,6.151947498321532,8.61176872253418
318,16800.0,9.06879711151123,5.422136306762695,6.427121639251709
319,16900.0,9.06879711151123,5.422136306762695,6.427121639251709
320,17000.0,9.06879711151123,5.422136306762695,6.427121639251709
321,17100.0,-3.88594388961792,7.238288879394531,4.8023948669433585
322,17200.0,-3.88594388961792,7.238288879394531,4.8023948669433585
323,17300.0,10.954340934753418,6.996613025665282,8.58305549621582
324,17400.0,10.954340934753418,6.996613025665282,8.58305549621582
325,17500.0,7.374679565429687,5.9030938148498535,4.589433670043945
326,17600.0,7.374679565429687,5.9030938148498535,4.589433670043945
327,17700.0,7.374679565429687,5.9030938148498535,4.589433670043945
328,17800.0,0.4019941985607147,5.520241737365723,0.4761717021465302
329,17900.0,0.4019941985607147,5.520241737365723,0.4761717021465302
330,16500.0,6.001199245452881,6.8721866607666025,5.9126644134521475
331,16600.0,11.854043006896973,6.151947498321532,8.61176872253418
332,16700.0,11.854043006896973,6.151947498321532,8.61176872253418
333,16800.0,9.06879711151123,5.422136306762695,6.427121639251709
334,16900.0,9.06879711151123,5.422136306762695,6.427121639251709
335,17000.0,9.06879711151123,5.422136306762695,6.427121639251709
336,17100.0,-3.88594388961792,7.238288879394531,4.8023948669433585
337,17200.0,-3.88594388961792,7.238288879394531,4.8023948669433585
338,17300.0,10.954340934753418,6.996613025665282,8.58305549621582
339,17400.0,10.954340934753418,6.996613025665282,8.58305549621582
340,17500.0,7.374679565429687,5.9030938148498535,4.589433670043945
341,17600.0,7.374679565429687,5.9030938148498535,4.589433670043945
342,17700.0,7.374679565429687,5.9030938148498535,4.589433670043945
343,17800.0,0.4019941985607147,5.520241737365723,0.4761717021465302
344,17900.0,0.4019941985607147,5.520241737365723,0.4761717021465302
345,18000.0,8.140382766723633,3.8524444103240967,5.946164608001709
346,18100.0,8.140382766723633,3.8524444103240967,5.946164608001709
347,18200.0,14.404792785644533,3.4241292476654053,3.627518892288208
348,18300.0,14.404792785644533,3.4241292476654053,3.627518892288208
349,18400.0,14.404792785644533,3.4241292476654053,3.627518892288208
350,18500.0,-7.8867435455322275,5.307280540466309,8.501699447631836
351,18600.0,-7.8867435455322275,5.307280540466309,8.501699447631836
352,18700.0,11.83011531829834,7.152146816253662,4.8813581466674805
353,18800.0,11.83011531829834,7.152146816253662,4.8813581466674805
354,18900.0,6.087340831756593,9.755537986755373,7.111469268798827
355,19000.0,6.087340831756593,9.755537986755373,7.111469268798827
356,19100.0,6.087340831756593,9.755537986755373,7.111469268798827
357,19200.0,-2.1631116867065434,6.192624568939209,1.6151552200317385
358,19300.0,-2.1631116867065434,6.192624568939209,1.6151552200317385
359,19400.0,19.40579032897949,8.635696411132812,6.338587284088135
360,18000.0,8.140382766723633,3.8524444103240967,5.946164608001709
361,18100.0,8.140382766723633,3.8524444103240967,5.946164608001709
362,18200.0,14.404792785644533,3.4241292476654053,3.627518892288208
363,18300.0,14.404792785644533,3.4241292476654053,3.627518892288208
364,18400.0,14.404792785644533,3.4241292476654053,3.627518892288208
365,18500.0,-7.8867435455322275,5.307280540466309,8.501699447631836
366,18600.0,-7.8867435455322275,5.307280540466309,8.501699447631836
367,18700.0,11.83011531829834,7.152146816253662,4.8813581466674805
368,18800.0,11.83011531829834,7.152146816253662,4.8813581466674805
369,18900.0,6.087340831756593,9.755537986755373,7.111469268798827
370,19000.0,6.087340831756593,9.755537986755373,7.111469268798827
371,19100.0,6.087340831756593,9.755537986755373,7.111469268798827
372,19200.0,-2.1631116867065434,6.192624568939209,1.6151552200317385
373,19300.0,-2.1631116867065434,6.192624568939209,1.6151552200317385
374,19400.0,19.40579032897949,8.635696411132812,6.338587284088135
375,19500.0,19.40579032897949,8.635696411132812,6.338587284088135
376,19600.0,9.408578872680664,10.198209762573242,8.906085968017578
377,19700.0,9.408578872680664,10.198209762573242,8.906085968017578
378,19800.0,-2.9527432918548584,4.618147850036621,-4.3453660011291495
379,19900.0,-2.9527432918548584,4.618147850036621,-4.3453660011291495
380,20000.0,-2.9527432918548584,4.618147850036621,-4.3453660011291495
381,20100.0,8.102097511291504,8.72662353515625,2.610569477081299
382,20200.0,8.102097511291504,8.72662353515625,2.610569477081299
383,20300.0,18.922441482543945,2.565105676651001,8.185846328735353
384,20400.0,18.922441482543945,2.565105676651001,8.185846328735353
385,20500.0,-4.852644443511963,13.871192932128904,9.899106979370117
386,20600.0,-4.852644443511963,13.871192932128904,9.899106979370117
387,20700.0,-4.852644443511963,13.871192932128904,9.899106979370117
388,20800.0,3.76151704788208,12.765707969665527,6.288337707519531
389,20900.0,3.76151704788208,12.765707969665527,6.288337707519531
390,19500.0,19.40579032897949,8.635696411132812,6.338587284088135
391,19600.0,9.408578872680664,10.198209762573242,8.906085968017578
392,19700.0,9.408578872680664,10.198209762573242,8.906085968017578
393,19800.0,-2.9527432918548584,4.618147850036621,-4.3453660011291495
394,19900.0,-2.9527432918548584,4.618147850036621,-4.3453660011291495
395,20000.0,-2.9527432918548584,4.618147850036621,-4.3453660011291495
396,20100.0,8.102097511291504,8.72662353515625,2.610569477081299
397,20200.0,8.102097511291504,8.72662353515625,2.610569477081299
398,20300.0,18.922441482543945,2.565105676651001,8.185846328735353
399,20400.0,18.922441482543945,2.565105676651001,8.185846328735353
400,20500.0,-4.852644443511963,13.871192932128904,9.899106979370117
401,20600.0,-4.852644443511963,13.871192932128904,9.899106979370117
402,20700.0,-4.852644443511963,13.871192932128904,9.899106979370117
403,20800.0,3.76151704788208,12.765707969665527,6.288337707519531
404,20900.0,3.76151704788208,12.765707969665527,6.288337707519531
405,21000.0,26.22055053710937,15.184853553771973,9.710074424743652
406,21100.0,26.22055053710937,15.184853553771973,9.710074424743652
407,21200.0,-7.618747234344482,10.17906665802002,0.818345308303833
408,21300.0,-7.618747234344482,10.17906665802002,0.818345308303833
409,21400.0,-7.618747234344482,10.17906665802002,0.818345308303833
410,21500.0,10.782057762145996,8.102097511291504,3.029313325881958
411,21600.0,10.782057762145996,8.102097511291504,3.029313325881958
412,21700.0,13.198810577392578,6.118447780609131,2.8187451362609863
413,21800.0,13.198810577392578,6.118447780609131,2.8187451362609863
414,21900.0,-2.297109842300415,9.42772102355957,2.4047868251800537
415,22000.0,-2.297109842300415,9.42772102355957,2.4047868251800537
416,22100.0,-2.297109842300415,9.42772102355957,2.4047868251800537
417,22200.0,4.249652862548828,9.547362327575684,2.8402805328369136
418,22300.0,4.249652862548828,9.547362327575684,2.8402805328369136
419,22400.0,14.203795433044435,1.7324036359786987,1.196411371231079
420,21000.0,26.22055053710937,15.184853553771973,9.710074424743652
421,21100.0,26.22055053710937,15.184853553771973,9.710074424743652
422,21200.0,-7.618747234344482,10.17906665802002,0.818345308303833
423,21300.0,-7.618747234344482,10.17906665802002,0.818345308303833
424,21400.0,-7.618747234344482,10.17906665802002,0.818345308303833
425,21500.0,10.782057762145996,8.102097511291504,3.029313325881958
426,21600.0,10.782057762145996,8.102097511291504,3.029313325881958
427,21700.0,13.198810577392578,6.118447780609131,2.8187451362609863
428,21800.0,13.198810577392578,6.118447780609131,2.8187451362609863
429,21900.0,-2.297109842300415,9.42772102355957,2.4047868251800537
430,22000.0,-2.297109842300415,9.42772102355957,2.4047868251800537
431,22100.0,-2.297109842300415,9.42772102355957,2.4047868251800537
432,22200.0,4.249652862548828,9.547362327575684,2.8402805328369136
433,22300.0,4.249652862548828,9.547362327575684,2.8402805328369136
434,22400.0,14.203795433044435,1.7324036359786987,1.196411371231079
435,22500.0,14.203795433044435,1.7324036359786987,1.196411371231079
436,22600.0,-0.4402793645858765,8.930014610290527,7.058826446533202
437,22700.0,-0.4402793645858765,8.930014610290527,7.058826446533202
438,22800.0,-0.4402793645858765,8.930014610290527,7.058826446533202
439,22900.0,3.1202406883239746,5.429314613342285,5.07517671585083
440,23000.0,3.1202406883239746,5.429314613342285,5.07517671585083
441,23100.0,13.99801254272461,5.996413230895996,4.058227062225342
442,23200.0,13.99801254272461,5.996413230895996,4.058227062225342
443,23300.0,-0.36370906233787537,7.503891944885254,-0.6891329884529114
444,23400.0,-0.36370906233787537,7.503891944885254,-0.6891329884529114
445,23500.0,-0.36370906233787537,7.503891944885254,-0.6891329884529114
446,23600.0,5.154139995574951,11.361122131347654,5.422136306762695
447,23700.0,5.154139995574951,11.361122131347654,5.422136306762695
448,23800.0,7.657032012939452,6.171089172363281,4.792823314666748
449,23900.0,7.657032012939452,6.171089172363281,4.792823314666748
450,22500.0,14.203795433044435,1.7324036359786987,1.196411371231079
451,22600.0,-0.4402793645858765,8.930014610290527,7.058826446533202
452,22700.0,-0.4402793645858765,8.930014610290527,7.058826446533202
453,22800.0,-0.4402793645858765,8.930014610290527,7.058826446533202
454,22900.0,3.1202406883239746,5.429314613342285,5.07517671585083
455,23000.0,3.1202406883239746,5.429314613342285,5.07517671585083
456,23100.0,13.99801254272461,5.996413230895996,4.058227062225342
457,23200.0,13.99801254272461,5.996413230895996,4.058227062225342
458,23300.0,-0.36370906233787537,7.503891944885254,-0.6891329884529114
459,23400.0,-0.36370906233787537,7.503891944885254,-0.6891329884529114
460,23500.0,-0.36370906233787537,7.503891944885254,-0.6891329884529114
461,23600.0,5.154139995574951,11.361122131347654,5.422136306762695
462,23700.0,5.154139995574951,11.361122131347654,5.422136306762695
463,23800.0,7.657032012939452,6.171089172363281,4.792823314666748
464,23900.0,7.657032012939452,6.171089172363281,4.792823314666748
465,24000.0,9.98285675048828,-4.4578285217285165,-7.200003147125244
466,24100.0,9.98285675048828,-4.4578285217285165,-7.200003147125244
467,24200.0,9.98285675048828,-4.4578285217285165,-7.200003147125244
468,24300.0,7.446464061737059,10.782057762145996,7.015756130218506
469,24400.0,7.446464061737059,10.782057762145996,7.015756130218506
470,24500.0,2.0817556381225586,10.511670112609863,3.079562902450561
471,24600.0,2.0817556381225586,10.511670112609863,3.079562902450561
472,24700.0,17.47239112854004,1.0600204467773438,4.228117942810059
473,24800.0,17.47239112854004,1.0600204467773438,4.228117942810059
474,24900.0,17.47239112854004,1.0600204467773438,4.228117942810059
475,25000.0,13.84965705871582,8.382057189941406,5.647061824798584
476,25100.0,13.84965705871582,8.382057189941406,5.647061824798584
477,25200.0,-9.226724624633787,9.757929801940918,0.3828516006469727
478,25300.0,-9.226724624633787,9.757929801940918,0.3828516006469727
479,25400.0,20.559131622314453,10.61695384979248,9.81057357788086
480,24000.0,9.98285675048828,-4.4578285217285165,-7.200003147125244
481,24100.0,9.98285675048828,-4.4578285217285165,-7.200003147125244
482,24200.0,9.98285675048828,-4.4578285217285165,-7.200003147125244
483,24300.0,7.446464061737059,10.782057762145996,7.015756130218506
484,24400.0,7.446464061737059,10.782057762145996,7.015756130218506
485,24500.0,2.0817556381225586,10.511670112609863,3.079562902450561
486,24600.0,2.0817556381225586,10.511670112609863,3.079562902450561
487,24700.0,17.47239112854004,1.0600204467773438,4.228117942810059
488,24800.0,17.47239112854004,1.0600204467773438,4.228117942810059
489,24900.0,17.47239112854004,1.0600204467773438,4.228117942810059
490,25000.0,13.84965705871582,8.382057189941406,5.647061824798584
491,25100.0,13.84965705871582,8.382057189941406,5.647061824798584
492,25200.0,-9.226724624633787,9.757929801940918,0.3828516006469727
493,25300.0,-9.226724624633787,9.757929801940918,0.3828516006469727
494,25400.0,20.559131622314453,10.61695384979248,9.81057357788086
495,25500.0,20.559131622314453,10.61695384979248,9.81057357788086
496,25600.0,11.447263717651367,11.12662410736084,8.350951194763184
497,25700.0,11.447263717651367,11.12662410736084,8.350951194763184
498,25800.0,-4.871786594390869,1.0169496536254885,2.885744333267212
499,25900.0,-4.871786594390869,1.0169496536254885,2.885744333267212
500,26000.0,-4.871786594390869,1.0169496536254885,2.885744333267212
501,26100.0,5.8097734451293945,9.047262191772461,4.967499732971191
502,26200.0,5.8097734451293945,9.047262191772461,4.967499732971191
503,26300.0,14.390435218811035,2.1822540760040283,5.886343479156494
504,26400.0,14.390435218811035,2.1822540760040283,5.886343479156494
505,26500.0,1.2490534782409668,8.334200859069824,3.785445213317871
506,26600.0,1.2490534782409668,8.334200859069824,3.785445213317871
507,26700.0,1.2490534782409668,8.334200859069824,3.785445213317871
508,26800.0,2.3497519493103027,9.446864128112793,1.244267821311951
509,26900.0,2.3497519493103027,9.446864128112793,1.244267821311951
510,25500.0,20.559131622314453,10.61695384979248,9.81057357788086
511,25600.0,11.447263717651367,11.12662410736084,8.350951194763184
512,25700.0,11.447263717651367,11.12662410736084,8.350951194763184
513,25800.0,-4.871786594390869,1.0169496536254885,2.885744333267212
514,25900.0,-4.871786594390869,1.0169496536254885,2.885744333267212
515,26000.0,-4.871786594390869,1.0169496536254885,2.885744333267212
516,26100.0,5.8097734451293945,9.047262191772461,4.967499732971191
517,26200.0,5.8097734451293945,9.047262191772461,4.967499732971191
518,26300.0,14.390435218811035,2.1822540760040283,5.886343479156494
519,26400.0,14.390435218811035,2.1822540760040283,5.886343479156494
520,26500.0,1.2490534782409668,8.334200859069824,3.785445213317871
521,26600.0,1.2490534782409668,8.334200859069824,3.785445213317871
522,26700.0,1.2490534782409668,8.334200859069824,3.785445213317871
523,26800.0,2.3497519493103027,9.446864128112793,1.244267821311951
524,26900.0,2.3497519493103027,9.446864128112793,1.244267821311951
525,27000.0,8.695517539978027,6.465407371520996,5.72841739654541
526,27100.0,8.695517539978027,6.465407371520996,5.72841739654541
527,27200.0,9.174081802368164,6.38165807723999,1.7922240495681765
528,27300.0,9.174081802368164,6.38165807723999,1.7922240495681765
529,27400.0,12.323036193847654,8.592625617980957,1.4093725681304932
530,27500.0,12.323036193847654,8.592625617980957,1.4093725681304932
531,27600.0,3.6370904445648193,10.456634521484377,3.3236305713653564
532,27700.0,3.6370904445648193,10.456634521484377,3.3236305713653564
533,27800.0,0.9140582084655762,4.02472734451294,-1.7443678379058838
534,27900.0,0.9140582084655762,4.02472734451294,-1.7443678379058838
535,28000.0,6.8482584953308105,11.559725761413574,7.908278465270996
536,28100.0,6.8482584953308105,11.559725761413574,7.908278465270996
537,28200.0,6.8482584953308105,11.559725761413574,7.908278465270996
538,28300.0,5.3551368713378915,6.4462642669677725,5.441278457641602
539,28400.0,5.3551368713378915,6.4462642669677725,5.441278457641602
540,27000.0,8.695517539978027,6.465407371520996,5.72841739654541
541,27100.0,8.695517539978027,6.465407371520996,5.72841739654541
542,27200.0,9.174081802368164,6.38165807723999,1.7922240495681765
543,27300.0,9.174081802368164,6.38165807723999,1.7922240495681765
544,27400.0,12.323036193847654,8.592625617980957,1.4093725681304932
545,27500.0,12.323036193847654,8.592625617980957,1.4093725681304932
546,27600.0,3.6370904445648193,10.456634521484377,3.3236305713653564
547,27700.0,3.6370904445648193,10.456634521484377,3.3236305713653564
548,27800.0,0.9140582084655762,4.02472734451294,-1.7443678379058838
549,27900.0,0.9140582084655762,4.02472734451294,-1.7443678379058838
550,28000.0,6.8482584953308105,11.559725761413574,7.908278465270996
551,28100.0,6.8482584953308105,11.559725761413574,7.908278465270996
552,28200.0,6.8482584953308105,11.559725761413574,7.908278465270996
553,28300.0,5.3551368713378915,6.4462642669677725,5.441278457641602
554,28400.0,5.3551368713378915,6.4462642669677725,5.441278457641602
555,28500.0,15.979269027709961,1.7922240495681765,-1.241874933242798
556,28600.0,15.979269027709961,1.7922240495681765,-1.241874933242798
557,28700.0,15.979269027709961,1.7922240495681765,-1.241874933242798
558,28800.0,2.2205395698547363,12.75613784790039,8.307880401611326
559,28900.0,2.2205395698547363,12.75613784790039,8.307880401611326
560,29000.0,0.6795615553855896,4.218546390533446,5.659025192260742
561,29100.0,0.6795615553855896,4.218546390533446,5.659025192260742
562,29200.0,17.898313522338867,4.326223373413087,5.819344997406006
563,29300.0,17.898313522338867,4.326223373413087,5.819344997406006
564,29400.0,10.63848876953125,6.69990348815918,3.058027505874634
565,29500.0,10.63848876953125,6.69990348815918,3.058027505874634
566,29600.0,-2.6703903675079346,2.538784980773926,0.1459621787071228
567,29700.0,-2.6703903675079346,2.538784980773926,0.1459621787071228
568,29800.0,-2.6703903675079346,2.538784980773926,0.1459621787071228
569,29900.0,4.3932223320007315,12.437891960144045,5.079962730407715
570,28500.0,15.979269027709961,1.7922240495681765,-1.241874933242798
571,28600.0,15.979269027709961,1.7922240495681765,-1.241874933242798
572,28700.0,15.979269027709961,1.7922240495681765,-1.241874933242798
573,28800.0,2.2205395698547363,12.75613784790039,8.307880401611326
574,28900.0,2.2205395698547363,12.75613784790039,8.307880401611326
575,29000.0,0.6795615553855896,4.218546390533446,5.659025192260742
576,29100.0,0.6795615553855896,4.218546390533446,5.659025192260742
577,29200.0,17.898313522338867,4.326223373413087,5.819344997406006
578,29300.0,17.898313522338867,4.326223373413087,5.819344997406006
579,29400.0,10.63848876953125,6.69990348815918,3.058027505874634
580,29500.0,10.63848876953125,6.69990348815918,3.058027505874634
581,29600.0,-2.6703903675079346,2.538784980773926,0.1459621787071228
582,29700.0,-2.6703903675079346,2.538784980773926,0.1459621787071228
583,29800.0,-2.6703903675079346,2.538784980773926,0.1459621787071228
584,29900.0,4.3932223320007315,12.437891960144045,5.079962730407715
585,30000.0,4.3932223320007315,12.437891960144045,5.079962730407715
586,30100.0,12.954741477966307,8.310273170471191,5.065605640411377
587,30200.0,12.954741477966307,8.310273170471191,5.065605640411377
588,30300.0,12.954741477966307,8.310273170471191,5.065605640411377
589,30400.0,14.5675048828125,0.8255237936973572,-2.234896183013916
590,30500.0,14.5675048828125,0.8255237936973572,-2.234896183013916
591,30600.0,8.82951545715332,5.170889854431152,-2.483749866485596
592,30700.0,8.82951545715332,5.170889854431152,-2.483749866485596
593,30800.0,5.37906551361084,2.445464611053467,-1.5936198234558103
594,30900.0,5.37906551361084,2.445464611053467,-1.5936198234558103
595,31000.0,11.365907669067385,10.262815475463867,5.0871405601501465
596,31100.0,11.365907669067385,10.262815475463867,5.0871405601501465
597,31200.0,11.696117401123047,1.1820544004440308,1.5768700838088991
598,31300.0,11.696117401123047,1.1820544004440308,1.5768700838088991
599,31400.0,11.696117401123047,1.1820544004440308,1.5768700838088991
600,30000.0,4.3932223320007315,12.437891960144045,5.079962730407715
601,30100.0,12.954741477966307,8.310273170471191,5.065605640411377
602,30200.0,12.954741477966307,8.310273170471191,5.065605640411377
603,30300.0,12.954741477966307,8.310273170471191,5.065605640411377
604,30400.0,14.5675048828125,0.8255237936973572,-2.234896183013916
605,30500.0,14.5675048828125,0.8255237936973572,-2.234896183013916
606,30600.0,8.82951545715332,5.170889854431152,-2.483749866485596
607,30700.0,8.82951545715332,5.170889854431152,-2.483749866485596
608,30800.0,5.37906551361084,2.445464611053467,-1.5936198234558103
609,30900.0,5.37906551361084,2.445464611053467,-1.5936198234558103
610,31000.0,11.365907669067385,10.262815475463867,5.0871405601501465
611,31100.0,11.365907669067385,10.262815475463867,5.0871405601501465
612,31200.0,11.696117401123047,1.1820544004440308,1.5768700838088991
613,31300.0,11.696117401123047,1.1820544004440308,1.5768700838088991
614,31400.0,11.696117401123047,1.1820544004440308,1.5768700838088991
615,31500.0,10.021141052246094,1.6175479888916016,-0.011964112520217896
616,31600.0,10.021141052246094,1.6175479888916016,-0.011964112520217896
617,31700.0,2.1535403728485107,12.729815483093262,-5.8337016105651855
618,31800.0,2.1535403728485107,12.729815483093262,-5.8337016105651855
619,31900.0,7.068397998809815,8.685946464538574,-0.9332008361816406
620,32000.0,7.068397998809815,8.685946464538574,-0.9332008361816406
621,32100.0,7.068397998809815,8.685946464538574,-0.9332008361816406
622,32200.0,13.351950645446776,-3.445664882659912,-1.4524433612823486
623,32300.0,13.351950645446776,-3.445664882659912,-1.4524433612823486
624,32400.0,12.131609916687012,2.234896183013916,0.15074782073497772
625,32500.0,12.131609916687012,2.234896183013916,0.15074782073497772
626,32600.0,10.045069694519043,3.936193227767944,-0.4354937374591827
627,32700.0,10.045069694519043,3.936193227767944,-0.4354937374591827
628,32800.0,10.045069694519043,3.936193227767944,-0.4354937374591827
629,32900.0,9.485149383544922,9.78664493560791,-3.1585259437561035
630,31500.0,10.021141052246094,1.6175479888916016,-0.011964112520217896
631,31600.0,10.021141052246094,1.6175479888916016,-0.011964112520217896
632,31700.0,2.1535403728485107,12.729815483093262,-5.8337016105651855
633,31800.0,2.1535403728485107,12.729815483093262,-5.8337016105651855
634,31900.0,7.068397998809815,8.685946464538574,-0.9332008361816406
635,32000.0,7.068397998809815,8.685946464538574,-0.9332008361816406
636,32100.0,7.068397998809815,8.685946464538574,-0.9332008361816406
637,32200.0,13.351950645446776,-3.445664882659912,-1.4524433612823486
638,32300.0,13.351950645446776,-3.445664882659912,-1.4524433612823486
639,32400.0,12.131609916687012,2.234896183013916,0.15074782073497772
640,32500.0,12.131609916687012,2.234896183013916,0.15074782073497772
641,32600.0,10.045069694519043,3.936193227767944,-0.4354937374591827
642,32700.0,10.045069694519043,3.936193227767944,-0.4354937374591827
643,32800.0,10.045069694519043,3.936193227767944,-0.4354937374591827
644,32900.0,9.485149383544922,9.78664493560791,-3.1585259437561035
645,33000.0,9.485149383544922,9.78664493560791,-3.1585259437561035
646,33100.0,9.260223388671877,6.058626651763916,-0.17228324711322784
647,33200.0,9.260223388671877,6.058626651763916,-0.17228324711322784
648,33300.0,12.337392807006836,5.032106399536133,3.294916868209839
649,33400.0,12.337392807006836,5.032106399536133,3.294916868209839
650,33500.0,12.337392807006836,5.032106399536133,3.294916868209839
651,33600.0,12.284751892089846,2.321038007736206,0.969093143939972
652,33700.0,12.284751892089846,2.321038007736206,0.969093143939972
653,33800.0,11.968899726867676,-4.642076015472412,-1.9525433778762815
654,33900.0,11.968899726867676,-4.642076015472412,-1.9525433778762815
655,34000.0,9.360722541809082,7.573283672332764,-0.1339980661869049
656,34100.0,9.360722541809082,7.573283672332764,-0.1339980661869049
657,34200.0,6.498906135559082,2.1942183971405034,-5.388636112213135
658,34300.0,6.498906135559082,2.1942183971405034,-5.388636112213135
659,34400.0,11.739187240600586,2.8809585571289062,0.03589234128594398
660,33000.0,9.485149383544922,9.78664493560791,-3.1585259437561035
661,33100.0,9.260223388671877,6.058626651763916,-0.17228324711322784
662,33200.0,9.260223388671877,6.058626651763916,-0.17228324711322784
663,33300.0,12.337392807006836,5.032106399536133,3.294916868209839
664,33400.0,12.337392807006836,5.032106399536133,3.294916868209839
665,33500.0,12.337392807006836,5.032106399536133,3.294916868209839
666,33600.0,12.284751892089846,2.321038007736206,0.969093143939972
667,33700.0,12.284751892089846,2.321038007736206,0.969093143939972
668,33800.0,11.968899726867676,-4.642076015472412,-1.9525433778762815
669,33900.0,11.968899726867676,-4.642076015472412,-1.9525433778762815
670,34000.0,9.360722541809082,7.573283672332764,-0.1339980661869049
671,34100.0,9.360722541809082,7.573283672332764,-0.1339980661869049
672,34200.0,6.498906135559082,2.1942183971405034,-5.388636112213135
673,34300.0,6.498906135559082,2.1942183971405034,-5.388636112213135
674,34400.0,11.739187240600586,2.8809585571289062,0.03589234128594398
675,34500.0,11.739187240600586,2.8809585571289062,0.03589234128594398
676,34600.0,11.739187240600586,2.8809585571289062,0.03589234128594398
677,34700.0,10.447062492370604,1.6486548185348509,1.3351951837539673
678,34800.0,10.447062492370604,1.6486548185348509,1.3351951837539673
679,34900.0,10.805987358093262,2.062613010406494,-0.3278167247772217
680,35000.0,10.805987358093262,2.062613010406494,-0.3278167247772217
681,35100.0,10.805987358093262,2.062613010406494,-0.3278167247772217
682,35200.0,9.791430473327637,5.745166778564452,3.4672000408172607
683,35300.0,9.791430473327637,5.745166778564452,3.4672000408172607
684,35400.0,8.877371788024902,11.598011016845705,-4.194617748260498
685,35500.0,8.877371788024902,11.598011016845705,-4.194617748260498
686,35600.0,9.054441452026367,3.744767427444458,2.25403904914856
687,35700.0,9.054441452026367,3.744767427444458,2.25403904914856
688,35800.0,9.054441452026367,3.744767427444458,2.25403904914856
689,35900.0,12.53839111328125,-1.129412293434143,-1.9573287963867188
690,34500.0,11.739187240600586,2.8809585571289062,0.03589234128594398
691,34600.0,11.739187240600586,2.8809585571289062,0.03589234128594398
692,34700.0,10.447062492370604,1.6486548185348509,1.3351951837539673
693,34800.0,10.447062492370604,1.6486548185348509,1.3351951837539673
694,34900.0,10.805987358093262,2.062613010406494,-0.3278167247772217
695,35000.0,10.805987358093262,2.062613010406494,-0.3278167247772217
696,35100.0,10.805987358093262,2.062613010406494,-0.3278167247772217
697,35200.0,9.791430473327637,5.745166778564452,3.4672000408172607
698,35300.0,9.791430473327637,5.745166778564452,3.4672000408172607
699,35400.0,8.877371788024902,11.598011016845705,-4.194617748260498
700,35500.0,8.877371788024902,11.598011016845705,-4.194617748260498
701,35600.0,9.054441452026367,3.744767427444458,2.25403904914856
702,35700.0,9.054441452026367,3.744767427444458,2.25403904914856
703,35800.0,9.054441452026367,3.744767427444458,2.25403904914856
704,35900.0,12.53839111328125,-1.129412293434143,-1.9573287963867188
705,36000.0,12.53839111328125,-1.129412293434143,-1.9573287963867188
706,36100.0,6.120840072631836,7.853243827819824,-2.9048867225646973
707,36200.0,6.120840072631836,7.853243827819824,-2.9048867225646973
708,36300.0,5.656632423400879,10.001997947692873,5.017749309539795
709,36400.0,5.656632423400879,10.001997947692873,5.017749309539795
710,36500.0,5.824130058288574,8.757731437683105,3.053241729736328
711,36600.0,5.824130058288574,8.757731437683105,3.053241729736328
712,36700.0,5.824130058288574,8.757731437683105,3.053241729736328
713,36800.0,-0.4019941985607147,7.752745151519775,5.438885688781738
714,36900.0,-0.4019941985607147,7.752745151519775,5.438885688781738
715,37000.0,-0.7513462901115417,11.78465175628662,6.97986364364624
716,37100.0,-0.7513462901115417,11.78465175628662,6.97986364364624
717,37200.0,4.149154186248778,9.647860527038574,12.983454704284668
718,37300.0,4.149154186248778,9.647860527038574,12.983454704284668
719,37400.0,4.149154186248778,9.647860527038574,12.983454704284668
720,36000.0,12.53839111328125,-1.129412293434143,-1.9573287963867188
721,36100.0,6.120840072631836,7.853243827819824,-2.9048867225646973
722,36200.0,6.120840072631836,7.853243827819824,-2.9048867225646973
723,36300.0,5.656632423400879,10.001997947692873,5.017749309539795
724,36400.0,5.656632423400879,10.001997947692873,5.017749309539795
725,36500.0,5.824130058288574,8.757731437683105,3.053241729736328
726,36600.0,5.824130058288574,8.757731437683105,3.053241729736328
727,36700.0,5.824130058288574,8.757731437683105,3.053241729736328
728,36800.0,-0.4019941985607147,7.752745151519775,5.438885688781738
729,36900.0,-0.4019941985607147,7.752745151519775,5.438885688781738
730,37000.0,-0.7513462901115417,11.78465175628662,6.97986364364624
731,37100.0,-0.7513462901115417,11.78465175628662,6.97986364364624
732,37200.0,4.149154186248778,9.647860527038574,12.983454704284668
733,37300.0,4.149154186248778,9.647860527038574,12.983454704284668
734,37400.0,4.149154186248778,9.647860527038574,12.983454704284668
735,37500.0,6.388835906982423,4.730610370635986,7.393822193145753
736,37600.0,6.388835906982423,4.730610370635986,7.393822193145753
737,37700.0,17.314464569091793,2.557927370071411,2.746960401535034
738,37800.0,17.314464569091793,2.557927370071411,2.746960401535034
739,37900.0,2.775674343109131,7.6115684509277335,11.703295707702635
740,38000.0,2.775674343109131,7.6115684509277335,11.703295707702635
741,38100.0,-2.589033842086792,4.603790760040283,7.58524751663208
742,38200.0,-2.589033842086792,4.603790760040283,7.58524751663208
743,38300.0,-2.589033842086792,4.603790760040283,7.58524751663208
744,38400.0,10.892127990722656,4.242474555969238,4.512863159179688
745,38500.0,10.892127990722656,4.242474555969238,4.512863159179688
746,38600.0,10.48534870147705,4.429114818572998,5.26899528503418
747,38700.0,10.48534870147705,4.429114818572998,5.26899528503418
748,38800.0,10.48534870147705,4.429114818572998,5.26899528503418
749,38900.0,10.566704750061037,4.689932346343994,10.829915046691896
750,37500.0,6.388835906982423,4.730610370635986,7.393822193145753
751,37600.0,6.388835906982423,4.730610370635986,7.393822193145753
752,37700.0,17.314464569091793,2.557927370071411,2.746960401535034
753,37800.0,17.314464569091793,2.557927370071411,2.746960401535034
754,37900.0,2.775674343109131,7.6115684509277335,11.703295707702635
755,38000.0,2.775674343109131,7.6115684509277335,11.703295707702635
756,38100.0,-2.589033842086792,4.603790760040283,7.58524751663208
757,38200.0,-2.589033842086792,4.603790760040283,7.58524751663208
758,38300.0,-2.589033842086792,4.603790760040283,7.58524751663208
759,38400.0,10.892127990722656,4.242474555969238,4.512863159179688
760,38500.0,10.892127990722656,4.242474555969238,4.512863159179688
761,38600.0,10.48534870147705,4.429114818572998,5.26899528503418
762,38700.0,10.48534870147705,4.429114818572998,5.26899528503418
763,38800.0,10.48534870147705,4.429114818572998,5.26899528503418
764,38900.0,10.566704750061037,4.689932346343994,10.829915046691896
765,39000.0,10.566704750061037,4.689932346343994,10.829915046691896
766,39100.0,-2.148754596710205,3.6753754615783687,6.618547439575195
767,39200.0,-2.148754596710205,3.6753754615783687,6.618547439575195
768,39300.0,-2.148754596710205,3.6753754615783687,6.618547439575195
769,39400.0,-2.6464619636535645,9.80100154876709,6.577868938446045
770,39500.0,-2.6464619636535645,9.80100154876709,6.577868938446045
771,39600.0,16.783258438110348,0.6460621356964111,0.22013968229293826
772,39700.0,16.783258438110348,0.6460621356964111,0.22013968229293826
773,39800.0,0.7178468108177185,7.613961696624756,10.954340934753418
774,39900.0,0.7178468108177185,7.613961696624756,10.954340934753418
775,40000.0,0.7178468108177185,7.613961696624756,10.954340934753418
776,40100.0,4.163511276245116,4.223331928253174,4.326223373413087
777,40200.0,4.163511276245116,4.223331928253174,4.326223373413087
778,40300.0,20.17149353027344,-0.38045880198478704,-1.5936198234558103
779,40400.0,20.17149353027344,-0.38045880198478704,-1.5936198234558103
780,39000.0,10.566704750061037,4.689932346343994,10.829915046691896
781,39100.0,-2.148754596710205,3.6753754615783687,6.618547439575195
782,39200.0,-2.148754596710205,3.6753754615783687,6.618547439575195
783,39300.0,-2.148754596710205,3.6753754615783687,6.618547439575195
784,39400.0,-2.6464619636535645,9.80100154876709,6.577868938446045
785,39500.0,-2.6464619636535645,9.80100154876709,6.577868938446045
786,39600.0,16.783258438110348,0.6460621356964111,0.22013968229293826
787,39700.0,16.783258438110348,0.6460621356964111,0.22013968229293826
788,39800.0,0.7178468108177185,7.613961696624756,10.954340934753418
789,39900.0,0.7178468108177185,7.613961696624756,10.954340934753418
790,40000.0,0.7178468108177185,7.613961696624756,10.954340934753418
791,40100.0,4.163511276245116,4.223331928253174,4.326223373413087
792,40200.0,4.163511276245116,4.223331928253174,4.326223373413087
793,40300.0,20.17149353027344,-0.38045880198478704,-1.5936198234558103
794,40400.0,20.17149353027344,-0.38045880198478704,-1.5936198234558103
795,40500.0,5.340780735015869,7.506284713745117,10.526025772094727
796,40600.0,5.340780735015869,7.506284713745117,10.526025772094727
797,40700.0,-0.0526420958340168,4.996213912963867,1.3471590280532837
798,40800.0,-0.0526420958340168,4.996213912963867,1.3471590280532837
799,40900.0,8.451449394226074,10.602598190307617,9.96371364593506
800,41000.0,8.451449394226074,10.602598190307617,9.96371364593506
801,41100.0,8.451449394226074,10.602598190307617,9.96371364593506
802,41200.0,20.075782775878906,0.4977070987224579,6.63769006729126
803,41300.0,20.075782775878906,0.4977070987224579,6.63769006729126
804,41400.0,-8.891729354858398,10.308279991149902,7.168896198272705
805,41500.0,-8.891729354858398,10.308279991149902,7.168896198272705
806,41600.0,1.430907964706421,2.2827527523040767,9.477970123291016
807,41700.0,1.430907964706421,2.2827527523040767,9.477970123291016
808,41800.0,1.430907964706421,2.2827527523040767,9.477970123291016
809,41900.0,12.021540641784668,-1.8113667964935305,4.012763977050781
810,40500.0,5.340780735015869,7.506284713745117,10.526025772094727
811,40600.0,5.340780735015869,7.506284713745117,10.526025772094727
812,40700.0,-0.0526420958340168,4.996213912963867,1.3471590280532837
813,40800.0,-0.0526420958340168,4.996213912963867,1.3471590280532837
814,40900.0,8.451449394226074,10.602598190307617,9.96371364593506
815,41000.0,8.451449394226074,10.602598190307617,9.96371364593506
816,41100.0,8.451449394226074,10.602598190307617,9.96371364593506
817,41200.0,20.075782775878906,0.4977070987224579,6.63769006729126
818,41300.0,20.075782775878906,0.4977070987224579,6.63769006729126
819,41400.0,-8.891729354858398,10.308279991149902,7.168896198272705
820,41500.0,-8.891729354858398,10.308279991149902,7.168896198272705
821,41600.0,1.430907964706421,2.2827527523040767,9.477970123291016
822,41700.0,1.430907964706421,2.2827527523040767,9.477970123291016
823,41800.0,1.430907964706421,2.2827527523040767,9.477970123291016
824,41900.0,12.021540641784668,-1.8113667964935305,4.012763977050781
825,42000.0,12.021540641784668,-1.8113667964935305,4.012763977050781
826,42100.0,18.233308792114254,0.4259224236011505,2.0458633899688716
827,42200.0,18.233308792114254,0.4259224236011505,2.0458633899688716
828,42300.0,0.8853443264961243,6.65204668045044,8.587841033935549
829,42400.0,0.8853443264961243,6.65204668045044,8.587841033935549
830,42500.0,0.4594219326972962,-0.4402793645858765,4.3453660011291495
831,42600.0,0.4594219326972962,-0.4402793645858765,4.3453660011291495
832,42700.0,0.4594219326972962,-0.4402793645858765,4.3453660011291495
833,42800.0,21.11426544189453,4.60857629776001,9.035298347473145
834,42900.0,21.11426544189453,4.60857629776001,9.035298347473145
835,43000.0,-2.565105676651001,8.178668022155763,10.518847465515137
836,43100.0,-2.565105676651001,8.178668022155763,10.518847465515137
837,43200.0,-0.7274181246757507,5.053641319274902,10.829915046691896
838,43300.0,-0.7274181246757507,5.053641319274902,10.829915046691896
839,43400.0,-0.7274181246757507,5.053641319274902,10.829915046691896
840,42000.0,12.021540641784668,-1.8113667964935305,4.012763977050781
841,42100.0,18.233308792114254,0.4259224236011505,2.0458633899688716
842,42200.0,18.233308792114254,0.4259224236011505,2.0458633899688716
843,42300.0,0.8853443264961243,6.65204668045044,8.587841033935549
844,42400.0,0.8853443264961243,6.65204668045044,8.587841033935549
845,42500.0,0.4594219326972962,-0.4402793645858765,4.3453660011291495
846,42600.0,0.4594219326972962,-0.4402793645858765,4.3453660011291495
847,42700.0,0.4594219326972962,-0.4402793645858765,4.3453660011291495
848,42800.0,21.11426544189453,4.60857629776001,9.035298347473145
849,42900.0,21.11426544189453,4.60857629776001,9.035298347473145
850,43000.0,-2.565105676651001,8.178668022155763,10.518847465515137
851,43100.0,-2.565105676651001,8.178668022155763,10.518847465515137
852,43200.0,-0.7274181246757507,5.053641319274902,10.829915046691896
853,43300.0,-0.7274181246757507,5.053641319274902,10.829915046691896
854,43400.0,-0.7274181246757507,5.053641319274902,10.829915046691896
855,43500.0,18.33380699157715,-0.2560320198535919,3.206382274627685
856,43600.0,18.33380699157715,-0.2560320198535919,3.206382274627685
857,43700.0,2.1583259105682373,8.178668022155763,8.152346611022951
858,43800.0,2.1583259105682373,8.178668022155763,8.152346611022951
859,43900.0,-4.25922441482544,2.9623143672943115,0.5431707501411438
860,44000.0,-4.25922441482544,2.9623143672943115,0.5431707501411438
861,44100.0,16.950754165649414,4.366901397705078,8.051848411560059
862,44200.0,16.950754165649414,4.366901397705078,8.051848411560059
863,44300.0,16.950754165649414,4.366901397705078,8.051848411560059
864,44400.0,14.45743465423584,3.962514162063599,6.757331371307372
865,44500.0,14.45743465423584,3.962514162063599,6.757331371307372
866,44600.0,-5.757131576538086,4.101297855377196,1.8664016723632808
867,44700.0,-5.757131576538086,4.101297855377196,1.8664016723632808
868,44800.0,-5.757131576538086,4.101297855377196,1.8664016723632808
869,44900.0,12.31346607208252,-0.21296121180057528,9.681360244750977
870,43500.0,18.33380699157715,-0.2560320198535919,3.206382274627685
871,43600.0,18.33380699157715,-0.2560320198535919,3.206382274627685
872,43700.0,2.1583259105682373,8.178668022155763,8.152346611022951
873,43800.0,2.1583259105682373,8.178668022155763,8.152346611022951
874,43900.0,-4.25922441482544,2.9623143672943115,0.5431707501411438
875,44000.0,-4.25922441482544,2.9623143672943115,0.5431707501411438
876,44100.0,16.950754165649414,4.366901397705078,8.051848411560059
877,44200.0,16.950754165649414,4.366901397705078,8.051848411560059
878,44300.0,16.950754165649414,4.366901397705078,8.051848411560059
879,44400.0,14.45743465423584,3.962514162063599,6.757331371307372
880,44500.0,14.45743465423584,3.962514162063599,6.757331371307372
881,44600.0,-5.757131576538086,4.101297855377196,1.8664016723632808
882,44700.0,-5.757131576538086,4.101297855377196,1.8664016723632808
883,44800.0,-5.757131576538086,4.101297855377196,1.8664016723632808
884,44900.0,12.31346607208252,-0.21296121180057528,9.681360244750977
885,45000.0,12.31346607208252,-0.21296121180057528,9.681360244750977
886,45100.0,16.084552764892578,2.543570280075073,3.084348201751709
887,45200.0,16.084552764892578,2.543570280075073,3.084348201751709
888,45300.0,4.847858428955078,6.374479293823242,10.403992652893066
889,45400.0,4.847858428955078,6.374479293823242,10.403992652893066
890,45500.0,1.2777673006057741,8.647661209106445,8.724230766296388
891,45600.0,1.2777673006057741,8.647661209106445,8.724230766296388
892,45700.0,1.2777673006057741,8.647661209106445,8.724230766296388
893,45800.0,16.24247932434082,1.3423734903335571,3.838087558746338
894,45900.0,16.24247932434082,1.3423734903335571,3.838087558746338
895,46000.0,5.474778175354004,2.462214469909668,2.6249265670776367
896,46100.0,5.474778175354004,2.462214469909668,2.6249265670776367
897,46200.0,16.065410614013672,0.6484549045562744,11.251051902770996
898,46300.0,16.065410614013672,0.6484549045562744,11.251051902770996
899,46400.0,2.9766712188720703,5.649453639984131,7.3363938331604
900,45000.0,12.31346607208252,-0.21296121180057528,9.681360244750977
901,45100.0,16.084552764892578,2.543570280075073,3.084348201751709
902,45200.0,16.084552764892578,2.543570280075073,3.084348201751709
903,45300.0,4.847858428955078,6.374479293823242,10.403992652893066
904,45400.0,4.847858428955078,6.374479293823242,10.403992652893066
905,45500.0,1.2777673006057741,8.647661209106445,8.724230766296388
906,45600.0,1.2777673006057741,8.647661209106445,8.724230766296388
907,45700.0,1.2777673006057741,8.647661209106445,8.724230766296388
908,45800.0,16.24247932434082,1.3423734903335571,3.838087558746338
909,45900.0,16.24247932434082,1.3423734903335571,3.838087558746338
910,46000.0,5.474778175354004,2.462214469909668,2.6249265670776367
911,46100.0,5.474778175354004,2.462214469909668,2.6249265670776367
912,46200.0,16.065410614013672,0.6484549045562744,11.251051902770996
913,46300.0,16.065410614013672,0.6484549045562744,11.251051902770996
914,46400.0,2.9766712188720703,5.649453639984131,7.3363938331604
915,46500.0,2.9766712188720703,5.649453639984131,7.3363938331604
916,46600.0,2.9766712188720703,5.649453639984131,7.3363938331604
917,46700.0,0.6747759580612183,1.5122638940811155,6.857830047607423
918,46800.0,0.6747759580612183,1.5122638940811155,6.857830047607423
919,46900.0,15.792630195617676,3.4049866199493413,1.871187210083008
920,47000.0,15.792630195617676,3.4049866199493413,1.871187210083008
921,47100.0,1.0145567655563354,9.31047248840332,5.723631858825684
922,47200.0,1.0145567655563354,9.31047248840332,5.723631858825684
923,47300.0,2.493321180343628,3.720839262008667,6.104090690612793
924,47400.0,2.493321180343628,3.720839262008667,6.104090690612793
925,47500.0,2.493321180343628,3.720839262008667,6.104090690612793
926,47600.0,8.566305160522461,6.034698486328125,6.589833736419678
927,47700.0,8.566305160522461,6.034698486328125,6.589833736419678
928,47800.0,12.461820602416992,3.390629768371582,4.890929222106934
929,47900.0,12.461820602416992,3.390629768371582,4.890929222106934
930,46500.0,2.9766712188720703,5.649453639984131,7.3363938331604
931,46600.0,2.9766712188720703,5.649453639984131,7.3363938331604
932,46700.0,0.6747759580612183,1.5122638940811155,6.857830047607423
933,46800.0,0.6747759580612183,1.5122638940811155,6.857830047607423
934,46900.0,15.792630195617676,3.4049866199493413,1.871187210083008
935,47000.0,15.792630195617676,3.4049866199493413,1.871187210083008
936,47100.0,1.0145567655563354,9.31047248840332,5.723631858825684
937,47200.0,1.0145567655563354,9.31047248840332,5.723631858825684
938,47300.0,2.493321180343628,3.720839262008667,6.104090690612793
939,47400.0,2.493321180343628,3.720839262008667,6.104090690612793
940,47500.0,2.493321180343628,3.720839262008667,6.104090690612793
941,47600.0,8.566305160522461,6.034698486328125,6.589833736419678
942,47700.0,8.566305160522461,6.034698486328125,6.589833736419678
943,47800.0,12.461820602416992,3.390629768371582,4.890929222106934
944,47900.0,12.461820602416992,3.390629768371582,4.890929222106934
945,48000.0,7.240681171417236,6.144768238067628,5.565705299377441
946,48100.0,7.240681171417236,6.144768238067628,5.565705299377441
947,48200.0,2.541177749633789,4.950750350952148,4.321437358856201
948,48300.0,2.541177749633789,4.950750350952148,4.321437358856201
949,48400.0,2.541177749633789,4.950750350952148,4.321437358856201
950,48500.0,5.790630340576173,2.8426735401153564,7.752745151519775
951,48600.0,5.790630340576173,2.8426735401153564,7.752745151519775
952,48700.0,7.341179370880128,3.230310440063477,6.266802310943604
953,48800.0,7.341179370880128,3.230310440063477,6.266802310943604
954,48900.0,5.9198431968688965,5.12303352355957,4.931607723236084
955,49000.0,5.9198431968688965,5.12303352355957,4.931607723236084
956,49100.0,7.082754611968994,4.2137603759765625,4.9914283752441415
957,49200.0,7.082754611968994,4.2137603759765625,4.9914283752441415
958,49300.0,7.082754611968994,4.2137603759765625,4.9914283752441415
959,49400.0,5.747560024261475,4.132404804229736,7.657032012939452
960,48000.0,7.240681171417236,6.144768238067628,5.565705299377441
961,48100.0,7.240681171417236,6.144768238067628,5.565705299377441
962,48200.0,2.541177749633789,4.950750350952148,4.321437358856201
963,48300.0,2.541177749633789,4.950750350952148,4.321437358856201
964,48400.0,2.541177749633789,4.950750350952148,4.321437358856201
965,48500.0,5.790630340576173,2.8426735401153564,7.752745151519775
966,48600.0,5.790630340576173,2.8426735401153564,7.752745151519775
967,48700.0,7.341179370880128,3.230310440063477,6.266802310943604
968,48800.0,7.341179370880128,3.230310440063477,6.266802310943604
969,48900.0,5.9198431968688965,5.12303352355957,4.931607723236084
970,49000.0,5.9198431968688965,5.12303352355957,4.931607723236084
971,49100.0,7.082754611968994,4.2137603759765625,4.9914283752441415
972,49200.0,7.082754611968994,4.2137603759765625,4.9914283752441415
973,49300.0,7.082754611968994,4.2137603759765625,4.9914283752441415
974,49400.0,5.747560024261475,4.132404804229736,7.657032012939452
975,49500.0,5.747560024261475,4.132404804229736,7.657032012939452
976,49600.0,5.781059265136719,4.960320949554443,6.503692150115968
977,49700.0,5.781059265136719,4.960320949554443,6.503692150115968
978,49800.0,3.359522819519043,6.539584159851074,5.965306758880615
979,49900.0,3.359522819519043,6.539584159851074,5.965306758880615
980,50000.0,3.359522819519043,6.539584159851074,5.965306758880615
981,50100.0,5.800201892852782,4.790431022644043,7.645068168640138
982,50200.0,5.800201892852782,4.790431022644043,7.645068168640138
983,50300.0,10.686346054077148,-0.27278175950050354,-5.034498691558838
984,50400.0,10.686346054077148,-0.27278175950050354,-5.034498691558838
985,50500.0,3.780659914016724,7.767102241516112,8.614161491394043
986,50600.0,3.780659914016724,7.767102241516112,8.614161491394043
987,50700.0,3.780659914016724,7.767102241516112,8.614161491394043
988,50800.0,-0.5551348924636841,4.9363932609558105,7.0444698333740225
989,50900.0,-0.5551348924636841,4.9363932609558105,7.0444698333740225
990,49500.0,5.747560024261475,4.132404804229736,7.657032012939452
991,49600.0,5.781059265136719,4.960320949554443,6.503692150115968
992,49700.0,5.781059265136719,4.960320949554443,6.503692150115968
993,49800.0,3.359522819519043,6.539584159851074,5.965306758880615
994,49900.0,3.359522819519043,6.539584159851074,5.965306758880615
995,50000.0,3.359522819519043,6.539584159851074,5.965306758880615
996,50100.0,5.800201892852782,4.790431022644043,7.645068168640138
997,50200.0,5.800201892852782,4.790431022644043,7.645068168640138
998,50300.0,10.686346054077148,-0.27278175950050354,-5.034498691558838
999,50400.0,10.686346054077148,-0.27278175950050354,-5.034498691558838
1000,50500.0,3.780659914016724,7.767102241516112,8.614161491394043
1001,50600.0,3.780659914016724,7.767102241516112,8.614161491394043
1002,50700.0,3.780659914016724,7.767102241516112,8.614161491394043
1003,50800.0,-0.5551348924636841,4.9363932609558105,7.0444698333740225
1004,50900.0,-0.5551348924636841,4.9363932609558105,7.0444698333740225
1005,51000.0,12.222538948059082,3.4959137439727783,7.386643409729004
1006,51100.0,12.222538948059082,3.4959137439727783,7.386643409729004
1007,51200.0,13.313664436340332,3.586841106414795,3.067598581314087
1008,51300.0,13.313664436340332,3.586841106414795,3.067598581314087
1009,51400.0,7.948956489562987,5.462814331054688,9.166903495788574
1010,51500.0,7.948956489562987,5.462814331054688,9.166903495788574
1011,51600.0,7.948956489562987,5.462814331054688,9.166903495788574
1012,51700.0,0.9427721500396729,6.7310099601745605,2.3234307765960693
1013,51800.0,0.9427721500396729,6.7310099601745605,2.3234307765960693
1014,51900.0,11.06919765472412,4.35972261428833,5.764309883117676
1015,52000.0,11.06919765472412,4.35972261428833,5.764309883117676
1016,52100.0,14.6727876663208,2.964707374572754,3.847658634185791
1017,52200.0,14.6727876663208,2.964707374572754,3.847658634185791
1018,52300.0,14.6727876663208,2.964707374572754,3.847658634185791
1019,52400.0,-5.484349250793457,6.037091255187987,5.5896339416503915
1020,51000.0,12.222538948059082,3.4959137439727783,7.386643409729004
1021,51100.0,12.222538948059082,3.4959137439727783,7.386643409729004
1022,51200.0,13.313664436340332,3.586841106414795,3.067598581314087
1023,51300.0,13.313664436340332,3.586841106414795,3.067598581314087
1024,51400.0,7.948956489562987,5.462814331054688,9.166903495788574
1025,51500.0,7.948956489562987,5.462814331054688,9.166903495788574
1026,51600.0,7.948956489562987,5.462814331054688,9.166903495788574
1027,51700.0,0.9427721500396729,6.7310099601745605,2.3234307765960693
1028,51800.0,0.9427721500396729,6.7310099601745605,2.3234307765960693
1029,51900.0,11.06919765472412,4.35972261428833,5.764309883117676
1030,52000.0,11.06919765472412,4.35972261428833,5.764309883117676
1031,52100.0,14.6727876663208,2.964707374572754,3.847658634185791
1032,52200.0,14.6727876663208,2.964707374572754,3.847658634185791
1033,52300.0,14.6727876663208,2.964707374572754,3.847658634185791
1034,52400.0,-5.484349250793457,6.037091255187987,5.5896339416503915
1035,52500.0,-5.484349250793457,6.037091255187987,5.5896339416503915
1036,52600.0,3.9146575927734375,3.5365920066833496,6.759723663330077
1037,52700.0,3.9146575927734375,3.5365920066833496,6.759723663330077
1038,52800.0,18.12802505493164,3.653840303421021,-1.7347965240478516
1039,52900.0,18.12802505493164,3.653840303421021,-1.7347965240478516
1040,53000.0,7.307680606842041,9.162117958068848,9.595218658447266
1041,53100.0,7.307680606842041,9.162117958068848,9.595218658447266
1042,53200.0,0.97148597240448,6.826723098754883,6.068198204040527
1043,53300.0,0.97148597240448,6.826723098754883,6.068198204040527
1044,53400.0,6.896114826202393,4.082155227661134,7.36032247543335
1045,53500.0,6.896114826202393,4.082155227661134,7.36032247543335
1046,53600.0,6.896114826202393,4.082155227661134,7.36032247543335
1047,53700.0,8.815157890319824,4.1587257385253915,7.168896198272705
1048,53800.0,8.815157890319824,4.1587257385253915,7.168896198272705
1049,53900.0,7.63310432434082,4.500899314880371,8.532805442810059
1050,52500.0,-5.484349250793457,6.037091255187987,5.5896339416503915
1051,52600.0,3.9146575927734375,3.5365920066833496,6.759723663330077
1052,52700.0,3.9146575927734375,3.5365920066833496,6.759723663330077
1053,52800.0,18.12802505493164,3.653840303421021,-1.7347965240478516
1054,52900.0,18.12802505493164,3.653840303421021,-1.7347965240478516
1055,53000.0,7.307680606842041,9.162117958068848,9.595218658447266
1056,53100.0,7.307680606842041,9.162117958068848,9.595218658447266
1057,53200.0,0.97148597240448,6.826723098754883,6.068198204040527
1058,53300.0,0.97148597240448,6.826723098754883,6.068198204040527
1059,53400.0,6.896114826202393,4.082155227661134,7.36032247543335
1060,53500.0,6.896114826202393,4.082155227661134,7.36032247543335
1061,53600.0,6.896114826202393,4.082155227661134,7.36032247543335
1062,53700.0,8.815157890319824,4.1587257385253915,7.168896198272705
1063,53800.0,8.815157890319824,4.1587257385253915,7.168896198272705
1064,53900.0,7.63310432434082,4.500899314880371,8.532805442810059
1065,54000.0,7.63310432434082,4.500899314880371,8.532805442810059
1066,54100.0,13.74915885925293,0.7226324081420898,10.248459815979004
1067,54200.0,13.74915885925293,0.7226324081420898,10.248459815979004
1068,54300.0,13.74915885925293,0.7226324081420898,10.248459815979004
1069,54400.0,-8.690732002258299,1.1581261157989502,6.802794933319093
1070,54500.0,-8.690732002258299,1.1581261157989502,6.802794933319093
1071,54600.0,4.110869407653809,3.5964124202728267,11.349157333374025
1072,54700.0,4.110869407653809,3.5964124202728267,11.349157333374025
1073,54800.0,6.173482418060303,2.203789472579956,7.786244869232178
1074,54900.0,6.173482418060303,2.203789472579956,7.786244869232178
1075,55000.0,7.245467185974121,-0.06460621207952501,10.325029373168944
1076,55100.0,7.245467185974121,-0.06460621207952501,10.325029373168944
1077,55200.0,7.245467185974121,-0.06460621207952501,10.325029373168944
1078,55300.0,8.379664421081543,3.5557346343994136,7.369894027709961
1079,55400.0,8.379664421081543,3.5557346343994136,7.369894027709961
1080,54000.0,7.63310432434082,4.500899314880371,8.532805442810059
1081,54100.0,13.74915885925293,0.7226324081420898,10.248459815979004
1082,54200.0,13.74915885925293,0.7226324081420898,10.248459815979004
1083,54300.0,13.74915885925293,0.7226324081420898,10.248459815979004
1084,54400.0,-8.690732002258299,1.1581261157989502,6.802794933319093
1085,54500.0,-8.690732002258299,1.1581261157989502,6.802794933319093
1086,54600.0,4.110869407653809,3.5964124202728267,11.349157333374025
1087,54700.0,4.110869407653809,3.5964124202728267,11.349157333374025
1088,54800.0,6.173482418060303,2.203789472579956,7.786244869232178
1089,54900.0,6.173482418060303,2.203789472579956,7.786244869232178
1090,55000.0,7.245467185974121,-0.06460621207952501,10.325029373168944
1091,55100.0,7.245467185974121,-0.06460621207952501,10.325029373168944
1092,55200.0,7.245467185974121,-0.06460621207952501,10.325029373168944
1093,55300.0,8.379664421081543,3.5557346343994136,7.369894027709961
1094,55400.0,8.379664421081543,3.5557346343994136,7.369894027709961
1095,55500.0,13.442877769470215,0.14835500717163086,10.37767219543457
1096,55600.0,13.442877769470215,0.14835500717163086,10.37767219543457
1097,55700.0,-5.61834716796875,5.7619171142578125,7.257431030273437
1098,55800.0,-5.61834716796875,5.7619171142578125,7.257431030273437
1099,55900.0,13.505090713500975,5.359922409057617,8.461020469665527
1100,56000.0,13.505090713500975,5.359922409057617,8.461020469665527
1101,56100.0,13.505090713500975,5.359922409057617,8.461020469665527
1102,56200.0,-1.7036896944046018,9.250652313232422,2.699103832244873
1103,56300.0,-1.7036896944046018,9.250652313232422,2.699103832244873
1104,56400.0,6.1399827003479,8.784051895141603,1.0121639966964722
1105,56500.0,6.1399827003479,8.784051895141603,1.0121639966964722
1106,56600.0,2.9048867225646973,3.4408791065216064,-6.977471351623535
1107,56700.0,2.9048867225646973,3.4408791065216064,-6.977471351623535
1108,56800.0,2.9048867225646973,3.4408791065216064,-6.977471351623535
1109,56900.0,4.742574691772461,3.91705060005188,-8.834300994873047
1110,55500.0,13.442877769470215,0.14835500717163086,10.37767219543457
1111,55600.0,13.442877769470215,0.14835500717163086,10.37767219543457
1112,55700.0,-5.61834716796875,5.7619171142578125,7.257431030273437
1113,55800.0,-5.61834716796875,5.7619171142578125,7.257431030273437
1114,55900.0,13.505090713500975,5.359922409057617,8.461020469665527
1115,56000.0,13.505090713500975,5.359922409057617,8.461020469665527
1116,56100.0,13.505090713500975,5.359922409057617,8.461020469665527
1117,56200.0,-1.7036896944046018,9.250652313232422,2.699103832244873
1118,56300.0,-1.7036896944046018,9.250652313232422,2.699103832244873
1119,56400.0,6.1399827003479,8.784051895141603,1.0121639966964722
1120,56500.0,6.1399827003479,8.784051895141603,1.0121639966964722
1121,56600.0,2.9048867225646973,3.4408791065216064,-6.977471351623535
1122,56700.0,2.9048867225646973,3.4408791065216064,-6.977471351623535
1123,56800.0,2.9048867225646973,3.4408791065216064,-6.977471351623535
1124,56900.0,4.742574691772461,3.91705060005188,-8.834300994873047
1125,57000.0,4.742574691772461,3.91705060005188,-8.834300994873047
1126,57100.0,6.905685901641847,4.618147850036621,-4.53200626373291
1127,57200.0,6.905685901641847,4.618147850036621,-4.53200626373291
1128,57300.0,6.905685901641847,4.618147850036621,-4.53200626373291
1129,57400.0,12.547962188720705,4.572684288024902,-3.3236305713653564
1130,57500.0,12.547962188720705,4.572684288024902,-3.3236305713653564
1131,57600.0,-4.867001533508301,7.606783390045166,-4.098905563354491
1132,57700.0,-4.867001533508301,7.606783390045166,-4.098905563354491
1133,57800.0,7.063612461090088,4.855037212371826,-4.953143119812012
1134,57900.0,7.063612461090088,4.855037212371826,-4.953143119812012
1135,58000.0,7.063612461090088,4.855037212371826,-4.953143119812012
1136,58100.0,10.346564292907717,1.8616160154342647,-5.422136306762695
1137,58200.0,10.346564292907717,1.8616160154342647,-5.422136306762695
1138,58300.0,0.5407779216766357,0.30149564146995544,-6.5324058532714835
1139,58400.0,0.5407779216766357,0.30149564146995544,-6.5324058532714835
1140,57000.0,4.742574691772461,3.91705060005188,-8.834300994873047
1141,57100.0,6.905685901641847,4.618147850036621,-4.53200626373291
1142,57200.0,6.905685901641847,4.618147850036621,-4.53200626373291
1143,57300.0,6.905685901641847,4.618147850036621,-4.53200626373291
1144,57400.0,12.547962188720705,4.572684288024902,-3.3236305713653564
1145,57500.0,12.547962188720705,4.572684288024902,-3.3236305713653564
1146,57600.0,-4.867001533508301,7.606783390045166,-4.098905563354491
1147,57700.0,-4.867001533508301,7.606783390045166,-4.098905563354491
1148,57800.0,7.063612461090088,4.855037212371826,-4.953143119812012
1149,57900.0,7.063612461090088,4.855037212371826,-4.953143119812012
1150,58000.0,7.063612461090088,4.855037212371826,-4.953143119812012
1151,58100.0,10.346564292907717,1.8616160154342647,-5.422136306762695
1152,58200.0,10.346564292907717,1.8616160154342647,-5.422136306762695
1153,58300.0,0.5407779216766357,0.30149564146995544,-6.5324058532714835
1154,58400.0,0.5407779216766357,0.30149564146995544,-6.5324058532714835
1155,58500.0,10.054640769958496,2.553141593933105,-5.2115678787231445
1156,58600.0,10.054640769958496,2.553141593933105,-5.2115678787231445
1157,58700.0,10.054640769958496,2.553141593933105,-5.2115678787231445
1158,58800.0,5.7619171142578125,3.115455150604248,-8.642874717712402
1159,58900.0,5.7619171142578125,3.115455150604248,-8.642874717712402
1160,59000.0,3.579662799835205,7.503891944885254,-7.185646057128906
1161,59100.0,3.579662799835205,7.503891944885254,-7.185646057128906
1162,59200.0,13.203594207763672,10.480563163757324,-3.122633695602417
1163,59300.0,13.203594207763672,10.480563163757324,-3.122633695602417
1164,59400.0,13.203594207763672,10.480563163757324,-3.122633695602417
1165,59500.0,6.058626651763916,9.475577354431152,-0.2153540551662445
1166,59600.0,6.058626651763916,9.475577354431152,-0.2153540551662445
1167,59700.0,5.661418437957764,8.671588897705076,-2.8713872432708736
1168,59800.0,5.661418437957764,8.671588897705076,-2.8713872432708736
1169,59900.0,5.14456844329834,7.319644451141357,2.1367905139923096
1170,58500.0,10.054640769958496,2.553141593933105,-5.2115678787231445
1171,58600.0,10.054640769958496,2.553141593933105,-5.2115678787231445
1172,58700.0,10.054640769958496,2.553141593933105,-5.2115678787231445
1173,58800.0,5.7619171142578125,3.115455150604248,-8.642874717712402
1174,58900.0,5.7619171142578125,3.115455150604248,-8.642874717712402
1175,59000.0,3.579662799835205,7.503891944885254,-7.185646057128906
1176,59100.0,3.579662799835205,7.503891944885254,-7.185646057128906
1177,59200.0,13.203594207763672,10.480563163757324,-3.122633695602417
1178,59300.0,13.203594207763672,10.480563163757324,-3.122633695602417
1179,59400.0,13.203594207763672,10.480563163757324,-3.122633695602417
1180,59500.0,6.058626651763916,9.475577354431152,-0.2153540551662445
1181,59600.0,6.058626651763916,9.475577354431152,-0.2153540551662445
1182,59700.0,5.661418437957764,8.671588897705076,-2.8713872432708736
1183,59800.0,5.661418437957764,8.671588897705076,-2.8713872432708736
1184,59900.0,5.14456844329834,7.319644451141357,2.1367905139923096
1185,60000.0,5.14456844329834,7.319644451141357,2.1367905139923096
1186,60100.0,5.14456844329834,7.319644451141357,2.1367905139923096
1187,60200.0,15.19442367553711,7.917850017547607,0.3780659735202789
1188,60300.0,15.19442367553711,7.917850017547607,0.3780659735202789
1189,60400.0,-3.7232320308685294,5.783452033996582,4.838287353515625
1190,60500.0,-3.7232320308685294,5.783452033996582,4.838287353515625
1191,60600.0,3.8668015003204346,7.831708431243896,3.73758864402771
1192,60700.0,3.8668015003204346,7.831708431243896,3.73758864402771
1193,60800.0,3.8668015003204346,7.831708431243896,3.73758864402771
1194,60900.0,12.705887794494627,5.26899528503418,9.241080284118652
1195,61000.0,12.705887794494627,5.26899528503418,9.241080284118652
1196,61100.0,16.50568962097168,3.479164123535156,6.86261510848999
1197,61200.0,16.50568962097168,3.479164123535156,6.86261510848999
1198,61300.0,-6.963113307952881,3.5772697925567627,-1.22033953666687
1199,61400.0,-6.963113307952881,3.5772697925567627,-1.22033953666687
1200,60000.0,5.14456844329834,7.319644451141357,2.1367905139923096
1201,60100.0,5.14456844329834,7.319644451141357,2.1367905139923096
1202,60200.0,15.19442367553711,7.917850017547607,0.3780659735202789
1203,60300.0,15.19442367553711,7.917850017547607,0.3780659735202789
1204,60400.0,-3.7232320308685294,5.783452033996582,4.838287353515625
1205,60500.0,-3.7232320308685294,5.783452033996582,4.838287353515625
1206,60600.0,3.8668015003204346,7.831708431243896,3.73758864402771
1207,60700.0,3.8668015003204346,7.831708431243896,3.73758864402771
1208,60800.0,3.8668015003204346,7.831708431243896,3.73758864402771
1209,60900.0,12.705887794494627,5.26899528503418,9.241080284118652
1210,61000.0,12.705887794494627,5.26899528503418,9.241080284118652
1211,61100.0,16.50568962097168,3.479164123535156,6.86261510848999
1212,61200.0,16.50568962097168,3.479164123535156,6.86261510848999
1213,61300.0,-6.963113307952881,3.5772697925567627,-1.22033953666687
1214,61400.0,-6.963113307952881,3.5772697925567627,-1.22033953666687
1215,61500.0,4.177868366241455,4.599005222320557,7.331608772277832
1216,61600.0,4.177868366241455,4.599005222320557,7.331608772277832
1217,61700.0,4.177868366241455,4.599005222320557,7.331608772277832
1218,61800.0,16.993827819824222,3.3020951747894287,3.6945178508758554
1219,61900.0,16.993827819824222,3.3020951747894287,3.6945178508758554
1220,62000.0,3.7902309894561768,6.733402729034424,9.111868858337402
1221,62100.0,3.7902309894561768,6.733402729034424,9.111868858337402
1222,62200.0,1.0097711086273191,6.314659118652344,7.245467185974121
1223,62300.0,1.0097711086273191,6.314659118652344,7.245467185974121
1224,62400.0,1.0097711086273191,6.314659118652344,7.245467185974121
1225,62500.0,8.489734649658201,6.2117671966552725,5.391028881072998
1226,62600.0,8.489734649658201,6.2117671966552725,5.391028881072998
1227,62700.0,8.882158279418945,5.357529640197754,5.278566360473633
1228,62800.0,8.882158279418945,5.357529640197754,5.278566360473633
1229,62900.0,7.0540409088134775,6.063412666320801,5.613561630249023
1230,61500.0,4.177868366241455,4.599005222320557,7.331608772277832
1231,61600.0,4.177868366241455,4.599005222320557,7.331608772277832
1232,61700.0,4.177868366241455,4.599005222320557,7.331608772277832
1233,61800.0,16.993827819824222,3.3020951747894287,3.6945178508758554
1234,61900.0,16.993827819824222,3.3020951747894287,3.6945178508758554
1235,62000.0,3.7902309894561768,6.733402729034424,9.111868858337402
1236,62100.0,3.7902309894561768,6.733402729034424,9.111868858337402
1237,62200.0,1.0097711086273191,6.314659118652344,7.245467185974121
1238,62300.0,1.0097711086273191,6.314659118652344,7.245467185974121
1239,62400.0,1.0097711086273191,6.314659118652344,7.245467185974121
1240,62500.0,8.489734649658201,6.2117671966552725,5.391028881072998
1241,62600.0,8.489734649658201,6.2117671966552725,5.391028881072998
1242,62700.0,8.882158279418945,5.357529640197754,5.278566360473633
1243,62800.0,8.882158279418945,5.357529640197754,5.278566360473633
1244,62900.0,7.0540409088134775,6.063412666320801,5.613561630249023
1245,63000.0,7.0540409088134775,6.063412666320801,5.613561630249023
1246,63100.0,7.0540409088134775,6.063412666320801,5.613561630249023
1247,63200.0,10.102496147155762,2.3018953800201416,-3.0149567127227783
1248,63300.0,10.102496147155762,2.3018953800201416,-3.0149567127227783
1249,63400.0,6.8721866607666025,6.027520179748535,-2.0554347038269043
1250,63500.0,6.8721866607666025,6.027520179748535,-2.0554347038269043
1251,63600.0,7.599604606628418,6.190232276916504,-2.560320377349853
1252,63700.0,7.599604606628418,6.190232276916504,-2.560320377349853
1253,63800.0,7.599604606628418,6.190232276916504,-2.560320377349853
1254,63900.0,7.714460372924805,5.039284706115723,-4.6851468086242685
1255,64000.0,7.714460372924805,5.039284706115723,-4.6851468086242685
1256,64100.0,6.656832218170166,7.47517728805542,-3.1537401676177983
1257,64200.0,6.656832218170166,7.47517728805542,-3.1537401676177983
1258,64300.0,5.843273162841798,6.276373863220215,-2.1894328594207764
1259,64400.0,5.843273162841798,6.276373863220215,-2.1894328594207764
1260,63000.0,7.0540409088134775,6.063412666320801,5.613561630249023
1261,63100.0,7.0540409088134775,6.063412666320801,5.613561630249023
1262,63200.0,10.102496147155762,2.3018953800201416,-3.0149567127227783
1263,63300.0,10.102496147155762,2.3018953800201416,-3.0149567127227783
1264,63400.0,6.8721866607666025,6.027520179748535,-2.0554347038269043
1265,63500.0,6.8721866607666025,6.027520179748535,-2.0554347038269043
1266,63600.0,7.599604606628418,6.190232276916504,-2.560320377349853
1267,63700.0,7.599604606628418,6.190232276916504,-2.560320377349853
1268,63800.0,7.599604606628418,6.190232276916504,-2.560320377349853
1269,63900.0,7.714460372924805,5.039284706115723,-4.6851468086242685
1270,64000.0,7.714460372924805,5.039284706115723,-4.6851468086242685
1271,64100.0,6.656832218170166,7.47517728805542,-3.1537401676177983
1272,64200.0,6.656832218170166,7.47517728805542,-3.1537401676177983
1273,64300.0,5.843273162841798,6.276373863220215,-2.1894328594207764
1274,64400.0,5.843273162841798,6.276373863220215,-2.1894328594207764
1275,64500.0,5.345565319061278,8.202595710754395,-2.1535403728485107
1276,64600.0,5.345565319061278,8.202595710754395,-2.1535403728485107
1277,64700.0,5.345565319061278,8.202595710754395,-2.1535403728485107
1278,64800.0,6.269195556640625,12.052647590637207,0.9379864931106568
1279,64900.0,6.269195556640625,12.052647590637207,0.9379864931106568
1280,65000.0,9.63828945159912,5.285745620727539,-0.48574298620224
1281,65100.0,9.63828945159912,5.285745620727539,-0.48574298620224
1282,65200.0,8.303093910217285,7.647461414337157,-0.1339980661869049
1283,65300.0,8.303093910217285,7.647461414337157,-0.1339980661869049
1284,65400.0,5.053641319274902,5.295316696166992,1.368694543838501
1285,65500.0,5.053641319274902,5.295316696166992,1.368694543838501
1286,65600.0,1.8951154947280884,4.986642360687256,4.917250633239746
1287,65700.0,1.8951154947280884,4.986642360687256,4.917250633239746
1288,65800.0,5.881557941436768,7.640282154083253,6.388835906982423
1289,65900.0,5.881557941436768,7.640282154083253,6.388835906982423
1290,64500.0,5.345565319061278,8.202595710754395,-2.1535403728485107
1291,64600.0,5.345565319061278,8.202595710754395,-2.1535403728485107
1292,64700.0,5.345565319061278,8.202595710754395,-2.1535403728485107
1293,64800.0,6.269195556640625,12.052647590637207,0.9379864931106568
1294,64900.0,6.269195556640625,12.052647590637207,0.9379864931106568
1295,65000.0,9.63828945159912,5.285745620727539,-0.48574298620224
1296,65100.0,9.63828945159912,5.285745620727539,-0.48574298620224
1297,65200.0,8.303093910217285,7.647461414337157,-0.1339980661869049
1298,65300.0,8.303093910217285,7.647461414337157,-0.1339980661869049
1299,65400.0,5.053641319274902,5.295316696166992,1.368694543838501
1300,65500.0,5.053641319274902,5.295316696166992,1.368694543838501
1301,65600.0,1.8951154947280884,4.986642360687256,4.917250633239746
1302,65700.0,1.8951154947280884,4.986642360687256,4.917250633239746
1303,65800.0,5.881557941436768,7.640282154083253,6.388835906982423
1304,65900.0,5.881557941436768,7.640282154083253,6.388835906982423
1305,66000.0,5.881557941436768,7.640282154083253,6.388835906982423
1306,66100.0,12.208181381225586,7.4703922271728525,9.81535816192627
1307,66200.0,12.208181381225586,7.4703922271728525,9.81535816192627
1308,66300.0,-8.240880966186522,3.192025184631348,7.001399040222168
1309,66400.0,-8.240880966186522,3.192025184631348,7.001399040222168
1310,66500.0,3.7280178070068364,7.616354942321777,5.620740413665772
1311,66600.0,3.7280178070068364,7.616354942321777,5.620740413665772
1312,66700.0,15.93141269683838,8.590232849121094,5.92223596572876
1313,66800.0,15.93141269683838,8.590232849121094,5.92223596572876
1314,66900.0,15.93141269683838,8.590232849121094,5.92223596572876
1315,67000.0,5.106283187866211,9.480363845825195,11.626726150512695
1316,67100.0,5.106283187866211,9.480363845825195,11.626726150512695
1317,67200.0,-1.057627558708191,2.8929224014282227,9.408578872680664
1318,67300.0,-1.057627558708191,2.8929224014282227,9.408578872680664
1319,67400.0,6.824329853057861,9.942178726196287,11.085947036743164
1320,66000.0,5.881557941436768,7.640282154083253,6.388835906982423
1321,66100.0,12.208181381225586,7.4703922271728525,9.81535816192627
1322,66200.0,12.208181381225586,7.4703922271728525,9.81535816192627
1323,66300.0,-8.240880966186522,3.192025184631348,7.001399040222168
1324,66400.0,-8.240880966186522,3.192025184631348,7.001399040222168
1325,66500.0,3.7280178070068364,7.616354942321777,5.620740413665772
1326,66600.0,3.7280178070068364,7.616354942321777,5.620740413665772
1327,66700.0,15.93141269683838,8.590232849121094,5.92223596572876
1328,66800.0,15.93141269683838,8.590232849121094,5.92223596572876
1329,66900.0,15.93141269683838,8.590232849121094,5.92223596572876
1330,67000.0,5.106283187866211,9.480363845825195,11.626726150512695
1331,67100.0,5.106283187866211,9.480363845825195,11.626726150512695
1332,67200.0,-1.057627558708191,2.8929224014282227,9.408578872680664
1333,67300.0,-1.057627558708191,2.8929224014282227,9.408578872680664
1334,67400.0,6.824329853057861,9.942178726196287,11.085947036743164
1335,67500.0,6.824329853057861,9.942178726196287,11.085947036743164
1336,67600.0,13.567303657531738,4.218546390533446,6.185446262359619
1337,67700.0,13.567303657531738,4.218546390533446,6.185446262359619
1338,67800.0,13.567303657531738,4.218546390533446,6.185446262359619
1339,67900.0,9.80100154876709,5.747560024261475,15.053247451782227
1340,68000.0,9.80100154876709,5.747560024261475,15.053247451782227
1341,68100.0,-5.72841739654541,7.396214485168457,3.3403804302215576
1342,68200.0,-5.72841739654541,7.396214485168457,3.3403804302215576
1343,68300.0,6.116055011749268,2.364108800888061,8.37727165222168
1344,68400.0,6.116055011749268,2.364108800888061,8.37727165222168
1345,68500.0,6.116055011749268,2.364108800888061,8.37727165222168
1346,68600.0,14.079368591308596,8.030312538146973,6.735795497894287
1347,68700.0,14.079368591308596,8.030312538146973,6.735795497894287
1348,68800.0,6.905685901641847,5.568098068237305,10.671989440917967
1349,68900.0,6.905685901641847,5.568098068237305,10.671989440917967
1350,67500.0,6.824329853057861,9.942178726196287,11.085947036743164
1351,67600.0,13.567303657531738,4.218546390533446,6.185446262359619
1352,67700.0,13.567303657531738,4.218546390533446,6.185446262359619
1353,67800.0,13.567303657531738,4.218546390533446,6.185446262359619
1354,67900.0,9.80100154876709,5.747560024261475,15.053247451782227
1355,68000.0,9.80100154876709,5.747560024261475,15.053247451782227
1356,68100.0,-5.72841739654541,7.396214485168457,3.3403804302215576
1357,68200.0,-5.72841739654541,7.396214485168457,3.3403804302215576
1358,68300.0,6.116055011749268,2.364108800888061,8.37727165222168
1359,68400.0,6.116055011749268,2.364108800888061,8.37727165222168
1360,68500.0,6.116055011749268,2.364108800888061,8.37727165222168
1361,68600.0,14.079368591308596,8.030312538146973,6.735795497894287
1362,68700.0,14.079368591308596,8.030312538146973,6.735795497894287
1363,68800.0,6.905685901641847,5.568098068237305,10.671989440917967
1364,68900.0,6.905685901641847,5.568098068237305,10.671989440917967
1365,69000.0,-2.47896409034729,3.562912940979004,-0.7178468108177185
1366,69100.0,-2.47896409034729,3.562912940979004,-0.7178468108177185
1367,69200.0,11.011770248413086,5.917449951171875,9.999605178833008
1368,69300.0,11.011770248413086,5.917449951171875,9.999605178833008
1369,69400.0,10.456634521484377,3.6131620407104488,9.91585636138916
1370,69500.0,10.456634521484377,3.6131620407104488,9.91585636138916
1371,69600.0,10.456634521484377,3.6131620407104488,9.91585636138916
1372,69700.0,-4.852644443511963,4.1730828285217285,2.452643394470215
1373,69800.0,-4.852644443511963,4.1730828285217285,2.452643394470215
1374,69900.0,6.3936219215393075,2.9623143672943115,9.688538551330566
1375,70000.0,6.3936219215393075,2.9623143672943115,9.688538551330566
1376,70100.0,15.06999683380127,7.3363938331604,7.999206066131593
1377,70200.0,15.06999683380127,7.3363938331604,7.999206066131593
1378,70300.0,-1.8616160154342647,6.070591449737549,8.183453559875487
1379,70400.0,-1.8616160154342647,6.070591449737549,8.183453559875487
1380,69000.0,-2.47896409034729,3.562912940979004,-0.7178468108177185
1381,69100.0,-2.47896409034729,3.562912940979004,-0.7178468108177185
1382,69200.0,11.011770248413086,5.917449951171875,9.999605178833008
1383,69300.0,11.011770248413086,5.917449951171875,9.999605178833008
1384,69400.0,10.456634521484377,3.6131620407104488,9.91585636138916
1385,69500.0,10.456634521484377,3.6131620407104488,9.91585636138916
1386,69600.0,10.456634521484377,3.6131620407104488,9.91585636138916
1387,69700.0,-4.852644443511963,4.1730828285217285,2.452643394470215
1388,69800.0,-4.852644443511963,4.1730828285217285,2.452643394470215
1389,69900.0,6.3936219215393075,2.9623143672943115,9.688538551330566
1390,70000.0,6.3936219215393075,2.9623143672943115,9.688538551330566
1391,70100.0,15.06999683380127,7.3363938331604,7.999206066131593
1392,70200.0,15.06999683380127,7.3363938331604,7.999206066131593
1393,70300.0,-1.8616160154342647,6.070591449737549,8.183453559875487
1394,70400.0,-1.8616160154342647,6.070591449737549,8.183453559875487
1395,70500.0,3.747160196304321,0.42831525206565857,5.568098068237305
1396,70600.0,3.747160196304321,0.42831525206565857,5.568098068237305
1397,70700.0,3.747160196304321,0.42831525206565857,5.568098068237305
1398,70800.0,16.701902389526367,-1.1198409795761108,5.891129493713379
1399,70900.0,16.701902389526367,-1.1198409795761108,5.891129493713379
1400,71000.0,-1.5744771957397459,3.943371772766113,9.367900848388672
1401,71100.0,-1.5744771957397459,3.943371772766113,9.367900848388672
1402,71200.0,2.565105676651001,2.720639228820801,5.819344997406006
1403,71300.0,2.565105676651001,2.720639228820801,5.819344997406006
1404,71400.0,13.940585136413574,2.091326951980591,1.765903115272522
1405,71500.0,13.940585136413574,2.091326951980591,1.765903115272522
1406,71600.0,13.940585136413574,2.091326951980591,1.765903115272522
1407,71700.0,8.518448829650879,4.139583110809326,9.985249519348145
1408,71800.0,8.518448829650879,4.139583110809326,9.985249519348145
1409,71900.0,0.9667003750801086,7.2885379791259775,-1.4333008527755735
1410,70500.0,3.747160196304321,0.42831525206565857,5.568098068237305
1411,70600.0,3.747160196304321,0.42831525206565857,5.568098068237305
1412,70700.0,3.747160196304321,0.42831525206565857,5.568098068237305
1413,70800.0,16.701902389526367,-1.1198409795761108,5.891129493713379
1414,70900.0,16.701902389526367,-1.1198409795761108,5.891129493713379
1415,71000.0,-1.5744771957397459,3.943371772766113,9.367900848388672
1416,71100.0,-1.5744771957397459,3.943371772766113,9.367900848388672
1417,71200.0,2.565105676651001,2.720639228820801,5.819344997406006
1418,71300.0,2.565105676651001,2.720639228820801,5.819344997406006
1419,71400.0,13.940585136413574,2.091326951980591,1.765903115272522
1420,71500.0,13.940585136413574,2.091326951980591,1.765903115272522
1421,71600.0,13.940585136413574,2.091326951980591,1.765903115272522
1422,71700.0,8.518448829650879,4.139583110809326,9.985249519348145
1423,71800.0,8.518448829650879,4.139583110809326,9.985249519348145
1424,71900.0,0.9667003750801086,7.2885379791259775,-1.4333008527755735
1425,72000.0,0.9667003750801086,7.2885379791259775,-1.4333008527755735
1426,72100.0,7.77188777923584,7.152146816253662,10.963912963867188
1427,72200.0,7.77188777923584,7.152146816253662,10.963912963867188
1428,72300.0,7.77188777923584,7.152146816253662,10.963912963867188
1429,72400.0,10.581062316894533,5.67338228225708,7.7455668449401855
1430,72500.0,10.581062316894533,5.67338228225708,7.7455668449401855
1431,72600.0,-3.689732551574707,6.4869422912597665,5.752345561981201
1432,72700.0,-3.689732551574707,6.4869422912597665,5.752345561981201
1433,72800.0,3.5461630821228027,7.003791332244872,8.188239097595215
1434,72900.0,3.5461630821228027,7.003791332244872,8.188239097595215
1435,73000.0,3.5461630821228027,7.003791332244872,8.188239097595215
1436,73100.0,8.49452018737793,15.381063461303713,9.650253295898438
1437,73200.0,8.49452018737793,15.381063461303713,9.650253295898438
1438,73300.0,10.28913688659668,5.9988059997558585,5.024927616119385
1439,73400.0,10.28913688659668,5.9988059997558585,5.024927616119385
1440,72000.0,0.9667003750801086,7.2885379791259775,-1.4333008527755735
1441,72100.0,7.77188777923584,7.152146816253662,10.963912963867188
1442,72200.0,7.77188777923584,7.152146816253662,10.963912963867188
1443,72300.0,7.77188777923584,7.152146816253662,10.963912963867188
1444,72400.0,10.581062316894533,5.67338228225708,7.7455668449401855
1445,72500.0,10.581062316894533,5.67338228225708,7.7455668449401855
1446,72600.0,-3.689732551574707,6.4869422912597665,5.752345561981201
1447,72700.0,-3.689732551574707,6.4869422912597665,5.752345561981201
1448,72800.0,3.5461630821228027,7.003791332244872,8.188239097595215
1449,72900.0,3.5461630821228027,7.003791332244872,8.188239097595215
1450,73000.0,3.5461630821228027,7.003791332244872,8.188239097595215
1451,73100.0,8.49452018737793,15.381063461303713,9.650253295898438
1452,73200.0,8.49452018737793,15.381063461303713,9.650253295898438
1453,73300.0,10.28913688659668,5.9988059997558585,5.024927616119385
1454,73400.0,10.28913688659668,5.9988059997558585,5.024927616119385
1455,73500.0,7.99681282043457,5.702096462249756,12.576675415039062
1456,73600.0,7.99681282043457,5.702096462249756,12.576675415039062
1457,73700.0,7.99681282043457,5.702096462249756,12.576675415039062
1458,73800.0,-4.713860511779785,4.759324073791504,4.737788677215576
1459,73900.0,-4.713860511779785,4.759324073791504,4.737788677215576
1460,74000.0,7.901099681854247,9.781858444213867,9.877571105957033
1461,74100.0,7.901099681854247,9.781858444213867,9.877571105957033
1462,74200.0,11.112268447875977,4.383650779724121,7.549355506896973
1463,74300.0,11.112268447875977,4.383650779724121,7.549355506896973
1464,74400.0,11.112268447875977,4.383650779724121,7.549355506896973
1465,74500.0,-1.4165509939193726,6.221338748931885,8.47298526763916
1466,74600.0,-1.4165509939193726,6.221338748931885,8.47298526763916
1467,74700.0,1.9525433778762815,2.47896409034729,5.383851051330566
1468,74800.0,1.9525433778762815,2.47896409034729,5.383851051330566
1469,74900.0,12.624531745910645,3.88594388961792,2.868994235992432
1470,73500.0,7.99681282043457,5.702096462249756,12.576675415039062
1471,73600.0,7.99681282043457,5.702096462249756,12.576675415039062
1472,73700.0,7.99681282043457,5.702096462249756,12.576675415039062
1473,73800.0,-4.713860511779785,4.759324073791504,4.737788677215576
1474,73900.0,-4.713860511779785,4.759324073791504,4.737788677215576
1475,74000.0,7.901099681854247,9.781858444213867,9.877571105957033
1476,74100.0,7.901099681854247,9.781858444213867,9.877571105957033
1477,74200.0,11.112268447875977,4.383650779724121,7.549355506896973
1478,74300.0,11.112268447875977,4.383650779724121,7.549355506896973
1479,74400.0,11.112268447875977,4.383650779724121,7.549355506896973
1480,74500.0,-1.4165509939193726,6.221338748931885,8.47298526763916
1481,74600.0,-1.4165509939193726,6.221338748931885,8.47298526763916
1482,74700.0,1.9525433778762815,2.47896409034729,5.383851051330566
1483,74800.0,1.9525433778762815,2.47896409034729,5.383851051330566
1484,74900.0,12.624531745910645,3.88594388961792,2.868994235992432
1485,75000.0,12.624531745910645,3.88594388961792,2.868994235992432
1486,75100.0,12.624531745910645,3.88594388961792,2.868994235992432
1487,75200.0,0.9667003750801086,4.6372904777526855,10.983055114746094
1488,75300.0,0.9667003750801086,4.6372904777526855,10.983055114746094
1489,75400.0,0.7992027401924133,4.417150497436523,5.8480587005615225
1490,75500.0,0.7992027401924133,4.417150497436523,5.8480587005615225
1491,75600.0,12.150753021240234,5.070391178131104,9.040083885192873
1492,75700.0,12.150753021240234,5.070391178131104,9.040083885192873
1493,75800.0,12.150753021240234,5.070391178131104,9.040083885192873
1494,75900.0,6.537191867828369,4.122833251953125,7.946564197540282
1495,76000.0,6.537191867828369,4.122833251953125,7.946564197540282
1496,76100.0,-0.5216353535652161,4.618147850036621,5.869593620300293
1497,76200.0,-0.5216353535652161,4.618147850036621,5.869593620300293
1498,76300.0,5.278566360473633,6.896114826202393,6.262016773223878
1499,76400.0,5.278566360473633,6.896114826202393,6.262016773223878
1500,75000.0,12.624531745910645,3.88594388961792,2.868994235992432
1501,75100.0,12.624531745910645,3.88594388961792,2.868994235992432
1502,75200.0,0.9667003750801086,4.6372904777526855,10.983055114746094
1503,75300.0,0.9667003750801086,4.6372904777526855,10.983055114746094
1504,75400.0,0.7992027401924133,4.417150497436523,5.8480587005615225
1505,75500.0,0.7992027401924133,4.417150497436523,5.8480587005615225
1506,75600.0,12.150753021240234,5.070391178131104,9.040083885192873
1507,75700.0,12.150753021240234,5.070391178131104,9.040083885192873
1508,75800.0,12.150753021240234,5.070391178131104,9.040083885192873
1509,75900.0,6.537191867828369,4.122833251953125,7.946564197540282
1510,76000.0,6.537191867828369,4.122833251953125,7.946564197540282
1511,76100.0,-0.5216353535652161,4.618147850036621,5.869593620300293
1512,76200.0,-0.5216353535652161,4.618147850036621,5.869593620300293
1513,76300.0,5.278566360473633,6.896114826202393,6.262016773223878
1514,76400.0,5.278566360473633,6.896114826202393,6.262016773223878
1515,76500.0,3.483949899673462,5.9342002868652335,5.515456199645996
1516,76600.0,3.483949899673462,5.9342002868652335,5.515456199645996
1517,76700.0,10.628917694091797,7.027719974517822,8.051848411560059
1518,76800.0,10.628917694091797,7.027719974517822,8.051848411560059
1519,76900.0,10.628917694091797,7.027719974517822,8.051848411560059
1520,77000.0,7.513463020324707,5.453242778778076,7.58524751663208
1521,77100.0,7.513463020324707,5.453242778778076,7.58524751663208
1522,77200.0,-0.6269195079803467,3.359522819519043,5.821736812591553
1523,77300.0,-0.6269195079803467,3.359522819519043,5.821736812591553
1524,77400.0,-0.6269195079803467,3.359522819519043,5.821736812591553
1525,77500.0,1.9956141710281368,2.25403904914856,7.056434154510497
1526,77600.0,1.9956141710281368,2.25403904914856,7.056434154510497
1527,77700.0,9.159724235534668,5.44845724105835,7.970492362976074
1528,77800.0,9.159724235534668,5.44845724105835,7.970492362976074
1529,77900.0,-4.431507587432861,7.008577823638916,8.468198776245117
1530,76500.0,3.483949899673462,5.9342002868652335,5.515456199645996
1531,76600.0,3.483949899673462,5.9342002868652335,5.515456199645996
1532,76700.0,10.628917694091797,7.027719974517822,8.051848411560059
1533,76800.0,10.628917694091797,7.027719974517822,8.051848411560059
1534,76900.0,10.628917694091797,7.027719974517822,8.051848411560059
1535,77000.0,7.513463020324707,5.453242778778076,7.58524751663208
1536,77100.0,7.513463020324707,5.453242778778076,7.58524751663208
1537,77200.0,-0.6269195079803467,3.359522819519043,5.821736812591553
1538,77300.0,-0.6269195079803467,3.359522819519043,5.821736812591553
1539,77400.0,-0.6269195079803467,3.359522819519043,5.821736812591553
1540,77500.0,1.9956141710281368,2.25403904914856,7.056434154510497
1541,77600.0,1.9956141710281368,2.25403904914856,7.056434154510497
1542,77700.0,9.159724235534668,5.44845724105835,7.970492362976074
1543,77800.0,9.159724235534668,5.44845724105835,7.970492362976074
1544,77900.0,-4.431507587432861,7.008577823638916,8.468198776245117
1545,78000.0,-4.431507587432861,7.008577823638916,8.468198776245117
1546,78100.0,-4.431507587432861,7.008577823638916,8.468198776245117
1547,78200.0,2.0099709033966064,3.38823676109314,9.324830055236816
1548,78300.0,2.0099709033966064,3.38823676109314,9.324830055236816
1549,78400.0,10.269994735717773,5.039284706115723,7.917850017547607
1550,78500.0,10.269994735717773,5.039284706115723,7.917850017547607
1551,78600.0,-5.307280540466309,2.1607186794281006,6.293124198913574
1552,78700.0,-5.307280540466309,2.1607186794281006,6.293124198913574
1553,78800.0,-5.307280540466309,2.1607186794281006,6.293124198913574
1554,78900.0,2.210968255996704,2.627319574356079,6.881758213043213
1555,79000.0,2.210968255996704,2.627319574356079,6.881758213043213
1556,79100.0,10.011569023132324,7.190432548522949,7.41535758972168
1557,79200.0,10.011569023132324,7.190432548522949,7.41535758972168
1558,79300.0,-3.2542388439178467,1.196411371231079,3.6394832134246826
1559,79400.0,-3.2542388439178467,1.196411371231079,3.6394832134246826
1560,78000.0,-4.431507587432861,7.008577823638916,8.468198776245117
1561,78100.0,-4.431507587432861,7.008577823638916,8.468198776245117
1562,78200.0,2.0099709033966064,3.38823676109314,9.324830055236816
1563,78300.0,2.0099709033966064,3.38823676109314,9.324830055236816
1564,78400.0,10.269994735717773,5.039284706115723,7.917850017547607
1565,78500.0,10.269994735717773,5.039284706115723,7.917850017547607
1566,78600.0,-5.307280540466309,2.1607186794281006,6.293124198913574
1567,78700.0,-5.307280540466309,2.1607186794281006,6.293124198913574
1568,78800.0,-5.307280540466309,2.1607186794281006,6.293124198913574
1569,78900.0,2.210968255996704,2.627319574356079,6.881758213043213
1570,79000.0,2.210968255996704,2.627319574356079,6.881758213043213
1571,79100.0,10.011569023132324,7.190432548522949,7.41535758972168
1572,79200.0,10.011569023132324,7.190432548522949,7.41535758972168
1573,79300.0,-3.2542388439178467,1.196411371231079,3.6394832134246826
1574,79400.0,-3.2542388439178467,1.196411371231079,3.6394832134246826
1575,79500.0,15.696916580200195,6.460620880126952,4.302295207977295
1576,79600.0,15.696916580200195,6.460620880126952,4.302295207977295
1577,79700.0,-14.711073875427244,2.4095723628997803,9.875179290771484
1578,79800.0,-14.711073875427244,2.4095723628997803,9.875179290771484
1579,79900.0,-14.711073875427244,2.4095723628997803,9.875179290771484
1580,80000.0,20.30070686340332,7.310072898864746,2.476571559906006
1581,80100.0,20.30070686340332,7.310072898864746,2.476571559906006
1582,80200.0,-7.2023963928222665,2.0650060176849365,2.1846470832824707
1583,80300.0,-7.2023963928222665,2.0650060176849365,2.1846470832824707
1584,80400.0,-7.2023963928222665,2.0650060176849365,2.1846470832824707
1585,80500.0,8.690732002258299,2.2851457595825195,7.345965385437013
1586,80600.0,8.690732002258299,2.2851457595825195,7.345965385437013
1587,80700.0,11.806187629699707,4.651647090911865,5.814558982849121
1588,80800.0,11.806187629699707,4.651647090911865,5.814558982849121
1589,80900.0,4.23529577255249,3.964907169342041,8.86780071258545
1590,79500.0,15.696916580200195,6.460620880126952,4.302295207977295
1591,79600.0,15.696916580200195,6.460620880126952,4.302295207977295
1592,79700.0,-14.711073875427244,2.4095723628997803,9.875179290771484
1593,79800.0,-14.711073875427244,2.4095723628997803,9.875179290771484
1594,79900.0,-14.711073875427244,2.4095723628997803,9.875179290771484
1595,80000.0,20.30070686340332,7.310072898864746,2.476571559906006
1596,80100.0,20.30070686340332,7.310072898864746,2.476571559906006
1597,80200.0,-7.2023963928222665,2.0650060176849365,2.1846470832824707
1598,80300.0,-7.2023963928222665,2.0650060176849365,2.1846470832824707
1599,80400.0,-7.2023963928222665,2.0650060176849365,2.1846470832824707
1600,80500.0,8.690732002258299,2.2851457595825195,7.345965385437013
1601,80600.0,8.690732002258299,2.2851457595825195,7.345965385437013
1602,80700.0,11.806187629699707,4.651647090911865,5.814558982849121
1603,80800.0,11.806187629699707,4.651647090911865,5.814558982849121
1604,80900.0,4.23529577255249,3.964907169342041,8.86780071258545
1605,81000.0,4.23529577255249,3.964907169342041,8.86780071258545
1606,81100.0,0.2440679222345352,5.862415313720702,6.343372344970702
1607,81200.0,0.2440679222345352,5.862415313720702,6.343372344970702
1608,81300.0,12.270394325256348,6.788437843322754,8.432307243347168
1609,81400.0,12.270394325256348,6.788437843322754,8.432307243347168
1610,81500.0,-2.833101987838745,1.5912269353866575,5.1014976501464835
1611,81600.0,-2.833101987838745,1.5912269353866575,5.1014976501464835
1612,81700.0,-2.833101987838745,1.5912269353866575,5.1014976501464835
1613,81800.0,13.945369720458984,7.2813591957092285,8.063812255859375
1614,81900.0,13.945369720458984,7.2813591957092285,8.063812255859375
1615,82000.0,-2.148754596710205,5.8887367248535165,11.559725761413574
1616,82100.0,-2.148754596710205,5.8887367248535165,11.559725761413574
1617,82200.0,15.672988891601562,8.312665939331055,5.414957523345947
1618,82300.0,15.672988891601562,8.312665939331055,5.414957523345947
1619,82400.0,11.12662410736084,-0.5048855543136597,5.364708423614502
1620,81000.0,4.23529577255249,3.964907169342041,8.86780071258545
1621,81100.0,0.2440679222345352,5.862415313720702,6.343372344970702
1622,81200.0,0.2440679222345352,5.862415313720702,6.343372344970702
1623,81300.0,12.270394325256348,6.788437843322754,8.432307243347168
1624,81400.0,12.270394325256348,6.788437843322754,8.432307243347168
1625,81500.0,-2.833101987838745,1.5912269353866575,5.1014976501464835
1626,81600.0,-2.833101987838745,1.5912269353866575,5.1014976501464835
1627,81700.0,-2.833101987838745,1.5912269353866575,5.1014976501464835
1628,81800.0,13.945369720458984,7.2813591957092285,8.063812255859375
1629,81900.0,13.945369720458984,7.2813591957092285,8.063812255859375
1630,82000.0,-2.148754596710205,5.8887367248535165,11.559725761413574
1631,82100.0,-2.148754596710205,5.8887367248535165,11.559725761413574
1632,82200.0,15.672988891601562,8.312665939331055,5.414957523345947
1633,82300.0,15.672988891601562,8.312665939331055,5.414957523345947
1634,82400.0,11.12662410736084,-0.5048855543136597,5.364708423614502
1635,82500.0,11.12662410736084,-0.5048855543136597,5.364708423614502
1636,82600.0,11.12662410736084,-0.5048855543136597,5.364708423614502
1637,82700.0,1.7324036359786987,6.049055576324463,4.929214477539063
1638,82800.0,1.7324036359786987,6.049055576324463,4.929214477539063
1639,82900.0,13.619946479797365,9.944571495056152,9.004191398620605
1640,83000.0,13.619946479797365,9.944571495056152,9.004191398620605
1641,83100.0,6.580262184143066,7.23589563369751,7.755138397216798
1642,83200.0,6.580262184143066,7.23589563369751,7.755138397216798
1643,83300.0,2.5746772289276123,7.5469627380371085,4.290330886840819
1644,83400.0,2.5746772289276123,7.5469627380371085,4.290330886840819
1645,83500.0,2.5746772289276123,7.5469627380371085,4.290330886840819
1646,83600.0,15.572489738464355,0.011964112520217896,4.900500774383545
1647,83700.0,15.572489738464355,0.011964112520217896,4.900500774383545
1648,83800.0,0.3158525824546814,1.868794322013855,11.088340759277344
1649,83900.0,0.3158525824546814,1.868794322013855,11.088340759277344
1650,82500.0,11.12662410736084,-0.5048855543136597,5.364708423614502
1651,82600.0,11.12662410736084,-0.5048855543136597,5.364708423614502
1652,82700.0,1.7324036359786987,6.049055576324463,4.929214477539063
1653,82800.0,1.7324036359786987,6.049055576324463,4.929214477539063
1654,82900.0,13.619946479797365,9.944571495056152,9.004191398620605
1655,83000.0,13.619946479797365,9.944571495056152,9.004191398620605
1656,83100.0,6.580262184143066,7.23589563369751,7.755138397216798
1657,83200.0,6.580262184143066,7.23589563369751,7.755138397216798
1658,83300.0,2.5746772289276123,7.5469627380371085,4.290330886840819
1659,83400.0,2.5746772289276123,7.5469627380371085,4.290330886840819
1660,83500.0,2.5746772289276123,7.5469627380371085,4.290330886840819
1661,83600.0,15.572489738464355,0.011964112520217896,4.900500774383545
1662,83700.0,15.572489738464355,0.011964112520217896,4.900500774383545
1663,83800.0,0.3158525824546814,1.868794322013855,11.088340759277344
1664,83900.0,0.3158525824546814,1.868794322013855,11.088340759277344
1665,84000.0,0.3158525824546814,1.868794322013855,11.088340759277344
1666,84100.0,3.029313325881958,7.2813591957092285,10.076176643371582
1667,84200.0,3.029313325881958,7.2813591957092285,10.076176643371582
1668,84300.0,11.064411163330078,1.8233308792114256,5.302494525909424
1669,84400.0,11.064411163330078,1.8233308792114256,5.302494525909424
1670,84500.0,3.7902309894561768,3.1513471603393555,7.963313579559326
1671,84600.0,3.7902309894561768,3.1513471603393555,7.963313579559326
1672,84700.0,3.7902309894561768,3.1513471603393555,7.963313579559326
1673,84800.0,5.278566360473633,4.299902439117432,5.718846321105957
1674,84900.0,5.278566360473633,4.299902439117432,5.718846321105957
1675,85000.0,6.307480335235597,5.450850009918213,6.072984218597412
1676,85100.0,6.307480335235597,5.450850009918213,6.072984218597412
1677,85200.0,5.230710506439209,5.661418437957764,6.27876615524292
1678,85300.0,5.230710506439209,5.661418437957764,6.27876615524292
1679,85400.0,5.230710506439209,5.661418437957764,6.27876615524292
1680,84000.0,0.3158525824546814,1.868794322013855,11.088340759277344
1681,84100.0,3.029313325881958,7.2813591957092285,10.076176643371582
1682,84200.0,3.029313325881958,7.2813591957092285,10.076176643371582
1683,84300.0,11.064411163330078,1.8233308792114256,5.302494525909424
1684,84400.0,11.064411163330078,1.8233308792114256,5.302494525909424
1685,84500.0,3.7902309894561768,3.1513471603393555,7.963313579559326
1686,84600.0,3.7902309894561768,3.1513471603393555,7.963313579559326
1687,84700.0,3.7902309894561768,3.1513471603393555,7.963313579559326
1688,84800.0,5.278566360473633,4.299902439117432,5.718846321105957
1689,84900.0,5.278566360473633,4.299902439117432,5.718846321105957
1690,85000.0,6.307480335235597,5.450850009918213,6.072984218597412
1691,85100.0,6.307480335235597,5.450850009918213,6.072984218597412
1692,85200.0,5.230710506439209,5.661418437957764,6.27876615524292
1693,85300.0,5.230710506439209,5.661418437957764,6.27876615524292
1694,85400.0,5.230710506439209,5.661418437957764,6.27876615524292
1695,85500.0,3.828516006469727,5.594419479370117,4.780859470367432
1696,85600.0,3.828516006469727,5.594419479370117,4.780859470367432
1697,85700.0,5.158926010131836,6.5659050941467285,5.862415313720702
1698,85800.0,5.158926010131836,6.5659050941467285,5.862415313720702
1699,85900.0,5.5274200439453125,5.862415313720702,7.534998416900635
1700,86000.0,5.5274200439453125,5.862415313720702,7.534998416900635
1701,86100.0,5.5274200439453125,5.862415313720702,7.534998416900635
1702,86200.0,3.6945178508758554,4.043870449066162,8.394021987915039
1703,86300.0,3.6945178508758554,4.043870449066162,8.394021987915039
1704,86400.0,-2.8426735401153564,4.747360229492188,5.7308106422424325
1705,86500.0,-2.8426735401153564,4.747360229492188,5.7308106422424325
1706,86600.0,-0.4737788736820221,5.718846321105957,7.513463020324707
1707,86700.0,-0.4737788736820221,5.718846321105957,7.513463020324707
1708,86800.0,2.368894338607788,4.941178798675537,9.611968994140623
1709,86900.0,2.368894338607788,4.941178798675537,9.611968994140623
1710,85500.0,3.828516006469727,5.594419479370117,4.780859470367432
1711,85600.0,3.828516006469727,5.594419479370117,4.780859470367432
1712,85700.0,5.158926010131836,6.5659050941467285,5.862415313720702
1713,85800.0,5.158926010131836,6.5659050941467285,5.862415313720702
1714,85900.0,5.5274200439453125,5.862415313720702,7.534998416900635
1715,86000.0,5.5274200439453125,5.862415313720702,7.534998416900635
1716,86100.0,5.5274200439453125,5.862415313720702,7.534998416900635
1717,86200.0,3.6945178508758554,4.043870449066162,8.394021987915039
1718,86300.0,3.6945178508758554,4.043870449066162,8.394021987915039
1719,86400.0,-2.8426735401153564,4.747360229492188,5.7308106422424325
1720,86500.0,-2.8426735401153564,4.747360229492188,5.7308106422424325
1721,86600.0,-0.4737788736820221,5.718846321105957,7.513463020324707
1722,86700.0,-0.4737788736820221,5.718846321105957,7.513463020324707
1723,86800.0,2.368894338607788,4.941178798675537,9.611968994140623
1724,86900.0,2.368894338607788,4.941178798675537,9.611968994140623
1725,87000.0,2.368894338607788,4.941178798675537,9.611968994140623
1726,87100.0,3.081955671310425,5.718846321105957,7.8819580078125
1727,87200.0,3.081955671310425,5.718846321105957,7.8819580078125
1728,87300.0,-0.6317051649093628,5.816952228546143,8.508876800537111
1729,87400.0,-0.6317051649093628,5.816952228546143,8.508876800537111
1730,87500.0,-0.6317051649093628,5.816952228546143,8.508876800537111
1731,87600.0,-2.9048867225646973,7.207180976867676,10.626524925231934
1732,87700.0,-2.9048867225646973,7.207180976867676,10.626524925231934
1733,87800.0,0.0813559740781784,0.8877372145652771,-5.103890895843506
1734,87900.0,0.0813559740781784,0.8877372145652771,-5.103890895843506
1735,88000.0,0.3684946894645691,8.635696411132812,-9.90867805480957
1736,88100.0,0.3684946894645691,8.635696411132812,-9.90867805480957
1737,88200.0,-0.3158525824546814,6.774080753326416,-2.57228422164917
1738,88300.0,-0.3158525824546814,6.774080753326416,-2.57228422164917
1739,88400.0,-0.3158525824546814,6.774080753326416,-2.57228422164917
1740,87000.0,2.368894338607788,4.941178798675537,9.611968994140623
1741,87100.0,3.081955671310425,5.718846321105957,7.8819580078125
1742,87200.0,3.081955671310425,5.718846321105957,7.8819580078125
1743,87300.0,-0.6317051649093628,5.816952228546143,8.508876800537111
1744,87400.0,-0.6317051649093628,5.816952228546143,8.508876800537111
1745,87500.0,-0.6317051649093628,5.816952228546143,8.508876800537111
1746,87600.0,-2.9048867225646973,7.207180976867676,10.626524925231934
1747,87700.0,-2.9048867225646973,7.207180976867676,10.626524925231934
1748,87800.0,0.0813559740781784,0.8877372145652771,-5.103890895843506
1749,87900.0,0.0813559740781784,0.8877372145652771,-5.103890895843506
1750,88000.0,0.3684946894645691,8.635696411132812,-9.90867805480957
1751,88100.0,0.3684946894645691,8.635696411132812,-9.90867805480957
1752,88200.0,-0.3158525824546814,6.774080753326416,-2.57228422164917
1753,88300.0,-0.3158525824546814,6.774080753326416,-2.57228422164917
1754,88400.0,-0.3158525824546814,6.774080753326416,-2.57228422164917
1755,88500.0,4.3453660011291495,10.248459815979004,-2.4430718421936035
1756,88600.0,4.3453660011291495,10.248459815979004,-2.4430718421936035
1757,88700.0,1.4356936216354368,7.542177200317383,-7.551748275756836
1758,88800.0,1.4356936216354368,7.542177200317383,-7.551748275756836
1759,88900.0,-4.1587257385253915,7.479963302612305,-10.499706268310547
1760,89000.0,-4.1587257385253915,7.479963302612305,-10.499706268310547
1761,89100.0,-4.1587257385253915,7.479963302612305,-10.499706268310547
1762,89200.0,10.13599681854248,9.750752449035645,-1.1413763761520386
1763,89300.0,10.13599681854248,9.750752449035645,-1.1413763761520386
1764,89400.0,4.675575256347656,14.900107383728027,7.6115684509277335
1765,89500.0,4.675575256347656,14.900107383728027,7.6115684509277335
1766,89600.0,7.149754047393799,-1.5601203441619873,-9.006584167480469
1767,89700.0,7.149754047393799,-1.5601203441619873,-9.006584167480469
1768,89800.0,1.3782659769058228,8.38444995880127,3.8524444103240967
1769,89900.0,1.3782659769058228,8.38444995880127,3.8524444103240967
1770,88500.0,4.3453660011291495,10.248459815979004,-2.4430718421936035
1771,88600.0,4.3453660011291495,10.248459815979004,-2.4430718421936035
1772,88700.0,1.4356936216354368,7.542177200317383,-7.551748275756836
1773,88800.0,1.4356936216354368,7.542177200317383,-7.551748275756836
1774,88900.0,-4.1587257385253915,7.479963302612305,-10.499706268310547
1775,89000.0,-4.1587257385253915,7.479963302612305,-10.499706268310547
1776,89100.0,-4.1587257385253915,7.479963302612305,-10.499706268310547
1777,89200.0,10.13599681854248,9.750752449035645,-1.1413763761520386
1778,89300.0,10.13599681854248,9.750752449035645,-1.1413763761520386
1779,89400.0,4.675575256347656,14.900107383728027,7.6115684509277335
1780,89500.0,4.675575256347656,14.900107383728027,7.6115684509277335
1781,89600.0,7.149754047393799,-1.5601203441619873,-9.006584167480469
1782,89700.0,7.149754047393799,-1.5601203441619873,-9.006584167480469
1783,89800.0,1.3782659769058228,8.38444995880127,3.8524444103240967
1784,89900.0,1.3782659769058228,8.38444995880127,3.8524444103240967
1785,90000.0,1.3782659769058228,8.38444995880127,3.8524444103240967
1786,90100.0,14.849857330322266,7.802994728088379,-1.124626636505127
1787,90200.0,14.849857330322266,7.802994728088379,-1.124626636505127
1788,90300.0,-1.6845470666885376,7.53021240234375,-1.4452648162841797
1789,90400.0,-1.6845470666885376,7.53021240234375,-1.4452648162841797
1790,90500.0,2.187039852142334,6.082554817199707,-0.4929214715957642
1791,90600.0,2.187039852142334,6.082554817199707,-0.4929214715957642
1792,90700.0,2.187039852142334,6.082554817199707,-0.4929214715957642
1793,90800.0,5.383851051330566,7.898707389831543,-2.548356056213379
1794,90900.0,5.383851051330566,7.898707389831543,-2.548356056213379
1795,91000.0,5.106283187866211,6.527620315551758,-1.2083754539489746
1796,91100.0,5.106283187866211,6.527620315551758,-1.2083754539489746
1797,91200.0,2.431107759475708,7.403393745422362,0.6747759580612183
1798,91300.0,2.431107759475708,7.403393745422362,0.6747759580612183
1799,91400.0,2.431107759475708,7.403393745422362,0.6747759580612183
1800,90000.0,1.3782659769058228,8.38444995880127,3.8524444103240967
1801,90100.0,14.849857330322266,7.802994728088379,-1.124626636505127
1802,90200.0,14.849857330322266,7.802994728088379,-1.124626636505127
1803,90300.0,-1.6845470666885376,7.53021240234375,-1.4452648162841797
1804,90400.0,-1.6845470666885376,7.53021240234375,-1.4452648162841797
1805,90500.0,2.187039852142334,6.082554817199707,-0.4929214715957642
1806,90600.0,2.187039852142334,6.082554817199707,-0.4929214715957642
1807,90700.0,2.187039852142334,6.082554817199707,-0.4929214715957642
1808,90800.0,5.383851051330566,7.898707389831543,-2.548356056213379
1809,90900.0,5.383851051330566,7.898707389831543,-2.548356056213379
1810,91000.0,5.106283187866211,6.527620315551758,-1.2083754539489746
1811,91100.0,5.106283187866211,6.527620315551758,-1.2083754539489746
1812,91200.0,2.431107759475708,7.403393745422362,0.6747759580612183
1813,91300.0,2.431107759475708,7.403393745422362,0.6747759580612183
1814,91400.0,2.431107759475708,7.403393745422362,0.6747759580612183
1815,91500.0,11.95454216003418,7.259823799133301,-2.273181438446045
1816,91600.0,11.95454216003418,7.259823799133301,-2.273181438446045
1817,91700.0,-0.6508477926254272,6.821937084197997,1.0384850502014158
1818,91800.0,-0.6508477926254272,6.821937084197997,1.0384850502014158
1819,91900.0,6.374479293823242,10.932806968688963,8.23848819732666
1820,92000.0,6.374479293823242,10.932806968688963,8.23848819732666
1821,92100.0,1.5744771957397459,5.757131576538086,3.924229145050049
1822,92200.0,1.5744771957397459,5.757131576538086,3.924229145050049
1823,92300.0,-1.526620864868164,6.6903319358825675,3.936193227767944
1824,92400.0,-1.526620864868164,6.6903319358825675,3.936193227767944
1825,92500.0,-1.526620864868164,6.6903319358825675,3.936193227767944
1826,92600.0,9.561718940734863,6.221338748931885,1.4165509939193726
1827,92700.0,9.561718940734863,6.221338748931885,1.4165509939193726
1828,92800.0,-1.1341978311538696,6.721438884735107,4.816751956939697
1829,92900.0,-1.1341978311538696,6.721438884735107,4.816751956939697
1830,91500.0,11.95454216003418,7.259823799133301,-2.273181438446045
1831,91600.0,11.95454216003418,7.259823799133301,-2.273181438446045
1832,91700.0,-0.6508477926254272,6.821937084197997,1.0384850502014158
1833,91800.0,-0.6508477926254272,6.821937084197997,1.0384850502014158
1834,91900.0,6.374479293823242,10.932806968688963,8.23848819732666
1835,92000.0,6.374479293823242,10.932806968688963,8.23848819732666
1836,92100.0,1.5744771957397459,5.757131576538086,3.924229145050049
1837,92200.0,1.5744771957397459,5.757131576538086,3.924229145050049
1838,92300.0,-1.526620864868164,6.6903319358825675,3.936193227767944
1839,92400.0,-1.526620864868164,6.6903319358825675,3.936193227767944
1840,92500.0,-1.526620864868164,6.6903319358825675,3.936193227767944
1841,92600.0,9.561718940734863,6.221338748931885,1.4165509939193726
1842,92700.0,9.561718940734863,6.221338748931885,1.4165509939193726
1843,92800.0,-1.1341978311538696,6.721438884735107,4.816751956939697
1844,92900.0,-1.1341978311538696,6.721438884735107,4.816751956939697
1845,93000.0,0.9379864931106568,8.853443145751953,1.8305093050003047
1846,93100.0,0.9379864931106568,8.853443145751953,1.8305093050003047
1847,93200.0,0.9379864931106568,8.853443145751953,1.8305093050003047
1848,93300.0,13.73480224609375,5.458028793334961,0.7728817462921143
1849,93400.0,13.73480224609375,5.458028793334961,0.7728817462921143
1850,93500.0,5.245067596435547,10.02592658996582,8.798408508300781
1851,93600.0,5.245067596435547,10.02592658996582,8.798408508300781
1852,93700.0,5.245067596435547,10.02592658996582,8.798408508300781
1853,93800.0,2.5842485427856445,7.22871732711792,0.6891329884529114
1854,93900.0,2.5842485427856445,7.22871732711792,0.6891329884529114
1855,94000.0,7.513463020324707,8.95394229888916,-0.5647061467170715
1856,94100.0,7.513463020324707,8.95394229888916,-0.5647061467170715
1857,94200.0,2.723031997680664,7.903492927551269,3.31884503364563
1858,94300.0,2.723031997680664,7.903492927551269,3.31884503364563
1859,94400.0,2.833101987838745,8.640481948852539,0.784845769405365
1860,93000.0,0.9379864931106568,8.853443145751953,1.8305093050003047
1861,93100.0,0.9379864931106568,8.853443145751953,1.8305093050003047
1862,93200.0,0.9379864931106568,8.853443145751953,1.8305093050003047
1863,93300.0,13.73480224609375,5.458028793334961,0.7728817462921143
1864,93400.0,13.73480224609375,5.458028793334961,0.7728817462921143
1865,93500.0,5.245067596435547,10.02592658996582,8.798408508300781
1866,93600.0,5.245067596435547,10.02592658996582,8.798408508300781
1867,93700.0,5.245067596435547,10.02592658996582,8.798408508300781
1868,93800.0,2.5842485427856445,7.22871732711792,0.6891329884529114
1869,93900.0,2.5842485427856445,7.22871732711792,0.6891329884529114
1870,94000.0,7.513463020324707,8.95394229888916,-0.5647061467170715
1871,94100.0,7.513463020324707,8.95394229888916,-0.5647061467170715
1872,94200.0,2.723031997680664,7.903492927551269,3.31884503364563
1873,94300.0,2.723031997680664,7.903492927551269,3.31884503364563
1874,94400.0,2.833101987838745,8.640481948852539,0.784845769405365
1875,94500.0,2.833101987838745,8.640481948852539,0.784845769405365
1876,94600.0,2.833101987838745,8.640481948852539,0.784845769405365
1877,94700.0,9.17886734008789,12.394822120666506,6.711867332458496
1878,94800.0,9.17886734008789,12.394822120666506,6.711867332458496
1879,94900.0,6.2739810943603525,8.011170387268066,7.379465103149414
1880,95000.0,6.2739810943603525,8.011170387268066,7.379465103149414
1881,95100.0,6.2739810943603525,8.011170387268066,7.379465103149414
1882,95200.0,-0.4737788736820221,8.228917121887207,3.6610186100006095
1883,95300.0,-0.4737788736820221,8.228917121887207,3.6610186100006095
1884,95400.0,4.599005222320557,10.382457733154297,6.171089172363281
1885,95500.0,4.599005222320557,10.382457733154297,6.171089172363281
1886,95600.0,17.271392822265625,4.948357105255127,3.7663028240203857
1887,95700.0,17.271392822265625,4.948357105255127,3.7663028240203857
1888,95800.0,-14.778071403503418,5.125426292419434,3.9792640209198
1889,95900.0,-14.778071403503418,5.125426292419434,3.9792640209198
1890,94500.0,2.833101987838745,8.640481948852539,0.784845769405365
1891,94600.0,2.833101987838745,8.640481948852539,0.784845769405365
1892,94700.0,9.17886734008789,12.394822120666506,6.711867332458496
1893,94800.0,9.17886734008789,12.394822120666506,6.711867332458496
1894,94900.0,6.2739810943603525,8.011170387268066,7.379465103149414
1895,95000.0,6.2739810943603525,8.011170387268066,7.379465103149414
1896,95100.0,6.2739810943603525,8.011170387268066,7.379465103149414
1897,95200.0,-0.4737788736820221,8.228917121887207,3.6610186100006095
1898,95300.0,-0.4737788736820221,8.228917121887207,3.6610186100006095
1899,95400.0,4.599005222320557,10.382457733154297,6.171089172363281
1900,95500.0,4.599005222320557,10.382457733154297,6.171089172363281
1901,95600.0,17.271392822265625,4.948357105255127,3.7663028240203857
1902,95700.0,17.271392822265625,4.948357105255127,3.7663028240203857
1903,95800.0,-14.778071403503418,5.125426292419434,3.9792640209198
1904,95900.0,-14.778071403503418,5.125426292419434,3.9792640209198
1905,96000.0,-14.778071403503418,5.125426292419434,3.9792640209198
1906,96100.0,20.286352157592773,6.441478729248048,-1.813759446144104
1907,96200.0,20.286352157592773,6.441478729248048,-1.813759446144104
1908,96300.0,4.493720531463623,7.491927623748778,8.047062873840332
1909,96400.0,4.493720531463623,7.491927623748778,8.047062873840332
1910,96500.0,-1.6797614097595217,4.9435715675354,0.6699903011322021
1911,96600.0,-1.6797614097595217,4.9435715675354,0.6699903011322021
1912,96700.0,-1.6797614097595217,4.9435715675354,0.6699903011322021
1913,96800.0,14.175081253051758,11.062018394470217,-4.816751956939697
1914,96900.0,14.175081253051758,11.062018394470217,-4.816751956939697
1915,97000.0,0.22492533922195435,9.822537422180176,5.166104316711426
1916,97100.0,0.22492533922195435,9.822537422180176,5.166104316711426
1917,97200.0,-1.1581261157989502,6.788437843322754,4.2041893005371085
1918,97300.0,-1.1581261157989502,6.788437843322754,4.2041893005371085
1919,97400.0,-1.1581261157989502,6.788437843322754,4.2041893005371085
1920,96000.0,-14.778071403503418,5.125426292419434,3.9792640209198
1921,96100.0,20.286352157592773,6.441478729248048,-1.813759446144104
1922,96200.0,20.286352157592773,6.441478729248048,-1.813759446144104
1923,96300.0,4.493720531463623,7.491927623748778,8.047062873840332
1924,96400.0,4.493720531463623,7.491927623748778,8.047062873840332
1925,96500.0,-1.6797614097595217,4.9435715675354,0.6699903011322021
1926,96600.0,-1.6797614097595217,4.9435715675354,0.6699903011322021
1927,96700.0,-1.6797614097595217,4.9435715675354,0.6699903011322021
1928,96800.0,14.175081253051758,11.062018394470217,-4.816751956939697
1929,96900.0,14.175081253051758,11.062018394470217,-4.816751956939697
1930,97000.0,0.22492533922195435,9.822537422180176,5.166104316711426
1931,97100.0,0.22492533922195435,9.822537422180176,5.166104316711426
1932,97200.0,-1.1581261157989502,6.788437843322754,4.2041893005371085
1933,97300.0,-1.1581261157989502,6.788437843322754,4.2041893005371085
1934,97400.0,-1.1581261157989502,6.788437843322754,4.2041893005371085
1935,97500.0,14.237295150756836,8.71944522857666,3.438485860824585
1936,97600.0,14.237295150756836,8.71944522857666,3.438485860824585
1937,97700.0,-4.527220726013184,5.726025104522705,7.0444698333740225
1938,97800.0,-4.527220726013184,5.726025104522705,7.0444698333740225
1939,97900.0,3.072384119033813,7.427321434020996,5.015356063842773
1940,98000.0,3.072384119033813,7.427321434020996,5.015356063842773
1941,98100.0,12.67717456817627,7.664210796356201,7.070791244506836
1942,98200.0,12.67717456817627,7.664210796356201,7.070791244506836
1943,98300.0,-1.6989041566848757,6.75493860244751,8.908478736877441
1944,98400.0,-1.6989041566848757,6.75493860244751,8.908478736877441
1945,98500.0,-1.6989041566848757,6.75493860244751,8.908478736877441
1946,98600.0,2.321038007736206,8.173882484436035,8.47298526763916
1947,98700.0,2.321038007736206,8.173882484436035,8.47298526763916
1948,98800.0,13.50987720489502,4.388436794281007,5.230710506439209
1949,98900.0,13.50987720489502,4.388436794281007,5.230710506439209
1950,97500.0,14.237295150756836,8.71944522857666,3.438485860824585
1951,97600.0,14.237295150756836,8.71944522857666,3.438485860824585
1952,97700.0,-4.527220726013184,5.726025104522705,7.0444698333740225
1953,97800.0,-4.527220726013184,5.726025104522705,7.0444698333740225
1954,97900.0,3.072384119033813,7.427321434020996,5.015356063842773
1955,98000.0,3.072384119033813,7.427321434020996,5.015356063842773
1956,98100.0,12.67717456817627,7.664210796356201,7.070791244506836
1957,98200.0,12.67717456817627,7.664210796356201,7.070791244506836
1958,98300.0,-1.6989041566848757,6.75493860244751,8.908478736877441
1959,98400.0,-1.6989041566848757,6.75493860244751,8.908478736877441
1960,98500.0,-1.6989041566848757,6.75493860244751,8.908478736877441
1961,98600.0,2.321038007736206,8.173882484436035,8.47298526763916
1962,98700.0,2.321038007736206,8.173882484436035,8.47298526763916
1963,98800.0,13.50987720489502,4.388436794281007,5.230710506439209
1964,98900.0,13.50987720489502,4.388436794281007,5.230710506439209
1965,99000.0,10.829915046691896,8.927621841430664,8.310273170471191
1966,99100.0,10.829915046691896,8.927621841430664,8.310273170471191
1967,99200.0,10.829915046691896,8.927621841430664,8.310273170471191
1968,99300.0,-5.986842632293701,8.173882484436035,1.0001999139785769
1969,99400.0,-5.986842632293701,8.173882484436035,1.0001999139785769
1970,99500.0,5.029713153839111,9.011369705200195,12.212966918945312
1971,99600.0,5.029713153839111,9.011369705200195,12.212966918945312
1972,99700.0,8.274380683898926,4.7234320640563965,3.809373617172241
1973,99800.0,8.274380683898926,4.7234320640563965,3.809373617172241
1974,99900.0,8.274380683898926,4.7234320640563965,3.809373617172241
1975,100000.0,3.2207393646240234,2.2755744457244877,0.7992027401924133
1976,100100.0,3.2207393646240234,2.2755744457244877,0.7992027401924133
1977,100200.0,12.461820602416992,3.242274522781372,-1.062413215637207
1978,100300.0,12.461820602416992,3.242274522781372,-1.062413215637207
1979,100400.0,5.9198431968688965,10.169495582580566,3.6323046684265137
1980,99000.0,10.829915046691896,8.927621841430664,8.310273170471191
1981,99100.0,10.829915046691896,8.927621841430664,8.310273170471191
1982,99200.0,10.829915046691896,8.927621841430664,8.310273170471191
1983,99300.0,-5.986842632293701,8.173882484436035,1.0001999139785769
1984,99400.0,-5.986842632293701,8.173882484436035,1.0001999139785769
1985,99500.0,5.029713153839111,9.011369705200195,12.212966918945312
1986,99600.0,5.029713153839111,9.011369705200195,12.212966918945312
1987,99700.0,8.274380683898926,4.7234320640563965,3.809373617172241
1988,99800.0,8.274380683898926,4.7234320640563965,3.809373617172241
1989,99900.0,8.274380683898926,4.7234320640563965,3.809373617172241
1990,100000.0,3.2207393646240234,2.2755744457244877,0.7992027401924133
1991,100100.0,3.2207393646240234,2.2755744457244877,0.7992027401924133
1992,100200.0,12.461820602416992,3.242274522781372,-1.062413215637207
1993,100300.0,12.461820602416992,3.242274522781372,-1.062413215637207
1994,100400.0,5.9198431968688965,10.169495582580566,3.6323046684265137
1995,100500.0,5.9198431968688965,10.169495582580566,3.6323046684265137
1996,100600.0,5.9198431968688965,10.169495582580566,3.6323046684265137
1997,100700.0,3.488735675811768,5.54177713394165,3.646661758422852
1998,100800.0,3.488735675811768,5.54177713394165,3.646661758422852
1999,100900.0,6.226124286651611,8.255237579345701,2.71346116065979
2000,101000.0,6.226124286651611,8.255237579345701,2.71346116065979
2001,101100.0,15.06999683380127,5.565705299377441,-0.9308080077171326
2002,101200.0,15.06999683380127,5.565705299377441,-0.9308080077171326
2003,101300.0,15.06999683380127,5.565705299377441,-0.9308080077171326
2004,101400.0,8.082954406738281,0.2273181527853012,-1.710868239402771
2005,101500.0,8.082954406738281,0.2273181527853012,-1.710868239402771
2006,101600.0,11.849257469177244,0.011964112520217896,-1.5433706045150757
2007,101700.0,11.849257469177244,0.011964112520217896,-1.5433706045150757
2008,101800.0,11.849257469177244,0.011964112520217896,-1.5433706045150757
2009,101900.0,7.9728851318359375,2.5746772289276123,-5.477170467376709
2010,100500.0,5.9198431968688965,10.169495582580566,3.6323046684265137
2011,100600.0,5.9198431968688965,10.169495582580566,3.6323046684265137
2012,100700.0,3.488735675811768,5.54177713394165,3.646661758422852
2013,100800.0,3.488735675811768,5.54177713394165,3.646661758422852
2014,100900.0,6.226124286651611,8.255237579345701,2.71346116065979
2015,101000.0,6.226124286651611,8.255237579345701,2.71346116065979
2016,101100.0,15.06999683380127,5.565705299377441,-0.9308080077171326
2017,101200.0,15.06999683380127,5.565705299377441,-0.9308080077171326
2018,101300.0,15.06999683380127,5.565705299377441,-0.9308080077171326
2019,101400.0,8.082954406738281,0.2273181527853012,-1.710868239402771
2020,101500.0,8.082954406738281,0.2273181527853012,-1.710868239402771
2021,101600.0,11.849257469177244,0.011964112520217896,-1.5433706045150757
2022,101700.0,11.849257469177244,0.011964112520217896,-1.5433706045150757
2023,101800.0,11.849257469177244,0.011964112520217896,-1.5433706045150757
2024,101900.0,7.9728851318359375,2.5746772289276123,-5.477170467376709
2025,102000.0,7.9728851318359375,2.5746772289276123,-5.477170467376709
2026,102100.0,7.733603000640869,4.72582483291626,-1.6175479888916016
2027,102200.0,7.733603000640869,4.72582483291626,-1.6175479888916016
2028,102300.0,9.67657470703125,5.606383323669434,-2.8809585571289062
2029,102400.0,9.67657470703125,5.606383323669434,-2.8809585571289062
2030,102500.0,12.471391677856445,6.03230619430542,-1.6247265338897705
2031,102600.0,12.471391677856445,6.03230619430542,-1.6247265338897705
2032,102700.0,12.471391677856445,6.03230619430542,-1.6247265338897705
2033,102800.0,14.237295150756836,4.362115383148193,-2.878565788269043
2034,102900.0,14.237295150756836,4.362115383148193,-2.878565788269043
2035,103000.0,10.475777626037598,1.6103696823120115,0.055034920573234565
2036,103100.0,10.475777626037598,1.6103696823120115,0.055034920573234565
2037,103200.0,9.87278652191162,8.13798999786377,-10.451848983764648
2038,103300.0,9.87278652191162,8.13798999786377,-10.451848983764648
2039,103400.0,9.87278652191162,8.13798999786377,-10.451848983764648
2040,102000.0,7.9728851318359375,2.5746772289276123,-5.477170467376709
2041,102100.0,7.733603000640869,4.72582483291626,-1.6175479888916016
2042,102200.0,7.733603000640869,4.72582483291626,-1.6175479888916016
2043,102300.0,9.67657470703125,5.606383323669434,-2.8809585571289062
2044,102400.0,9.67657470703125,5.606383323669434,-2.8809585571289062
2045,102500.0,12.471391677856445,6.03230619430542,-1.6247265338897705
2046,102600.0,12.471391677856445,6.03230619430542,-1.6247265338897705
2047,102700.0,12.471391677856445,6.03230619430542,-1.6247265338897705
2048,102800.0,14.237295150756836,4.362115383148193,-2.878565788269043
2049,102900.0,14.237295150756836,4.362115383148193,-2.878565788269043
2050,103000.0,10.475777626037598,1.6103696823120115,0.055034920573234565
2051,103100.0,10.475777626037598,1.6103696823120115,0.055034920573234565
2052,103200.0,9.87278652191162,8.13798999786377,-10.451848983764648
2053,103300.0,9.87278652191162,8.13798999786377,-10.451848983764648
2054,103400.0,9.87278652191162,8.13798999786377,-10.451848983764648
2055,103500.0,8.389235496520996,6.422336101531982,-6.5108704566955575
2056,103600.0,8.389235496520996,6.422336101531982,-6.5108704566955575
2057,103700.0,14.428720474243164,3.924229145050049,1.641476273536682
2058,103800.0,14.428720474243164,3.924229145050049,1.641476273536682
2059,103900.0,11.24626636505127,-0.6101697683334351,-0.07178468257188797
2060,104000.0,11.24626636505127,-0.6101697683334351,-0.07178468257188797
2061,104100.0,11.24626636505127,-0.6101697683334351,-0.07178468257188797
2062,104200.0,12.370892524719238,5.350350856781006,-1.94297194480896
2063,104300.0,12.370892524719238,5.350350856781006,-1.94297194480896
2064,104400.0,2.526820659637451,3.081955671310425,-6.570690631866455
2065,104500.0,2.526820659637451,3.081955671310425,-6.570690631866455
2066,104600.0,14.610574722290039,0.17946170270442965,-0.9260223507881165
2067,104700.0,14.610574722290039,0.17946170270442965,-0.9260223507881165
2068,104800.0,14.610574722290039,0.17946170270442965,-0.9260223507881165
2069,104900.0,3.3738799095153813,5.312066078186035,-5.307280540466309
2070,103500.0,8.389235496520996,6.422336101531982,-6.5108704566955575
2071,103600.0,8.389235496520996,6.422336101531982,-6.5108704566955575
2072,103700.0,14.428720474243164,3.924229145050049,1.641476273536682
2073,103800.0,14.428720474243164,3.924229145050049,1.641476273536682
2074,103900.0,11.24626636505127,-0.6101697683334351,-0.07178468257188797
2075,104000.0,11.24626636505127,-0.6101697683334351,-0.07178468257188797
2076,104100.0,11.24626636505127,-0.6101697683334351,-0.07178468257188797
2077,104200.0,12.370892524719238,5.350350856781006,-1.94297194480896
2078,104300.0,12.370892524719238,5.350350856781006,-1.94297194480896
2079,104400.0,2.526820659637451,3.081955671310425,-6.570690631866455
2080,104500.0,2.526820659637451,3.081955671310425,-6.570690631866455
2081,104600.0,14.610574722290039,0.17946170270442965,-0.9260223507881165
2082,104700.0,14.610574722290039,0.17946170270442965,-0.9260223507881165
2083,104800.0,14.610574722290039,0.17946170270442965,-0.9260223507881165
2084,104900.0,3.3738799095153813,5.312066078186035,-5.307280540466309
2085,105000.0,3.3738799095153813,5.312066078186035,-5.307280540466309
2086,105100.0,8.030312538146973,4.4506497383117685,-4.419543266296387
2087,105200.0,8.030312538146973,4.4506497383117685,-4.419543266296387
2088,105300.0,-0.6317051649093628,5.213961124420166,-5.192424774169922
2089,105400.0,-0.6317051649093628,5.213961124420166,-5.192424774169922
2090,105500.0,-0.6317051649093628,5.213961124420166,-5.192424774169922
2091,105600.0,15.247066497802734,3.211168050765991,-3.211168050765991
2092,105700.0,15.247066497802734,3.211168050765991,-3.211168050765991
2093,105800.0,10.954340934753418,1.887937068939209,-2.4095723628997803
2094,105900.0,10.954340934753418,1.887937068939209,-2.4095723628997803
2095,106000.0,8.274380683898926,4.342973232269287,-2.4813570976257324
2096,106100.0,8.274380683898926,4.342973232269287,-2.4813570976257324
2097,106200.0,8.274380683898926,4.342973232269287,-2.4813570976257324
2098,106300.0,8.236095428466799,-0.818345308303833,-3.084348201751709
2099,106400.0,8.236095428466799,-0.818345308303833,-3.084348201751709
2100,105000.0,3.3738799095153813,5.312066078186035,-5.307280540466309
2101,105100.0,8.030312538146973,4.4506497383117685,-4.419543266296387
2102,105200.0,8.030312538146973,4.4506497383117685,-4.419543266296387
2103,105300.0,-0.6317051649093628,5.213961124420166,-5.192424774169922
2104,105400.0,-0.6317051649093628,5.213961124420166,-5.192424774169922
2105,105500.0,-0.6317051649093628,5.213961124420166,-5.192424774169922
2106,105600.0,15.247066497802734,3.211168050765991,-3.211168050765991
2107,105700.0,15.247066497802734,3.211168050765991,-3.211168050765991
2108,105800.0,10.954340934753418,1.887937068939209,-2.4095723628997803
2109,105900.0,10.954340934753418,1.887937068939209,-2.4095723628997803
2110,106000.0,8.274380683898926,4.342973232269287,-2.4813570976257324
2111,106100.0,8.274380683898926,4.342973232269287,-2.4813570976257324
2112,106200.0,8.274380683898926,4.342973232269287,-2.4813570976257324
2113,106300.0,8.236095428466799,-0.818345308303833,-3.084348201751709
2114,106400.0,8.236095428466799,-0.818345308303833,-3.084348201751709
2115,106500.0,12.289536476135256,3.7040894031524663,-1.5314064025878906
2116,106600.0,12.289536476135256,3.7040894031524663,-1.5314064025878906
2117,106700.0,19.02293968200684,0.3780659735202789,1.3854442834854126
2118,106800.0,19.02293968200684,0.3780659735202789,1.3854442834854126
2119,106900.0,7.743173599243164,15.067604064941404,-8.537590980529785
2120,107000.0,7.743173599243164,15.067604064941404,-8.537590980529785
2121,107100.0,7.862814903259277,4.232903003692627,-3.780659914016724
2122,107200.0,7.862814903259277,4.232903003692627,-3.780659914016724
2123,107300.0,7.862814903259277,4.232903003692627,-3.780659914016724
2124,107400.0,15.27578067779541,-6.034698486328125,4.060619831085205
2125,107500.0,15.27578067779541,-6.034698486328125,4.060619831085205
2126,107600.0,15.42892074584961,5.711667537689209,2.565105676651001
2127,107700.0,15.42892074584961,5.711667537689209,2.565105676651001
2128,107800.0,1.7898313999176023,13.191631317138672,-8.45862865447998
2129,107900.0,1.7898313999176023,13.191631317138672,-8.45862865447998
2130,106500.0,12.289536476135256,3.7040894031524663,-1.5314064025878906
2131,106600.0,12.289536476135256,3.7040894031524663,-1.5314064025878906
2132,106700.0,19.02293968200684,0.3780659735202789,1.3854442834854126
2133,106800.0,19.02293968200684,0.3780659735202789,1.3854442834854126
2134,106900.0,7.743173599243164,15.067604064941404,-8.537590980529785
2135,107000.0,7.743173599243164,15.067604064941404,-8.537590980529785
2136,107100.0,7.862814903259277,4.232903003692627,-3.780659914016724
2137,107200.0,7.862814903259277,4.232903003692627,-3.780659914016724
2138,107300.0,7.862814903259277,4.232903003692627,-3.780659914016724
2139,107400.0,15.27578067779541,-6.034698486328125,4.060619831085205
2140,107500.0,15.27578067779541,-6.034698486328125,4.060619831085205
2141,107600.0,15.42892074584961,5.711667537689209,2.565105676651001
2142,107700.0,15.42892074584961,5.711667537689209,2.565105676651001
2143,107800.0,1.7898313999176023,13.191631317138672,-8.45862865447998
2144,107900.0,1.7898313999176023,13.191631317138672,-8.45862865447998
2145,108000.0,1.7898313999176023,13.191631317138672,-8.45862865447998
2146,108100.0,7.479963302612305,5.161318302154541,0.8709874749183655
2147,108200.0,7.479963302612305,5.161318302154541,0.8709874749183655
2148,108300.0,6.757331371307372,7.4703922271728525,-1.1988041400909424
2149,108400.0,6.757331371307372,7.4703922271728525,-1.1988041400909424
2150,108500.0,10.088139533996582,10.401599884033203,2.53399920463562
2151,108600.0,10.088139533996582,10.401599884033203,2.53399920463562
2152,108700.0,-2.335394859313965,7.503891944885254,2.0673987865448002
2153,108800.0,-2.335394859313965,7.503891944885254,2.0673987865448002
2154,108900.0,-2.335394859313965,7.503891944885254,2.0673987865448002
2155,109000.0,16.907684326171875,4.955535888671875,-0.062213387340307236
2156,109100.0,16.907684326171875,4.955535888671875,-0.062213387340307236
2157,109200.0,4.498506546020508,13.115059852600098,4.776073932647705
2158,109300.0,4.498506546020508,13.115059852600098,4.776073932647705
2159,109400.0,-1.244267821311951,5.223531246185303,2.12961220741272
2160,108000.0,1.7898313999176023,13.191631317138672,-8.45862865447998
2161,108100.0,7.479963302612305,5.161318302154541,0.8709874749183655
2162,108200.0,7.479963302612305,5.161318302154541,0.8709874749183655
2163,108300.0,6.757331371307372,7.4703922271728525,-1.1988041400909424
2164,108400.0,6.757331371307372,7.4703922271728525,-1.1988041400909424
2165,108500.0,10.088139533996582,10.401599884033203,2.53399920463562
2166,108600.0,10.088139533996582,10.401599884033203,2.53399920463562
2167,108700.0,-2.335394859313965,7.503891944885254,2.0673987865448002
2168,108800.0,-2.335394859313965,7.503891944885254,2.0673987865448002
2169,108900.0,-2.335394859313965,7.503891944885254,2.0673987865448002
2170,109000.0,16.907684326171875,4.955535888671875,-0.062213387340307236
2171,109100.0,16.907684326171875,4.955535888671875,-0.062213387340307236
2172,109200.0,4.498506546020508,13.115059852600098,4.776073932647705
2173,109300.0,4.498506546020508,13.115059852600098,4.776073932647705
2174,109400.0,-1.244267821311951,5.223531246185303,2.12961220741272
2175,109500.0,-1.244267821311951,5.223531246185303,2.12961220741272
2176,109600.0,9.781858444213867,12.906885147094727,2.9527432918548584
2177,109700.0,9.781858444213867,12.906885147094727,2.9527432918548584
2178,109800.0,9.781858444213867,12.906885147094727,2.9527432918548584
2179,109900.0,9.580862045288086,8.188239097595215,2.0817556381225586
2180,110000.0,9.580862045288086,8.188239097595215,2.0817556381225586
2181,110100.0,-3.7184462547302246,6.388835906982423,-1.2490534782409668
2182,110200.0,-3.7184462547302246,6.388835906982423,-1.2490534782409668
2183,110300.0,5.828916072845459,7.6833534240722665,0.413958340883255
2184,110400.0,5.828916072845459,7.6833534240722665,0.413958340883255
2185,110500.0,5.828916072845459,7.6833534240722665,0.413958340883255
2186,110600.0,8.82951545715332,6.599405288696289,-0.5814558863639832
2187,110700.0,8.82951545715332,6.599405288696289,-0.5814558863639832
2188,110800.0,-0.7130610942840576,8.34855842590332,-1.8592231273651123
2189,110900.0,-0.7130610942840576,8.34855842590332,-1.8592231273651123
2190,109500.0,-1.244267821311951,5.223531246185303,2.12961220741272
2191,109600.0,9.781858444213867,12.906885147094727,2.9527432918548584
2192,109700.0,9.781858444213867,12.906885147094727,2.9527432918548584
2193,109800.0,9.781858444213867,12.906885147094727,2.9527432918548584
2194,109900.0,9.580862045288086,8.188239097595215,2.0817556381225586
2195,110000.0,9.580862045288086,8.188239097595215,2.0817556381225586
2196,110100.0,-3.7184462547302246,6.388835906982423,-1.2490534782409668
2197,110200.0,-3.7184462547302246,6.388835906982423,-1.2490534782409668
2198,110300.0,5.828916072845459,7.6833534240722665,0.413958340883255
2199,110400.0,5.828916072845459,7.6833534240722665,0.413958340883255
2200,110500.0,5.828916072845459,7.6833534240722665,0.413958340883255
2201,110600.0,8.82951545715332,6.599405288696289,-0.5814558863639832
2202,110700.0,8.82951545715332,6.599405288696289,-0.5814558863639832
2203,110800.0,-0.7130610942840576,8.34855842590332,-1.8592231273651123
2204,110900.0,-0.7130610942840576,8.34855842590332,-1.8592231273651123
2205,111000.0,12.337392807006836,4.962714195251465,-5.391028881072998
2206,111100.0,12.337392807006836,4.962714195251465,-5.391028881072998
2207,111200.0,5.149354457855225,4.0390844345092765,-3.2135608196258545
2208,111300.0,5.149354457855225,4.0390844345092765,-3.2135608196258545
2209,111400.0,5.149354457855225,4.0390844345092765,-3.2135608196258545
2210,111500.0,10.590633392333984,-1.6319050788879397,-0.6699903011322021
2211,111600.0,10.590633392333984,-1.6319050788879397,-0.6699903011322021
2212,111700.0,5.594419479370117,-5.233102798461914,4.4721856117248535
2213,111800.0,5.594419479370117,-5.233102798461914,4.4721856117248535
2214,111900.0,3.522234916687012,-2.9264223575592037,-1.674975872039795
2215,112000.0,3.522234916687012,-2.9264223575592037,-1.674975872039795
2216,112100.0,3.522234916687012,-2.9264223575592037,-1.674975872039795
2217,112200.0,5.800201892852782,-4.922036170959473,6.087340831756593
2218,112300.0,5.800201892852782,-4.922036170959473,6.087340831756593
2219,112400.0,3.871586799621582,-0.9930213689804076,-2.1439690589904785
2220,111000.0,12.337392807006836,4.962714195251465,-5.391028881072998
2221,111100.0,12.337392807006836,4.962714195251465,-5.391028881072998
2222,111200.0,5.149354457855225,4.0390844345092765,-3.2135608196258545
2223,111300.0,5.149354457855225,4.0390844345092765,-3.2135608196258545
2224,111400.0,5.149354457855225,4.0390844345092765,-3.2135608196258545
2225,111500.0,10.590633392333984,-1.6319050788879397,-0.6699903011322021
2226,111600.0,10.590633392333984,-1.6319050788879397,-0.6699903011322021
2227,111700.0,5.594419479370117,-5.233102798461914,4.4721856117248535
2228,111800.0,5.594419479370117,-5.233102798461914,4.4721856117248535
2229,111900.0,3.522234916687012,-2.9264223575592037,-1.674975872039795
2230,112000.0,3.522234916687012,-2.9264223575592037,-1.674975872039795
2231,112100.0,3.522234916687012,-2.9264223575592037,-1.674975872039795
2232,112200.0,5.800201892852782,-4.922036170959473,6.087340831756593
2233,112300.0,5.800201892852782,-4.922036170959473,6.087340831756593
2234,112400.0,3.871586799621582,-0.9930213689804076,-2.1439690589904785
2235,112500.0,3.871586799621582,-0.9930213689804076,-2.1439690589904785
2236,112600.0,13.878372192382812,-1.84965181350708,-2.093719720840454
2237,112700.0,13.878372192382812,-1.84965181350708,-2.093719720840454
2238,112800.0,13.466805458068848,0.3230310678482056,-5.051248073577881
2239,112900.0,13.466805458068848,0.3230310678482056,-5.051248073577881
2240,113000.0,8.221738815307617,4.333401679992677,-4.19701099395752
2241,113100.0,8.221738815307617,4.333401679992677,-4.19701099395752
2242,113200.0,8.221738815307617,4.333401679992677,-4.19701099395752
2243,113300.0,7.5661048889160165,4.697111129760742,-5.48674201965332
2244,113400.0,7.5661048889160165,4.697111129760742,-5.48674201965332
2245,113500.0,32.374889373779304,-17.269001007080078,26.5316162109375
2246,113600.0,32.374889373779304,-17.269001007080078,26.5316162109375
2247,113700.0,32.374889373779304,-17.269001007080078,26.5316162109375
2248,113800.0,3.0005996227264404,7.858029365539551,-8.666803359985353
2249,113900.0,3.0005996227264404,7.858029365539551,-8.666803359985353
2250,112500.0,3.871586799621582,-0.9930213689804076,-2.1439690589904785
2251,112600.0,13.878372192382812,-1.84965181350708,-2.093719720840454
2252,112700.0,13.878372192382812,-1.84965181350708,-2.093719720840454
2253,112800.0,13.466805458068848,0.3230310678482056,-5.051248073577881
2254,112900.0,13.466805458068848,0.3230310678482056,-5.051248073577881
2255,113000.0,8.221738815307617,4.333401679992677,-4.19701099395752
2256,113100.0,8.221738815307617,4.333401679992677,-4.19701099395752
2257,113200.0,8.221738815307617,4.333401679992677,-4.19701099395752
2258,113300.0,7.5661048889160165,4.697111129760742,-5.48674201965332
2259,113400.0,7.5661048889160165,4.697111129760742,-5.48674201965332
2260,113500.0,32.374889373779304,-17.269001007080078,26.5316162109375
2261,113600.0,32.374889373779304,-17.269001007080078,26.5316162109375
2262,113700.0,32.374889373779304,-17.269001007080078,26.5316162109375
2263,113800.0,3.0005996227264404,7.858029365539551,-8.666803359985353
2264,113900.0,3.0005996227264404,7.858029365539551,-8.666803359985353
2265,114000.0,17.592033386230472,-1.3232309818267822,-2.830709218978882
2266,114100.0,17.592033386230472,-1.3232309818267822,-2.830709218978882
2267,114200.0,13.284950256347654,2.033899307250977,-6.910471439361572
2268,114300.0,13.284950256347654,2.033899307250977,-6.910471439361572
2269,114400.0,5.819344997406006,2.5004994869232178,-5.883951187133789
2270,114500.0,5.819344997406006,2.5004994869232178,-5.883951187133789
2271,114600.0,5.819344997406006,2.5004994869232178,-5.883951187133789
2272,114700.0,17.338394165039062,-3.742374420166016,0.7992027401924133
2273,114800.0,17.338394165039062,-3.742374420166016,0.7992027401924133
2274,114900.0,3.603590488433838,3.290131092071533,-2.9551358222961426
2275,115000.0,3.603590488433838,3.290131092071533,-2.9551358222961426
2276,115100.0,6.6281185150146475,-2.945564746856689,1.954936146736145
2277,115200.0,6.6281185150146475,-2.945564746856689,1.954936146736145
2278,115300.0,17.58724594116211,-6.254837989807129,2.0147566795349117
2279,115400.0,17.58724594116211,-6.254837989807129,2.0147566795349117
2280,114000.0,17.592033386230472,-1.3232309818267822,-2.830709218978882
2281,114100.0,17.592033386230472,-1.3232309818267822,-2.830709218978882
2282,114200.0,13.284950256347654,2.033899307250977,-6.910471439361572
2283,114300.0,13.284950256347654,2.033899307250977,-6.910471439361572
2284,114400.0,5.819344997406006,2.5004994869232178,-5.883951187133789
2285,114500.0,5.819344997406006,2.5004994869232178,-5.883951187133789
2286,114600.0,5.819344997406006,2.5004994869232178,-5.883951187133789
2287,114700.0,17.338394165039062,-3.742374420166016,0.7992027401924133
2288,114800.0,17.338394165039062,-3.742374420166016,0.7992027401924133
2289,114900.0,3.603590488433838,3.290131092071533,-2.9551358222961426
2290,115000.0,3.603590488433838,3.290131092071533,-2.9551358222961426
2291,115100.0,6.6281185150146475,-2.945564746856689,1.954936146736145
2292,115200.0,6.6281185150146475,-2.945564746856689,1.954936146736145
2293,115300.0,17.58724594116211,-6.254837989807129,2.0147566795349117
2294,115400.0,17.58724594116211,-6.254837989807129,2.0147566795349117
2295,115500.0,17.58724594116211,-6.254837989807129,2.0147566795349117
2296,115600.0,12.01675510406494,-5.242674350738525,4.845465660095215
2297,115700.0,12.01675510406494,-5.242674350738525,4.845465660095215
2298,115800.0,5.560920238494873,5.359922409057617,-14.847463607788086
2299,115900.0,5.560920238494873,5.359922409057617,-14.847463607788086
2300,116000.0,9.848857879638672,2.230110645294189,-3.948157548904419
2301,116100.0,9.848857879638672,2.230110645294189,-3.948157548904419
2302,116200.0,9.848857879638672,2.230110645294189,-3.948157548904419
2303,116300.0,15.227923393249512,-8.073383331298826,4.264009952545166
2304,116400.0,15.227923393249512,-8.073383331298826,4.264009952545166
2305,116500.0,15.955342292785645,7.877171993255615,3.7064821720123287
2306,116600.0,15.955342292785645,7.877171993255615,3.7064821720123287
2307,116700.0,4.053441524505615,-1.9142580032348635,-3.208775281906128
2308,116800.0,4.053441524505615,-1.9142580032348635,-3.208775281906128
2309,116900.0,4.053441524505615,-1.9142580032348635,-3.208775281906128
2310,115500.0,17.58724594116211,-6.254837989807129,2.0147566795349117
2311,115600.0,12.01675510406494,-5.242674350738525,4.845465660095215
2312,115700.0,12.01675510406494,-5.242674350738525,4.845465660095215
2313,115800.0,5.560920238494873,5.359922409057617,-14.847463607788086
2314,115900.0,5.560920238494873,5.359922409057617,-14.847463607788086
2315,116000.0,9.848857879638672,2.230110645294189,-3.948157548904419
2316,116100.0,9.848857879638672,2.230110645294189,-3.948157548904419
2317,116200.0,9.848857879638672,2.230110645294189,-3.948157548904419
2318,116300.0,15.227923393249512,-8.073383331298826,4.264009952545166
2319,116400.0,15.227923393249512,-8.073383331298826,4.264009952545166
2320,116500.0,15.955342292785645,7.877171993255615,3.7064821720123287
2321,116600.0,15.955342292785645,7.877171993255615,3.7064821720123287
2322,116700.0,4.053441524505615,-1.9142580032348635,-3.208775281906128
2323,116800.0,4.053441524505615,-1.9142580032348635,-3.208775281906128
2324,116900.0,4.053441524505615,-1.9142580032348635,-3.208775281906128
2325,117000.0,6.69990348815918,7.046862602233888,-4.948357105255127
2326,117100.0,6.69990348815918,7.046862602233888,-4.948357105255127
2327,117200.0,8.791230201721191,-2.9048867225646973,5.505885124206543
2328,117300.0,8.791230201721191,-2.9048867225646973,5.505885124206543
2329,117400.0,6.451050281524657,10.092925071716307,2.691925525665283
2330,117500.0,6.451050281524657,10.092925071716307,2.691925525665283
2331,117600.0,-3.3738799095153813,4.658825397491455,4.426721572875977
2332,117700.0,-3.3738799095153813,4.658825397491455,4.426721572875977
2333,117800.0,-3.3738799095153813,4.658825397491455,4.426721572875977
2334,117900.0,1.1676974296569824,10.643275260925293,9.42772102355957
2335,118000.0,1.1676974296569824,10.643275260925293,9.42772102355957
2336,118100.0,2.589033842086792,3.4169507026672363,7.858029365539551
2337,118200.0,2.589033842086792,3.4169507026672363,7.858029365539551
2338,118300.0,2.589033842086792,3.4169507026672363,7.858029365539551
2339,118400.0,0.5551348924636841,7.456035614013673,8.11406135559082
2340,117000.0,6.69990348815918,7.046862602233888,-4.948357105255127
2341,117100.0,6.69990348815918,7.046862602233888,-4.948357105255127
2342,117200.0,8.791230201721191,-2.9048867225646973,5.505885124206543
2343,117300.0,8.791230201721191,-2.9048867225646973,5.505885124206543
2344,117400.0,6.451050281524657,10.092925071716307,2.691925525665283
2345,117500.0,6.451050281524657,10.092925071716307,2.691925525665283
2346,117600.0,-3.3738799095153813,4.658825397491455,4.426721572875977
2347,117700.0,-3.3738799095153813,4.658825397491455,4.426721572875977
2348,117800.0,-3.3738799095153813,4.658825397491455,4.426721572875977
2349,117900.0,1.1676974296569824,10.643275260925293,9.42772102355957
2350,118000.0,1.1676974296569824,10.643275260925293,9.42772102355957
2351,118100.0,2.589033842086792,3.4169507026672363,7.858029365539551
2352,118200.0,2.589033842086792,3.4169507026672363,7.858029365539551
2353,118300.0,2.589033842086792,3.4169507026672363,7.858029365539551
2354,118400.0,0.5551348924636841,7.456035614013673,8.11406135559082
2355,118500.0,0.5551348924636841,7.456035614013673,8.11406135559082
2356,118600.0,4.589433670043945,3.1274189949035645,8.102097511291504
2357,118700.0,4.589433670043945,3.1274189949035645,8.102097511291504
2358,118800.0,14.586647033691404,5.72841739654541,12.715458869934082
2359,118900.0,14.586647033691404,5.72841739654541,12.715458869934082
2360,119000.0,-5.201996326446533,1.1006983518600464,0.5694918036460876
2361,119100.0,-5.201996326446533,1.1006983518600464,0.5694918036460876
2362,119200.0,-5.201996326446533,1.1006983518600464,0.5694918036460876
2363,119300.0,16.993827819824222,-6.922436237335205,30.33859825134277
2364,119400.0,16.993827819824222,-6.922436237335205,30.33859825134277
2365,119500.0,1.34476637840271,0.696311354637146,8.906085968017578
2366,119600.0,1.34476637840271,0.696311354637146,8.906085968017578
2367,119700.0,1.34476637840271,0.696311354637146,8.906085968017578
2368,119800.0,9.09272575378418,6.424728870391847,5.3551368713378915
2369,119900.0,9.09272575378418,6.424728870391847,5.3551368713378915
2370,118500.0,0.5551348924636841,7.456035614013673,8.11406135559082
2371,118600.0,4.589433670043945,3.1274189949035645,8.102097511291504
2372,118700.0,4.589433670043945,3.1274189949035645,8.102097511291504
2373,118800.0,14.586647033691404,5.72841739654541,12.715458869934082
2374,118900.0,14.586647033691404,5.72841739654541,12.715458869934082
2375,119000.0,-5.201996326446533,1.1006983518600464,0.5694918036460876
2376,119100.0,-5.201996326446533,1.1006983518600464,0.5694918036460876
2377,119200.0,-5.201996326446533,1.1006983518600464,0.5694918036460876
2378,119300.0,16.993827819824222,-6.922436237335205,30.33859825134277
2379,119400.0,16.993827819824222,-6.922436237335205,30.33859825134277
2380,119500.0,1.34476637840271,0.696311354637146,8.906085968017578
2381,119600.0,1.34476637840271,0.696311354637146,8.906085968017578
2382,119700.0,1.34476637840271,0.696311354637146,8.906085968017578
2383,119800.0,9.09272575378418,6.424728870391847,5.3551368713378915
2384,119900.0,9.09272575378418,6.424728870391847,5.3551368713378915
2385,120000.0,4.144368648529054,6.008377552032472,10.15035343170166
2386,120100.0,4.144368648529054,6.008377552032472,10.15035343170166
2387,120200.0,-1.2251251935958862,7.814958095550537,4.88853645324707
2388,120300.0,-1.2251251935958862,7.814958095550537,4.88853645324707
2389,120400.0,18.702301025390625,-2.242074966430664,-1.3519448041915894
2390,120500.0,18.702301025390625,-2.242074966430664,-1.3519448041915894
2391,120600.0,5.350350856781006,7.2478599548339835,12.425928115844727
2392,120700.0,5.350350856781006,7.2478599548339835,12.425928115844727
2393,120800.0,5.350350856781006,7.2478599548339835,12.425928115844727
2394,120900.0,2.7661027908325195,8.047062873840332,12.547962188720705
2395,121000.0,2.7661027908325195,8.047062873840332,12.547962188720705
2396,121100.0,16.208980560302734,4.091726779937743,4.424329280853272
2397,121200.0,16.208980560302734,4.091726779937743,4.424329280853272
2398,121300.0,-7.83410120010376,5.340780735015869,2.4358932971954346
2399,121400.0,-7.83410120010376,5.340780735015869,2.4358932971954346
2400,120000.0,4.144368648529054,6.008377552032472,10.15035343170166
2401,120100.0,4.144368648529054,6.008377552032472,10.15035343170166
2402,120200.0,-1.2251251935958862,7.814958095550537,4.88853645324707
2403,120300.0,-1.2251251935958862,7.814958095550537,4.88853645324707
2404,120400.0,18.702301025390625,-2.242074966430664,-1.3519448041915894
2405,120500.0,18.702301025390625,-2.242074966430664,-1.3519448041915894
2406,120600.0,5.350350856781006,7.2478599548339835,12.425928115844727
2407,120700.0,5.350350856781006,7.2478599548339835,12.425928115844727
2408,120800.0,5.350350856781006,7.2478599548339835,12.425928115844727
2409,120900.0,2.7661027908325195,8.047062873840332,12.547962188720705
2410,121000.0,2.7661027908325195,8.047062873840332,12.547962188720705
2411,121100.0,16.208980560302734,4.091726779937743,4.424329280853272
2412,121200.0,16.208980560302734,4.091726779937743,4.424329280853272
2413,121300.0,-7.83410120010376,5.340780735015869,2.4358932971954346
2414,121400.0,-7.83410120010376,5.340780735015869,2.4358932971954346
2415,121500.0,-7.83410120010376,5.340780735015869,2.4358932971954346
2416,121600.0,21.870399475097656,5.560920238494873,4.3932223320007315
2417,121700.0,21.870399475097656,5.560920238494873,4.3932223320007315
2418,121800.0,-2.7086753845214844,1.0241280794143677,9.401400566101074
2419,121900.0,-2.7086753845214844,1.0241280794143677,9.401400566101074
2420,122000.0,-2.7086753845214844,1.0241280794143677,9.401400566101074
2421,122100.0,5.3359947204589835,2.9048867225646973,9.760323524475098
2422,122200.0,5.3359947204589835,2.9048867225646973,9.760323524475098
2423,122300.0,19.62114715576172,5.166104316711426,5.836094379425049
2424,122400.0,19.62114715576172,5.166104316711426,5.836094379425049
2425,122500.0,-12.777671813964846,7.628318786621094,7.441678524017334
2426,122600.0,-12.777671813964846,7.628318786621094,7.441678524017334
2427,122700.0,9.820144653320312,4.934000015258789,12.205788612365724
2428,122800.0,9.820144653320312,4.934000015258789,12.205788612365724
2429,122900.0,9.820144653320312,4.934000015258789,12.205788612365724
2430,121500.0,-7.83410120010376,5.340780735015869,2.4358932971954346
2431,121600.0,21.870399475097656,5.560920238494873,4.3932223320007315
2432,121700.0,21.870399475097656,5.560920238494873,4.3932223320007315
2433,121800.0,-2.7086753845214844,1.0241280794143677,9.401400566101074
2434,121900.0,-2.7086753845214844,1.0241280794143677,9.401400566101074
2435,122000.0,-2.7086753845214844,1.0241280794143677,9.401400566101074
2436,122100.0,5.3359947204589835,2.9048867225646973,9.760323524475098
2437,122200.0,5.3359947204589835,2.9048867225646973,9.760323524475098
2438,122300.0,19.62114715576172,5.166104316711426,5.836094379425049
2439,122400.0,19.62114715576172,5.166104316711426,5.836094379425049
2440,122500.0,-12.777671813964846,7.628318786621094,7.441678524017334
2441,122600.0,-12.777671813964846,7.628318786621094,7.441678524017334
2442,122700.0,9.820144653320312,4.934000015258789,12.205788612365724
2443,122800.0,9.820144653320312,4.934000015258789,12.205788612365724
2444,122900.0,9.820144653320312,4.934000015258789,12.205788612365724
2445,123000.0,14.912071228027346,0.7968099117279053,8.260024070739746
2446,123100.0,14.912071228027346,0.7968099117279053,8.260024070739746
2447,123200.0,-1.3399806022644043,4.914857387542725,6.27158784866333
2448,123300.0,-1.3399806022644043,4.914857387542725,6.27158784866333
2449,123400.0,-1.3399806022644043,4.914857387542725,6.27158784866333
2450,123500.0,18.218950271606445,2.988635540008545,3.8237307071685787
2451,123600.0,18.218950271606445,2.988635540008545,3.8237307071685787
2452,123700.0,1.3208380937576294,-0.2919243574142456,4.431507587432861
2453,123800.0,1.3208380937576294,-0.2919243574142456,4.431507587432861
2454,123900.0,-0.028713870793581012,5.1637115478515625,9.619147300720217
2455,124000.0,-0.028713870793581012,5.1637115478515625,9.619147300720217
2456,124100.0,2.9288151264190674,3.6610186100006095,9.738788604736328
2457,124200.0,2.9288151264190674,3.6610186100006095,9.738788604736328
2458,124300.0,0.8231310248374939,2.1200408935546875,9.14297580718994
2459,124400.0,0.8231310248374939,2.1200408935546875,9.14297580718994
2460,123000.0,14.912071228027346,0.7968099117279053,8.260024070739746
2461,123100.0,14.912071228027346,0.7968099117279053,8.260024070739746
2462,123200.0,-1.3399806022644043,4.914857387542725,6.27158784866333
2463,123300.0,-1.3399806022644043,4.914857387542725,6.27158784866333
2464,123400.0,-1.3399806022644043,4.914857387542725,6.27158784866333
2465,123500.0,18.218950271606445,2.988635540008545,3.8237307071685787
2466,123600.0,18.218950271606445,2.988635540008545,3.8237307071685787
2467,123700.0,1.3208380937576294,-0.2919243574142456,4.431507587432861
2468,123800.0,1.3208380937576294,-0.2919243574142456,4.431507587432861
2469,123900.0,-0.028713870793581012,5.1637115478515625,9.619147300720217
2470,124000.0,-0.028713870793581012,5.1637115478515625,9.619147300720217
2471,124100.0,2.9288151264190674,3.6610186100006095,9.738788604736328
2472,124200.0,2.9288151264190674,3.6610186100006095,9.738788604736328
2473,124300.0,0.8231310248374939,2.1200408935546875,9.14297580718994
2474,124400.0,0.8231310248374939,2.1200408935546875,9.14297580718994
2475,124500.0,0.8231310248374939,2.1200408935546875,9.14297580718994
2476,124600.0,2.2827527523040767,3.34995174407959,7.922636032104492
2477,124700.0,2.2827527523040767,3.34995174407959,7.922636032104492
2478,124800.0,1.0815558433532717,5.048855781555176,10.437491416931152
2479,124900.0,1.0815558433532717,5.048855781555176,10.437491416931152
2480,125000.0,1.6462620496749878,3.201596736907959,8.025527954101562
2481,125100.0,1.6462620496749878,3.201596736907959,8.025527954101562
2482,125200.0,0.14356936514377594,3.507878065109253,9.573683738708496
2483,125300.0,0.14356936514377594,3.507878065109253,9.573683738708496
2484,125400.0,0.14356936514377594,3.507878065109253,9.573683738708496
2485,125500.0,-0.4354937374591827,1.706082463264465,10.028319358825684
2486,125600.0,-0.4354937374591827,1.706082463264465,10.028319358825684
2487,125700.0,-3.0245277881622314,2.6679973602294917,9.09511947631836
2488,125800.0,-3.0245277881622314,2.6679973602294917,9.09511947631836
2489,125900.0,4.651647090911865,2.857030153274536,10.91127109527588
2490,124500.0,0.8231310248374939,2.1200408935546875,9.14297580718994
2491,124600.0,2.2827527523040767,3.34995174407959,7.922636032104492
2492,124700.0,2.2827527523040767,3.34995174407959,7.922636032104492
2493,124800.0,1.0815558433532717,5.048855781555176,10.437491416931152
2494,124900.0,1.0815558433532717,5.048855781555176,10.437491416931152
2495,125000.0,1.6462620496749878,3.201596736907959,8.025527954101562
2496,125100.0,1.6462620496749878,3.201596736907959,8.025527954101562
2497,125200.0,0.14356936514377594,3.507878065109253,9.573683738708496
2498,125300.0,0.14356936514377594,3.507878065109253,9.573683738708496
2499,125400.0,0.14356936514377594,3.507878065109253,9.573683738708496
2500,125500.0,-0.4354937374591827,1.706082463264465,10.028319358825684
2501,125600.0,-0.4354937374591827,1.706082463264465,10.028319358825684
2502,125700.0,-3.0245277881622314,2.6679973602294917,9.09511947631836
2503,125800.0,-3.0245277881622314,2.6679973602294917,9.09511947631836
2504,125900.0,4.651647090911865,2.857030153274536,10.91127109527588
2505,126000.0,4.651647090911865,2.857030153274536,10.91127109527588
2506,126100.0,4.651647090911865,2.857030153274536,10.91127109527588
2507,126200.0,2.517249345779419,2.89052963256836,12.232110023498535
2508,126300.0,2.517249345779419,2.89052963256836,12.232110023498535
2509,126400.0,-0.8470591902732849,-2.313859462738037,7.444070816040039
2510,126500.0,-0.8470591902732849,-2.313859462738037,7.444070816040039
2511,126600.0,16.634902954101562,-0.10289137810468674,5.01296329498291
2512,126700.0,16.634902954101562,-0.10289137810468674,5.01296329498291
2513,126800.0,-14.529218673706055,1.3304094076156616,2.1726830005645748
2514,126900.0,-14.529218673706055,1.3304094076156616,2.1726830005645748
2515,127000.0,13.691730499267578,3.562912940979004,22.38485717773437
2516,127100.0,13.691730499267578,3.562912940979004,22.38485717773437
2517,127200.0,13.691730499267578,3.562912940979004,22.38485717773437
2518,127300.0,3.809373617172241,1.191625714302063,12.212966918945312
2519,127400.0,3.809373617172241,1.191625714302063,12.212966918945312
2520,126000.0,4.651647090911865,2.857030153274536,10.91127109527588
2521,126100.0,4.651647090911865,2.857030153274536,10.91127109527588
2522,126200.0,2.517249345779419,2.89052963256836,12.232110023498535
2523,126300.0,2.517249345779419,2.89052963256836,12.232110023498535
2524,126400.0,-0.8470591902732849,-2.313859462738037,7.444070816040039
2525,126500.0,-0.8470591902732849,-2.313859462738037,7.444070816040039
2526,126600.0,16.634902954101562,-0.10289137810468674,5.01296329498291
2527,126700.0,16.634902954101562,-0.10289137810468674,5.01296329498291
2528,126800.0,-14.529218673706055,1.3304094076156616,2.1726830005645748
2529,126900.0,-14.529218673706055,1.3304094076156616,2.1726830005645748
2530,127000.0,13.691730499267578,3.562912940979004,22.38485717773437
2531,127100.0,13.691730499267578,3.562912940979004,22.38485717773437
2532,127200.0,13.691730499267578,3.562912940979004,22.38485717773437
2533,127300.0,3.809373617172241,1.191625714302063,12.212966918945312
2534,127400.0,3.809373617172241,1.191625714302063,12.212966918945312
2535,127500.0,2.756531953811645,2.565105676651001,7.5254268646240225
2536,127600.0,2.756531953811645,2.565105676651001,7.5254268646240225
2537,127700.0,-3.8572301864624015,2.438286304473877,6.503692150115968
2538,127800.0,-3.8572301864624015,2.438286304473877,6.503692150115968
2539,127900.0,-3.8572301864624015,2.438286304473877,6.503692150115968
2540,128000.0,15.663416862487793,6.276373863220215,11.57168960571289
2541,128100.0,15.663416862487793,6.276373863220215,11.57168960571289
2542,128200.0,-1.4787644147872925,-0.3756731450557709,10.645668029785156
2543,128300.0,-1.4787644147872925,-0.3756731450557709,10.645668029785156
2544,128400.0,-2.1391832828521733,1.5433706045150757,9.166903495788574
2545,128500.0,-2.1391832828521733,1.5433706045150757,9.166903495788574
2546,128600.0,-2.1391832828521733,1.5433706045150757,9.166903495788574
2547,128700.0,9.18843936920166,3.665804386138916,13.545768737792967
2548,128800.0,9.18843936920166,3.665804386138916,13.545768737792967
2549,128900.0,-0.5120640397071838,1.782652735710144,9.834501266479492
2550,127500.0,2.756531953811645,2.565105676651001,7.5254268646240225
2551,127600.0,2.756531953811645,2.565105676651001,7.5254268646240225
2552,127700.0,-3.8572301864624015,2.438286304473877,6.503692150115968
2553,127800.0,-3.8572301864624015,2.438286304473877,6.503692150115968
2554,127900.0,-3.8572301864624015,2.438286304473877,6.503692150115968
2555,128000.0,15.663416862487793,6.276373863220215,11.57168960571289
2556,128100.0,15.663416862487793,6.276373863220215,11.57168960571289
2557,128200.0,-1.4787644147872925,-0.3756731450557709,10.645668029785156
2558,128300.0,-1.4787644147872925,-0.3756731450557709,10.645668029785156
2559,128400.0,-2.1391832828521733,1.5433706045150757,9.166903495788574
2560,128500.0,-2.1391832828521733,1.5433706045150757,9.166903495788574
2561,128600.0,-2.1391832828521733,1.5433706045150757,9.166903495788574
2562,128700.0,9.18843936920166,3.665804386138916,13.545768737792967
2563,128800.0,9.18843936920166,3.665804386138916,13.545768737792967
2564,128900.0,-0.5120640397071838,1.782652735710144,9.834501266479492
2565,129000.0,-0.5120640397071838,1.782652735710144,9.834501266479492
2566,129100.0,-0.5120640397071838,1.782652735710144,9.834501266479492
2567,129200.0,5.43170690536499,1.5529417991638184,7.9106712341308585
2568,129300.0,5.43170690536499,1.5529417991638184,7.9106712341308585
2569,129400.0,5.608776092529297,0.13878372311592102,15.424134254455565
2570,129500.0,5.608776092529297,0.13878372311592102,15.424134254455565
2571,129600.0,-1.2538390159606934,0.3278167247772217,6.664010524749756
2572,129700.0,-1.2538390159606934,0.3278167247772217,6.664010524749756
2573,129800.0,-1.2538390159606934,0.3278167247772217,6.664010524749756
2574,129900.0,15.955342292785645,6.03230619430542,12.507284164428713
2575,130000.0,15.955342292785645,6.03230619430542,12.507284164428713
2576,130100.0,-1.4069796800613403,2.031506299972534,9.013763427734377
2577,130200.0,-1.4069796800613403,2.031506299972534,9.013763427734377
2578,130300.0,1.4404792785644531,2.565105676651001,10.509278297424316
2579,130400.0,1.4404792785644531,2.565105676651001,10.509278297424316
2580,129000.0,-0.5120640397071838,1.782652735710144,9.834501266479492
2581,129100.0,-0.5120640397071838,1.782652735710144,9.834501266479492
2582,129200.0,5.43170690536499,1.5529417991638184,7.9106712341308585
2583,129300.0,5.43170690536499,1.5529417991638184,7.9106712341308585
2584,129400.0,5.608776092529297,0.13878372311592102,15.424134254455565
2585,129500.0,5.608776092529297,0.13878372311592102,15.424134254455565
2586,129600.0,-1.2538390159606934,0.3278167247772217,6.664010524749756
2587,129700.0,-1.2538390159606934,0.3278167247772217,6.664010524749756
2588,129800.0,-1.2538390159606934,0.3278167247772217,6.664010524749756
2589,129900.0,15.955342292785645,6.03230619430542,12.507284164428713
2590,130000.0,15.955342292785645,6.03230619430542,12.507284164428713
2591,130100.0,-1.4069796800613403,2.031506299972534,9.013763427734377
2592,130200.0,-1.4069796800613403,2.031506299972534,9.013763427734377
2593,130300.0,1.4404792785644531,2.565105676651001,10.509278297424316
2594,130400.0,1.4404792785644531,2.565105676651001,10.509278297424316
2595,130500.0,8.542377471923826,4.089334011077882,9.274580955505373
2596,130600.0,8.542377471923826,4.089334011077882,9.274580955505373
2597,130700.0,8.542377471923826,4.089334011077882,9.274580955505373
2598,130800.0,-1.1102697849273682,3.476771354675293,10.435098648071287
2599,130900.0,-1.1102697849273682,3.476771354675293,10.435098648071287
2600,131000.0,3.4408791065216064,2.455036163330078,9.66939640045166
2601,131100.0,3.4408791065216064,2.455036163330078,9.66939640045166
2602,131200.0,6.254837989807129,1.2251251935958862,9.260223388671877
2603,131300.0,6.254837989807129,1.2251251935958862,9.260223388671877
2604,131400.0,6.1399827003479,3.081955671310425,8.453842163085938
2605,131500.0,6.1399827003479,3.081955671310425,8.453842163085938
2606,131600.0,6.1399827003479,3.081955671310425,8.453842163085938
2607,131700.0,11.705689430236815,3.2039895057678223,11.382657051086426
2608,131800.0,11.705689430236815,3.2039895057678223,11.382657051086426
2609,131900.0,0.8518448472023009,7.295715808868407,12.973884582519533
2610,130500.0,8.542377471923826,4.089334011077882,9.274580955505373
2611,130600.0,8.542377471923826,4.089334011077882,9.274580955505373
2612,130700.0,8.542377471923826,4.089334011077882,9.274580955505373
2613,130800.0,-1.1102697849273682,3.476771354675293,10.435098648071287
2614,130900.0,-1.1102697849273682,3.476771354675293,10.435098648071287
2615,131000.0,3.4408791065216064,2.455036163330078,9.66939640045166
2616,131100.0,3.4408791065216064,2.455036163330078,9.66939640045166
2617,131200.0,6.254837989807129,1.2251251935958862,9.260223388671877
2618,131300.0,6.254837989807129,1.2251251935958862,9.260223388671877
2619,131400.0,6.1399827003479,3.081955671310425,8.453842163085938
2620,131500.0,6.1399827003479,3.081955671310425,8.453842163085938
2621,131600.0,6.1399827003479,3.081955671310425,8.453842163085938
2622,131700.0,11.705689430236815,3.2039895057678223,11.382657051086426
2623,131800.0,11.705689430236815,3.2039895057678223,11.382657051086426
2624,131900.0,0.8518448472023009,7.295715808868407,12.973884582519533
2625,132000.0,0.8518448472023009,7.295715808868407,12.973884582519533
2626,132100.0,-0.6029912829399109,2.3976082801818848,8.176274299621582
2627,132200.0,-0.6029912829399109,2.3976082801818848,8.176274299621582
2628,132300.0,-0.6029912829399109,2.3976082801818848,8.176274299621582
2629,132400.0,12.672389030456545,-1.062413215637207,5.424529075622559
2630,132500.0,12.672389030456545,-1.062413215637207,5.424529075622559
2631,132600.0,8.633303642272951,2.9383859634399414,15.773487091064453
2632,132700.0,8.633303642272951,2.9383859634399414,15.773487091064453
2633,132800.0,8.633303642272951,2.9383859634399414,15.773487091064453
2634,132900.0,-3.579662799835205,2.2133607864379883,7.970492362976074
2635,133000.0,-3.579662799835205,2.2133607864379883,7.970492362976074
2636,133100.0,13.064811706542967,-0.10049854964017868,7.061219692230225
2637,133200.0,13.064811706542967,-0.10049854964017868,7.061219692230225
2638,133300.0,13.921442031860352,0.3924228847026825,7.037291049957275
2639,133400.0,13.921442031860352,0.3924228847026825,7.037291049957275
2640,132000.0,0.8518448472023009,7.295715808868407,12.973884582519533
2641,132100.0,-0.6029912829399109,2.3976082801818848,8.176274299621582
2642,132200.0,-0.6029912829399109,2.3976082801818848,8.176274299621582
2643,132300.0,-0.6029912829399109,2.3976082801818848,8.176274299621582
2644,132400.0,12.672389030456545,-1.062413215637207,5.424529075622559
2645,132500.0,12.672389030456545,-1.062413215637207,5.424529075622559
2646,132600.0,8.633303642272951,2.9383859634399414,15.773487091064453
2647,132700.0,8.633303642272951,2.9383859634399414,15.773487091064453
2648,132800.0,8.633303642272951,2.9383859634399414,15.773487091064453
2649,132900.0,-3.579662799835205,2.2133607864379883,7.970492362976074
2650,133000.0,-3.579662799835205,2.2133607864379883,7.970492362976074
2651,133100.0,13.064811706542967,-0.10049854964017868,7.061219692230225
2652,133200.0,13.064811706542967,-0.10049854964017868,7.061219692230225
2653,133300.0,13.921442031860352,0.3924228847026825,7.037291049957275
2654,133400.0,13.921442031860352,0.3924228847026825,7.037291049957275
2655,133500.0,8.901299476623535,-0.06699903309345245,9.975677490234377
2656,133600.0,8.901299476623535,-0.06699903309345245,9.975677490234377
2657,133700.0,8.901299476623535,-0.06699903309345245,9.975677490234377
2658,133800.0,4.618147850036621,1.8185452222824097,4.646861553192139
2659,133900.0,4.618147850036621,1.8185452222824097,4.646861553192139
2660,134000.0,9.231510162353516,5.661418437957764,6.7310099601745605
2661,134100.0,9.231510162353516,5.661418437957764,6.7310099601745605
2662,134200.0,8.288737297058105,4.00319242477417,4.1036906242370605
2663,134300.0,8.288737297058105,4.00319242477417,4.1036906242370605
2664,134400.0,8.288737297058105,4.00319242477417,4.1036906242370605
2665,134500.0,8.346165657043457,2.919243574142456,2.8402805328369136
2666,134600.0,8.346165657043457,2.919243574142456,2.8402805328369136
2667,134700.0,8.958727836608887,2.4430718421936035,4.694717884063722
2668,134800.0,8.958727836608887,2.4430718421936035,4.694717884063722
2669,134900.0,1.2681961059570312,2.0889341831207275,6.340980052947997
2670,133500.0,8.901299476623535,-0.06699903309345245,9.975677490234377
2671,133600.0,8.901299476623535,-0.06699903309345245,9.975677490234377
2672,133700.0,8.901299476623535,-0.06699903309345245,9.975677490234377
2673,133800.0,4.618147850036621,1.8185452222824097,4.646861553192139
2674,133900.0,4.618147850036621,1.8185452222824097,4.646861553192139
2675,134000.0,9.231510162353516,5.661418437957764,6.7310099601745605
2676,134100.0,9.231510162353516,5.661418437957764,6.7310099601745605
2677,134200.0,8.288737297058105,4.00319242477417,4.1036906242370605
2678,134300.0,8.288737297058105,4.00319242477417,4.1036906242370605
2679,134400.0,8.288737297058105,4.00319242477417,4.1036906242370605
2680,134500.0,8.346165657043457,2.919243574142456,2.8402805328369136
2681,134600.0,8.346165657043457,2.919243574142456,2.8402805328369136
2682,134700.0,8.958727836608887,2.4430718421936035,4.694717884063722
2683,134800.0,8.958727836608887,2.4430718421936035,4.694717884063722
2684,134900.0,1.2681961059570312,2.0889341831207275,6.340980052947997
2685,135000.0,1.2681961059570312,2.0889341831207275,6.340980052947997
2686,135100.0,17.974882125854492,5.788238048553468,8.73619556427002
2687,135200.0,17.974882125854492,5.788238048553468,8.73619556427002
2688,135300.0,-0.17706887423992154,-2.687139749526977,11.887543678283693
2689,135400.0,-0.17706887423992154,-2.687139749526977,11.887543678283693
2690,135500.0,-0.17706887423992154,-2.687139749526977,11.887543678283693
2691,135600.0,0.818345308303833,1.210768222808838,7.850851535797119
2692,135700.0,0.818345308303833,1.210768222808838,7.850851535797119
2693,135800.0,19.92742729187012,3.3643085956573486,6.195017814636231
2694,135900.0,19.92742729187012,3.3643085956573486,6.195017814636231
2695,136000.0,-6.360122680664063,2.1391832828521733,6.482156753540039
2696,136100.0,-6.360122680664063,2.1391832828521733,6.482156753540039
2697,136200.0,4.9387855529785165,2.44067907333374,8.975478172302246
2698,136300.0,4.9387855529785165,2.44067907333374,8.975478172302246
2699,136400.0,4.9387855529785165,2.44067907333374,8.975478172302246
2700,135000.0,1.2681961059570312,2.0889341831207275,6.340980052947997
2701,135100.0,17.974882125854492,5.788238048553468,8.73619556427002
2702,135200.0,17.974882125854492,5.788238048553468,8.73619556427002
2703,135300.0,-0.17706887423992154,-2.687139749526977,11.887543678283693
2704,135400.0,-0.17706887423992154,-2.687139749526977,11.887543678283693
2705,135500.0,-0.17706887423992154,-2.687139749526977,11.887543678283693
2706,135600.0,0.818345308303833,1.210768222808838,7.850851535797119
2707,135700.0,0.818345308303833,1.210768222808838,7.850851535797119
2708,135800.0,19.92742729187012,3.3643085956573486,6.195017814636231
2709,135900.0,19.92742729187012,3.3643085956573486,6.195017814636231
2710,136000.0,-6.360122680664063,2.1391832828521733,6.482156753540039
2711,136100.0,-6.360122680664063,2.1391832828521733,6.482156753540039
2712,136200.0,4.9387855529785165,2.44067907333374,8.975478172302246
2713,136300.0,4.9387855529785165,2.44067907333374,8.975478172302246
2714,136400.0,4.9387855529785165,2.44067907333374,8.975478172302246
2715,136500.0,12.294322967529295,1.797009825706482,11.404192924499512
2716,136600.0,12.294322967529295,1.797009825706482,11.404192924499512
2717,136700.0,-0.2871387302875519,1.1676974296569824,7.659425258636475
2718,136800.0,-0.2871387302875519,1.1676974296569824,7.659425258636475
2719,136900.0,7.8867435455322275,3.3403804302215576,15.416956901550293
2720,137000.0,7.8867435455322275,3.3403804302215576,15.416956901550293
2721,137100.0,9.111868858337402,4.589433670043945,11.964113235473633
2722,137200.0,9.111868858337402,4.589433670043945,11.964113235473633
2723,137300.0,9.111868858337402,4.589433670043945,11.964113235473633
2724,137400.0,1.043270707130432,2.421536445617676,-5.1804609298706055
2725,137500.0,1.043270707130432,2.421536445617676,-5.1804609298706055
2726,137600.0,6.7621169090271,9.834501266479492,1.4141581058502195
2727,137700.0,6.7621169090271,9.834501266479492,1.4141581058502195
2728,137800.0,9.518648147583008,5.529813289642334,1.0217353105545044
2729,137900.0,9.518648147583008,5.529813289642334,1.0217353105545044
2730,136500.0,12.294322967529295,1.797009825706482,11.404192924499512
2731,136600.0,12.294322967529295,1.797009825706482,11.404192924499512
2732,136700.0,-0.2871387302875519,1.1676974296569824,7.659425258636475
2733,136800.0,-0.2871387302875519,1.1676974296569824,7.659425258636475
2734,136900.0,7.8867435455322275,3.3403804302215576,15.416956901550293
2735,137000.0,7.8867435455322275,3.3403804302215576,15.416956901550293
2736,137100.0,9.111868858337402,4.589433670043945,11.964113235473633
2737,137200.0,9.111868858337402,4.589433670043945,11.964113235473633
2738,137300.0,9.111868858337402,4.589433670043945,11.964113235473633
2739,137400.0,1.043270707130432,2.421536445617676,-5.1804609298706055
2740,137500.0,1.043270707130432,2.421536445617676,-5.1804609298706055
2741,137600.0,6.7621169090271,9.834501266479492,1.4141581058502195
2742,137700.0,6.7621169090271,9.834501266479492,1.4141581058502195
2743,137800.0,9.518648147583008,5.529813289642334,1.0217353105545044
2744,137900.0,9.518648147583008,5.529813289642334,1.0217353105545044
2745,138000.0,9.518648147583008,5.529813289642334,1.0217353105545044
2746,138100.0,4.838287353515625,6.3290162086486825,4.426721572875977
2747,138200.0,4.838287353515625,6.3290162086486825,4.426721572875977
2748,138300.0,2.416750907897949,6.9344000816345215,5.709274768829347
2749,138400.0,2.416750907897949,6.9344000816345215,5.709274768829347
2750,138500.0,11.327622413635256,6.953542709350586,1.423729419708252
2751,138600.0,11.327622413635256,6.953542709350586,1.423729419708252
2752,138700.0,4.101297855377196,9.990034103393556,7.901099681854247
2753,138800.0,4.101297855377196,9.990034103393556,7.901099681854247
2754,138900.0,4.101297855377196,9.990034103393556,7.901099681854247
2755,139000.0,2.483749866485596,5.946164608001709,-0.7585247755050659
2756,139100.0,2.483749866485596,5.946164608001709,-0.7585247755050659
2757,139200.0,2.124826431274414,4.895715236663818,-1.0528419017791748
2758,139300.0,2.124826431274414,4.895715236663818,-1.0528419017791748
2759,139400.0,11.313264846801758,6.266802310943604,-0.6293123364448547
2760,138000.0,9.518648147583008,5.529813289642334,1.0217353105545044
2761,138100.0,4.838287353515625,6.3290162086486825,4.426721572875977
2762,138200.0,4.838287353515625,6.3290162086486825,4.426721572875977
2763,138300.0,2.416750907897949,6.9344000816345215,5.709274768829347
2764,138400.0,2.416750907897949,6.9344000816345215,5.709274768829347
2765,138500.0,11.327622413635256,6.953542709350586,1.423729419708252
2766,138600.0,11.327622413635256,6.953542709350586,1.423729419708252
2767,138700.0,4.101297855377196,9.990034103393556,7.901099681854247
2768,138800.0,4.101297855377196,9.990034103393556,7.901099681854247
2769,138900.0,4.101297855377196,9.990034103393556,7.901099681854247
2770,139000.0,2.483749866485596,5.946164608001709,-0.7585247755050659
2771,139100.0,2.483749866485596,5.946164608001709,-0.7585247755050659
2772,139200.0,2.124826431274414,4.895715236663818,-1.0528419017791748
2773,139300.0,2.124826431274414,4.895715236663818,-1.0528419017791748
2774,139400.0,11.313264846801758,6.266802310943604,-0.6293123364448547
2775,139500.0,11.313264846801758,6.266802310943604,-0.6293123364448547
2776,139600.0,11.145767211914062,9.798608779907227,-3.1800613403320312
2777,139700.0,11.145767211914062,9.798608779907227,-3.1800613403320312
2778,139800.0,11.145767211914062,9.798608779907227,-3.1800613403320312
2779,139900.0,-0.19142580032348636,6.790830135345459,-1.1413763761520386
2780,140000.0,-0.19142580032348636,6.790830135345459,-1.1413763761520386
2781,140100.0,13.098311424255373,10.260422706604004,3.294916868209839
2782,140200.0,13.098311424255373,10.260422706604004,3.294916868209839
2783,140300.0,6.953542709350586,10.901700019836426,-0.6915256977081299
2784,140400.0,6.953542709350586,10.901700019836426,-0.6915256977081299
2785,140500.0,-1.34476637840271,3.328416109085083,-0.7537391781806946
2786,140600.0,-1.34476637840271,3.328416109085083,-0.7537391781806946
2787,140700.0,-1.34476637840271,3.328416109085083,-0.7537391781806946
2788,140800.0,6.7142601013183585,12.91167163848877,5.247459888458252
2789,140900.0,6.7142601013183585,12.91167163848877,5.247459888458252
2790,139500.0,11.313264846801758,6.266802310943604,-0.6293123364448547
2791,139600.0,11.145767211914062,9.798608779907227,-3.1800613403320312
2792,139700.0,11.145767211914062,9.798608779907227,-3.1800613403320312
2793,139800.0,11.145767211914062,9.798608779907227,-3.1800613403320312
2794,139900.0,-0.19142580032348636,6.790830135345459,-1.1413763761520386
2795,140000.0,-0.19142580032348636,6.790830135345459,-1.1413763761520386
2796,140100.0,13.098311424255373,10.260422706604004,3.294916868209839
2797,140200.0,13.098311424255373,10.260422706604004,3.294916868209839
2798,140300.0,6.953542709350586,10.901700019836426,-0.6915256977081299
2799,140400.0,6.953542709350586,10.901700019836426,-0.6915256977081299
2800,140500.0,-1.34476637840271,3.328416109085083,-0.7537391781806946
2801,140600.0,-1.34476637840271,3.328416109085083,-0.7537391781806946
2802,140700.0,-1.34476637840271,3.328416109085083,-0.7537391781806946
2803,140800.0,6.7142601013183585,12.91167163848877,5.247459888458252
2804,140900.0,6.7142601013183585,12.91167163848877,5.247459888458252
2805,141000.0,10.308279991149902,7.93699312210083,0.4713860750198364
2806,141100.0,10.308279991149902,7.93699312210083,0.4713860750198364
2807,141200.0,-2.9383859634399414,6.384050369262695,3.996013641357422
2808,141300.0,-2.9383859634399414,6.384050369262695,3.996013641357422
2809,141400.0,-2.9383859634399414,6.384050369262695,3.996013641357422
2810,141500.0,0.8327022790908813,7.441678524017334,3.716053485870361
2811,141600.0,0.8327022790908813,7.441678524017334,3.716053485870361
2812,141700.0,13.179667472839355,5.871986389160156,1.9334007501602173
2813,141800.0,13.179667472839355,5.871986389160156,1.9334007501602173
2814,141900.0,7.087540626525879,11.152946472167967,2.4717857837677
2815,142000.0,7.087540626525879,11.152946472167967,2.4717857837677
2816,142100.0,-1.856830358505249,5.843273162841798,-3.862015962600708
2817,142200.0,-1.856830358505249,5.843273162841798,-3.862015962600708
2818,142300.0,-1.856830358505249,5.843273162841798,-3.862015962600708
2819,142400.0,6.254837989807129,12.64606761932373,3.646661758422852
2820,141000.0,10.308279991149902,7.93699312210083,0.4713860750198364
2821,141100.0,10.308279991149902,7.93699312210083,0.4713860750198364
2822,141200.0,-2.9383859634399414,6.384050369262695,3.996013641357422
2823,141300.0,-2.9383859634399414,6.384050369262695,3.996013641357422
2824,141400.0,-2.9383859634399414,6.384050369262695,3.996013641357422
2825,141500.0,0.8327022790908813,7.441678524017334,3.716053485870361
2826,141600.0,0.8327022790908813,7.441678524017334,3.716053485870361
2827,141700.0,13.179667472839355,5.871986389160156,1.9334007501602173
2828,141800.0,13.179667472839355,5.871986389160156,1.9334007501602173
2829,141900.0,7.087540626525879,11.152946472167967,2.4717857837677
2830,142000.0,7.087540626525879,11.152946472167967,2.4717857837677
2831,142100.0,-1.856830358505249,5.843273162841798,-3.862015962600708
2832,142200.0,-1.856830358505249,5.843273162841798,-3.862015962600708
2833,142300.0,-1.856830358505249,5.843273162841798,-3.862015962600708
2834,142400.0,6.254837989807129,12.64606761932373,3.646661758422852
2835,142500.0,6.254837989807129,12.64606761932373,3.646661758422852
2836,142600.0,9.097511291503906,6.106483459472656,1.179661512374878
2837,142700.0,9.097511291503906,6.106483459472656,1.179661512374878
2838,142800.0,7.058826446533202,9.109475135803224,5.764309883117676
2839,142900.0,7.058826446533202,9.109475135803224,5.764309883117676
2840,143000.0,7.058826446533202,9.109475135803224,5.764309883117676
2841,143100.0,-1.3878371715545654,9.174081802368164,2.8761727809906006
2842,143200.0,-1.3878371715545654,9.174081802368164,2.8761727809906006
2843,143300.0,-0.6221339106559753,3.981656789779663,3.476771354675293
2844,143400.0,-0.6221339106559753,3.981656789779663,3.476771354675293
2845,143500.0,0.2297109663486481,5.752345561981201,8.633303642272951
2846,143600.0,0.2297109663486481,5.752345561981201,8.633303642272951
2847,143700.0,7.642674922943115,4.362115383148193,10.923234939575195
2848,143800.0,7.642674922943115,4.362115383148193,10.923234939575195
2849,143900.0,-3.3068809509277344,1.6893328428268433,7.427321434020996
2850,142500.0,6.254837989807129,12.64606761932373,3.646661758422852
2851,142600.0,9.097511291503906,6.106483459472656,1.179661512374878
2852,142700.0,9.097511291503906,6.106483459472656,1.179661512374878
2853,142800.0,7.058826446533202,9.109475135803224,5.764309883117676
2854,142900.0,7.058826446533202,9.109475135803224,5.764309883117676
2855,143000.0,7.058826446533202,9.109475135803224,5.764309883117676
2856,143100.0,-1.3878371715545654,9.174081802368164,2.8761727809906006
2857,143200.0,-1.3878371715545654,9.174081802368164,2.8761727809906006
2858,143300.0,-0.6221339106559753,3.981656789779663,3.476771354675293
2859,143400.0,-0.6221339106559753,3.981656789779663,3.476771354675293
2860,143500.0,0.2297109663486481,5.752345561981201,8.633303642272951
2861,143600.0,0.2297109663486481,5.752345561981201,8.633303642272951
2862,143700.0,7.642674922943115,4.362115383148193,10.923234939575195
2863,143800.0,7.642674922943115,4.362115383148193,10.923234939575195
2864,143900.0,-3.3068809509277344,1.6893328428268433,7.427321434020996
2865,144000.0,-3.3068809509277344,1.6893328428268433,7.427321434020996
2866,144100.0,1.5074783563613892,4.840680122375488,8.496913909912111
2867,144200.0,1.5074783563613892,4.840680122375488,8.496913909912111
2868,144300.0,3.369094133377075,4.0941195487976065,11.782258987426758
2869,144400.0,3.369094133377075,4.0941195487976065,11.782258987426758
2870,144500.0,3.369094133377075,4.0941195487976065,11.782258987426758
2871,144600.0,0.5503491759300232,6.8315086364746085,7.7455668449401855
2872,144700.0,0.5503491759300232,6.8315086364746085,7.7455668449401855
2873,144800.0,-0.3780659735202789,6.173482418060303,7.089932918548584
2874,144900.0,-0.3780659735202789,6.173482418060303,7.089932918548584
2875,145000.0,1.411765456199646,3.115455150604248,10.660024642944336
2876,145100.0,1.411765456199646,3.115455150604248,10.660024642944336
2877,145200.0,2.062613010406494,2.7948169708251958,8.721837997436522
2878,145300.0,2.062613010406494,2.7948169708251958,8.721837997436522
2879,145400.0,2.062613010406494,2.7948169708251958,8.721837997436522
2880,144000.0,-3.3068809509277344,1.6893328428268433,7.427321434020996
2881,144100.0,1.5074783563613892,4.840680122375488,8.496913909912111
2882,144200.0,1.5074783563613892,4.840680122375488,8.496913909912111
2883,144300.0,3.369094133377075,4.0941195487976065,11.782258987426758
2884,144400.0,3.369094133377075,4.0941195487976065,11.782258987426758
2885,144500.0,3.369094133377075,4.0941195487976065,11.782258987426758
2886,144600.0,0.5503491759300232,6.8315086364746085,7.7455668449401855
2887,144700.0,0.5503491759300232,6.8315086364746085,7.7455668449401855
2888,144800.0,-0.3780659735202789,6.173482418060303,7.089932918548584
2889,144900.0,-0.3780659735202789,6.173482418060303,7.089932918548584
2890,145000.0,1.411765456199646,3.115455150604248,10.660024642944336
2891,145100.0,1.411765456199646,3.115455150604248,10.660024642944336
2892,145200.0,2.062613010406494,2.7948169708251958,8.721837997436522
2893,145300.0,2.062613010406494,2.7948169708251958,8.721837997436522
2894,145400.0,2.062613010406494,2.7948169708251958,8.721837997436522
2895,145500.0,0.09092726558446884,3.754338502883911,10.937592506408693
2896,145600.0,0.09092726558446884,3.754338502883911,10.937592506408693
2897,145700.0,7.6522464752197275,1.9716858863830569,12.397214889526367
2898,145800.0,7.6522464752197275,1.9716858863830569,12.397214889526367
2899,145900.0,6.168696403503418,0.6005984544754028,4.900500774383545
2900,146000.0,6.168696403503418,0.6005984544754028,4.900500774383545
2901,146100.0,8.327022552490233,11.085947036743164,5.86720085144043
2902,146200.0,8.327022552490233,11.085947036743164,5.86720085144043
2903,146300.0,8.327022552490233,11.085947036743164,5.86720085144043
2904,146400.0,8.226524353027344,4.701896190643311,0.2847459018230438
2905,146500.0,8.226524353027344,4.701896190643311,0.2847459018230438
2906,146600.0,8.786444664001465,2.09850549697876,-3.653840303421021
2907,146700.0,8.786444664001465,2.09850549697876,-3.653840303421021
2908,146800.0,6.977471351623535,3.7184462547302246,-4.646861553192139
2909,146900.0,6.977471351623535,3.7184462547302246,-4.646861553192139
2910,145500.0,0.09092726558446884,3.754338502883911,10.937592506408693
2911,145600.0,0.09092726558446884,3.754338502883911,10.937592506408693
2912,145700.0,7.6522464752197275,1.9716858863830569,12.397214889526367
2913,145800.0,7.6522464752197275,1.9716858863830569,12.397214889526367
2914,145900.0,6.168696403503418,0.6005984544754028,4.900500774383545
2915,146000.0,6.168696403503418,0.6005984544754028,4.900500774383545
2916,146100.0,8.327022552490233,11.085947036743164,5.86720085144043
2917,146200.0,8.327022552490233,11.085947036743164,5.86720085144043
2918,146300.0,8.327022552490233,11.085947036743164,5.86720085144043
2919,146400.0,8.226524353027344,4.701896190643311,0.2847459018230438
2920,146500.0,8.226524353027344,4.701896190643311,0.2847459018230438
2921,146600.0,8.786444664001465,2.09850549697876,-3.653840303421021
2922,146700.0,8.786444664001465,2.09850549697876,-3.653840303421021
2923,146800.0,6.977471351623535,3.7184462547302246,-4.646861553192139
2924,146900.0,6.977471351623535,3.7184462547302246,-4.646861553192139
2925,147000.0,5.1014976501464835,5.8887367248535165,-1.6007983684539795
2926,147100.0,5.1014976501464835,5.8887367248535165,-1.6007983684539795
2927,147200.0,6.494120597839356,5.137389659881592,-5.434100151062012
2928,147300.0,6.494120597839356,5.137389659881592,-5.434100151062012
2929,147400.0,6.494120597839356,5.137389659881592,-5.434100151062012
2930,147500.0,3.881158351898194,6.412764549255371,-2.548356056213379
2931,147600.0,3.881158351898194,6.412764549255371,-2.548356056213379
2932,147700.0,9.533005714416504,8.60219669342041,-1.3878371715545654
2933,147800.0,9.533005714416504,8.60219669342041,-1.3878371715545654
2934,147900.0,9.365508079528807,4.122833251953125,-0.07178468257188797
2935,148000.0,9.365508079528807,4.122833251953125,-0.07178468257188797
2936,148100.0,9.365508079528807,4.122833251953125,-0.07178468257188797
2937,148200.0,5.69013261795044,7.4703922271728525,-1.0121639966964722
2938,148300.0,5.69013261795044,7.4703922271728525,-1.0121639966964722
2939,148400.0,10.427922248840332,4.5583271980285645,0.696311354637146
2940,147000.0,5.1014976501464835,5.8887367248535165,-1.6007983684539795
2941,147100.0,5.1014976501464835,5.8887367248535165,-1.6007983684539795
2942,147200.0,6.494120597839356,5.137389659881592,-5.434100151062012
2943,147300.0,6.494120597839356,5.137389659881592,-5.434100151062012
2944,147400.0,6.494120597839356,5.137389659881592,-5.434100151062012
2945,147500.0,3.881158351898194,6.412764549255371,-2.548356056213379
2946,147600.0,3.881158351898194,6.412764549255371,-2.548356056213379
2947,147700.0,9.533005714416504,8.60219669342041,-1.3878371715545654
2948,147800.0,9.533005714416504,8.60219669342041,-1.3878371715545654
2949,147900.0,9.365508079528807,4.122833251953125,-0.07178468257188797
2950,148000.0,9.365508079528807,4.122833251953125,-0.07178468257188797
2951,148100.0,9.365508079528807,4.122833251953125,-0.07178468257188797
2952,148200.0,5.69013261795044,7.4703922271728525,-1.0121639966964722
2953,148300.0,5.69013261795044,7.4703922271728525,-1.0121639966964722
2954,148400.0,10.427922248840332,4.5583271980285645,0.696311354637146
2955,148500.0,10.427922248840332,4.5583271980285645,0.696311354637146
2956,148600.0,10.427922248840332,4.5583271980285645,0.696311354637146
2957,148700.0,9.10229778289795,10.65523910522461,4.1276187896728525
2958,148800.0,9.10229778289795,10.65523910522461,4.1276187896728525
2959,148900.0,-2.9862425327301025,9.05683422088623,-0.6029912829399109
2960,149000.0,-2.9862425327301025,9.05683422088623,-0.6029912829399109
2961,149100.0,-2.9862425327301025,9.05683422088623,-0.6029912829399109
2962,149200.0,0.08614162355661392,9.391828536987305,7.575676441192628
2963,149300.0,0.08614162355661392,9.391828536987305,7.575676441192628
2964,149400.0,6.982256412506104,7.965706348419189,8.743373870849611
2965,149500.0,6.982256412506104,7.965706348419189,8.743373870849611
2966,149600.0,13.911870002746582,8.044669151306152,11.0835542678833
2967,149700.0,13.911870002746582,8.044669151306152,11.0835542678833
2968,149800.0,13.911870002746582,8.044669151306152,11.0835542678833
2969,149900.0,1.2825528383255005,4.551148891448975,11.227123260498047
2970,148500.0,10.427922248840332,4.5583271980285645,0.696311354637146
2971,148600.0,10.427922248840332,4.5583271980285645,0.696311354637146
2972,148700.0,9.10229778289795,10.65523910522461,4.1276187896728525
2973,148800.0,9.10229778289795,10.65523910522461,4.1276187896728525
2974,148900.0,-2.9862425327301025,9.05683422088623,-0.6029912829399109
2975,149000.0,-2.9862425327301025,9.05683422088623,-0.6029912829399109
2976,149100.0,-2.9862425327301025,9.05683422088623,-0.6029912829399109
2977,149200.0,0.08614162355661392,9.391828536987305,7.575676441192628
2978,149300.0,0.08614162355661392,9.391828536987305,7.575676441192628
2979,149400.0,6.982256412506104,7.965706348419189,8.743373870849611
2980,149500.0,6.982256412506104,7.965706348419189,8.743373870849611
2981,149600.0,13.911870002746582,8.044669151306152,11.0835542678833
2982,149700.0,13.911870002746582,8.044669151306152,11.0835542678833
2983,149800.0,13.911870002746582,8.044669151306152,11.0835542678833
2984,149900.0,1.2825528383255005,4.551148891448975,11.227123260498047
2985,150000.0,1.2825528383255005,4.551148891448975,11.227123260498047
2986,150100.0,0.3828516006469727,1.758724570274353,1.7371891736984253
2987,150200.0,0.3828516006469727,1.758724570274353,1.7371891736984253
2988,150300.0,4.780859470367432,7.3124656677246085,9.934999465942383
2989,150400.0,4.780859470367432,7.3124656677246085,9.934999465942383
2990,150500.0,4.780859470367432,7.3124656677246085,9.934999465942383
2991,150600.0,13.978869438171387,-4.163511276245116,-4.266402721405028
2992,150700.0,13.978869438171387,-4.163511276245116,-4.266402721405028
2993,150800.0,11.576476097106935,-0.19142580032348636,13.26820182800293
2994,150900.0,11.576476097106935,-0.19142580032348636,13.26820182800293
2995,151000.0,-8.24566650390625,5.247459888458252,4.859822750091553
2996,151100.0,-8.24566650390625,5.247459888458252,4.859822750091553
2997,151200.0,-8.24566650390625,5.247459888458252,4.859822750091553
2998,151300.0,4.8574299812316895,3.081955671310425,11.665009498596193
2999,151400.0,4.8574299812316895,3.081955671310425,11.665009498596193
3000,150000.0,1.2825528383255005,4.551148891448975,11.227123260498047
3001,150100.0,0.3828516006469727,1.758724570274353,1.7371891736984253
3002,150200.0,0.3828516006469727,1.758724570274353,1.7371891736984253
3003,150300.0,4.780859470367432,7.3124656677246085,9.934999465942383
3004,150400.0,4.780859470367432,7.3124656677246085,9.934999465942383
3005,150500.0,4.780859470367432,7.3124656677246085,9.934999465942383
3006,150600.0,13.978869438171387,-4.163511276245116,-4.266402721405028
3007,150700.0,13.978869438171387,-4.163511276245116,-4.266402721405028
3008,150800.0,11.576476097106935,-0.19142580032348636,13.26820182800293
3009,150900.0,11.576476097106935,-0.19142580032348636,13.26820182800293
3010,151000.0,-8.24566650390625,5.247459888458252,4.859822750091553
3011,151100.0,-8.24566650390625,5.247459888458252,4.859822750091553
3012,151200.0,-8.24566650390625,5.247459888458252,4.859822750091553
3013,151300.0,4.8574299812316895,3.081955671310425,11.665009498596193
3014,151400.0,4.8574299812316895,3.081955671310425,11.665009498596193
3015,151500.0,11.035696983337402,1.9238293170928955,3.94097900390625
3016,151600.0,11.035696983337402,1.9238293170928955,3.94097900390625
3017,151700.0,7.953742504119872,0.7082754969596863,12.830314636230467
3018,151800.0,7.953742504119872,0.7082754969596863,12.830314636230467
3019,151900.0,7.953742504119872,0.7082754969596863,12.830314636230467
3020,152000.0,-2.25403904914856,3.81655216217041,5.838487148284912
3021,152100.0,-2.25403904914856,3.81655216217041,5.838487148284912
3022,152200.0,6.226124286651611,2.9048867225646973,11.49272632598877
3023,152300.0,6.226124286651611,2.9048867225646973,11.49272632598877
3024,152400.0,6.599405288696289,2.033899307250977,8.01356315612793
3025,152500.0,6.599405288696289,2.033899307250977,8.01356315612793
3026,152600.0,0.12921242415905002,4.675575256347656,5.228317260742188
3027,152700.0,0.12921242415905002,4.675575256347656,5.228317260742188
3028,152800.0,0.12921242415905002,4.675575256347656,5.228317260742188
3029,152900.0,4.311866760253906,5.984449863433838,4.098905563354491
3030,151500.0,11.035696983337402,1.9238293170928955,3.94097900390625
3031,151600.0,11.035696983337402,1.9238293170928955,3.94097900390625
3032,151700.0,7.953742504119872,0.7082754969596863,12.830314636230467
3033,151800.0,7.953742504119872,0.7082754969596863,12.830314636230467
3034,151900.0,7.953742504119872,0.7082754969596863,12.830314636230467
3035,152000.0,-2.25403904914856,3.81655216217041,5.838487148284912
3036,152100.0,-2.25403904914856,3.81655216217041,5.838487148284912
3037,152200.0,6.226124286651611,2.9048867225646973,11.49272632598877
3038,152300.0,6.226124286651611,2.9048867225646973,11.49272632598877
3039,152400.0,6.599405288696289,2.033899307250977,8.01356315612793
3040,152500.0,6.599405288696289,2.033899307250977,8.01356315612793
3041,152600.0,0.12921242415905002,4.675575256347656,5.228317260742188
3042,152700.0,0.12921242415905002,4.675575256347656,5.228317260742188
3043,152800.0,0.12921242415905002,4.675575256347656,5.228317260742188
3044,152900.0,4.311866760253906,5.984449863433838,4.098905563354491
3045,153000.0,4.311866760253906,5.984449863433838,4.098905563354491
3046,153100.0,2.622533798217773,2.71346116065979,9.743573188781738
3047,153200.0,2.622533798217773,2.71346116065979,9.743573188781738
3048,153300.0,0.9092726111412048,4.364508152008057,9.212367057800293
3049,153400.0,0.9092726111412048,4.364508152008057,9.212367057800293
3050,153500.0,0.9092726111412048,4.364508152008057,9.212367057800293
3051,153600.0,1.741974949836731,3.5461630821228027,9.600004196166992
3052,153700.0,1.741974949836731,3.5461630821228027,9.600004196166992
3053,153800.0,0.9619146585464478,3.2135608196258545,9.030512809753418
3054,153900.0,0.9619146585464478,3.2135608196258545,9.030512809753418
3055,154000.0,5.034498691558838,3.455235719680786,10.030712127685547
3056,154100.0,5.034498691558838,3.455235719680786,10.030712127685547
3057,154200.0,5.034498691558838,3.455235719680786,10.030712127685547
3058,154300.0,2.029113531112671,3.799802303314209,15.043676376342773
3059,154400.0,2.029113531112671,3.799802303314209,15.043676376342773
3060,153000.0,4.311866760253906,5.984449863433838,4.098905563354491
3061,153100.0,2.622533798217773,2.71346116065979,9.743573188781738
3062,153200.0,2.622533798217773,2.71346116065979,9.743573188781738
3063,153300.0,0.9092726111412048,4.364508152008057,9.212367057800293
3064,153400.0,0.9092726111412048,4.364508152008057,9.212367057800293
3065,153500.0,0.9092726111412048,4.364508152008057,9.212367057800293
3066,153600.0,1.741974949836731,3.5461630821228027,9.600004196166992
3067,153700.0,1.741974949836731,3.5461630821228027,9.600004196166992
3068,153800.0,0.9619146585464478,3.2135608196258545,9.030512809753418
3069,153900.0,0.9619146585464478,3.2135608196258545,9.030512809753418
3070,154000.0,5.034498691558838,3.455235719680786,10.030712127685547
3071,154100.0,5.034498691558838,3.455235719680786,10.030712127685547
3072,154200.0,5.034498691558838,3.455235719680786,10.030712127685547
3073,154300.0,2.029113531112671,3.799802303314209,15.043676376342773
3074,154400.0,2.029113531112671,3.799802303314209,15.043676376342773
3075,154500.0,-2.258824586868286,0.11485548317432405,5.819344997406006
3076,154600.0,-2.258824586868286,0.11485548317432405,5.819344997406006
3077,154700.0,14.725430488586426,3.919443368911743,13.430913925170898
3078,154800.0,14.725430488586426,3.919443368911743,13.430913925170898
3079,154900.0,14.725430488586426,3.919443368911743,13.430913925170898
3080,155000.0,-1.804188132286072,3.273381233215332,7.183253765106201
3081,155100.0,-1.804188132286072,3.273381233215332,7.183253765106201
3082,155200.0,3.38823676109314,3.873979806900024,7.147361278533936
3083,155300.0,3.38823676109314,3.873979806900024,7.147361278533936
3084,155400.0,1.306481122970581,-0.3493521213531494,10.593026161193848
3085,155500.0,1.306481122970581,-0.3493521213531494,10.593026161193848
3086,155600.0,2.627319574356079,0.4905286431312561,7.867600917816162
3087,155700.0,2.627319574356079,0.4905286431312561,7.867600917816162
3088,155800.0,2.627319574356079,0.4905286431312561,7.867600917816162
3089,155900.0,1.7084753513336182,2.885744333267212,10.16231918334961
3090,154500.0,-2.258824586868286,0.11485548317432405,5.819344997406006
3091,154600.0,-2.258824586868286,0.11485548317432405,5.819344997406006
3092,154700.0,14.725430488586426,3.919443368911743,13.430913925170898
3093,154800.0,14.725430488586426,3.919443368911743,13.430913925170898
3094,154900.0,14.725430488586426,3.919443368911743,13.430913925170898
3095,155000.0,-1.804188132286072,3.273381233215332,7.183253765106201
3096,155100.0,-1.804188132286072,3.273381233215332,7.183253765106201
3097,155200.0,3.38823676109314,3.873979806900024,7.147361278533936
3098,155300.0,3.38823676109314,3.873979806900024,7.147361278533936
3099,155400.0,1.306481122970581,-0.3493521213531494,10.593026161193848
3100,155500.0,1.306481122970581,-0.3493521213531494,10.593026161193848
3101,155600.0,2.627319574356079,0.4905286431312561,7.867600917816162
3102,155700.0,2.627319574356079,0.4905286431312561,7.867600917816162
3103,155800.0,2.627319574356079,0.4905286431312561,7.867600917816162
3104,155900.0,1.7084753513336182,2.885744333267212,10.16231918334961
3105,156000.0,1.7084753513336182,2.885744333267212,10.16231918334961
3106,156100.0,-1.7132610082626345,3.383451223373413,9.678967475891113
3107,156200.0,-1.7132610082626345,3.383451223373413,9.678967475891113
3108,156300.0,1.6893328428268433,3.6299118995666495,7.34357213973999
3109,156400.0,1.6893328428268433,3.6299118995666495,7.34357213973999
3110,156500.0,1.6893328428268433,3.6299118995666495,7.34357213973999
3111,156600.0,-0.19621144235134125,3.1944179534912114,6.6831536293029785
3112,156700.0,-0.19621144235134125,3.1944179534912114,6.6831536293029785
3113,156800.0,0.6508477926254272,5.309673309326172,10.908878326416016
3114,156900.0,0.6508477926254272,5.309673309326172,10.908878326416016
3115,157000.0,0.6508477926254272,5.309673309326172,10.908878326416016
3116,157100.0,-0.3349951505661011,2.031506299972534,6.235695838928223
3117,157200.0,-0.3349951505661011,2.031506299972534,6.235695838928223
3118,157300.0,-1.3208380937576294,5.295316696166992,11.583653450012207
3119,157400.0,-1.3208380937576294,5.295316696166992,11.583653450012207
3120,156000.0,1.7084753513336182,2.885744333267212,10.16231918334961
3121,156100.0,-1.7132610082626345,3.383451223373413,9.678967475891113
3122,156200.0,-1.7132610082626345,3.383451223373413,9.678967475891113
3123,156300.0,1.6893328428268433,3.6299118995666495,7.34357213973999
3124,156400.0,1.6893328428268433,3.6299118995666495,7.34357213973999
3125,156500.0,1.6893328428268433,3.6299118995666495,7.34357213973999
3126,156600.0,-0.19621144235134125,3.1944179534912114,6.6831536293029785
3127,156700.0,-0.19621144235134125,3.1944179534912114,6.6831536293029785
3128,156800.0,0.6508477926254272,5.309673309326172,10.908878326416016
3129,156900.0,0.6508477926254272,5.309673309326172,10.908878326416016
3130,157000.0,0.6508477926254272,5.309673309326172,10.908878326416016
3131,157100.0,-0.3349951505661011,2.031506299972534,6.235695838928223
3132,157200.0,-0.3349951505661011,2.031506299972534,6.235695838928223
3133,157300.0,-1.3208380937576294,5.295316696166992,11.583653450012207
3134,157400.0,-1.3208380937576294,5.295316696166992,11.583653450012207
3135,157500.0,-1.3208380937576294,5.295316696166992,11.583653450012207
3136,157600.0,7.642674922943115,4.7569313049316415,8.772088050842285
3137,157700.0,7.642674922943115,4.7569313049316415,8.772088050842285
3138,157800.0,1.804188132286072,5.077569961547852,13.605589866638185
3139,157900.0,1.804188132286072,5.077569961547852,13.605589866638185
3140,158000.0,2.775674343109131,2.7349963188171387,7.822136878967285
3141,158100.0,2.775674343109131,2.7349963188171387,7.822136878967285
3142,158200.0,6.824329853057861,2.179861307144165,4.3860440254211435
3143,158300.0,6.824329853057861,2.179861307144165,4.3860440254211435
3144,158400.0,6.824329853057861,2.179861307144165,4.3860440254211435
3145,158500.0,6.747759819030763,4.60857629776001,10.576275825500488
3146,158600.0,6.747759819030763,4.60857629776001,10.576275825500488
3147,158700.0,1.5122638940811155,3.3403804302215576,11.80858039855957
3148,158800.0,1.5122638940811155,3.3403804302215576,11.80858039855957
3149,158900.0,-1.0241280794143677,5.682953834533691,3.7040894031524663
3150,157500.0,-1.3208380937576294,5.295316696166992,11.583653450012207
3151,157600.0,7.642674922943115,4.7569313049316415,8.772088050842285
3152,157700.0,7.642674922943115,4.7569313049316415,8.772088050842285
3153,157800.0,1.804188132286072,5.077569961547852,13.605589866638185
3154,157900.0,1.804188132286072,5.077569961547852,13.605589866638185
3155,158000.0,2.775674343109131,2.7349963188171387,7.822136878967285
3156,158100.0,2.775674343109131,2.7349963188171387,7.822136878967285
3157,158200.0,6.824329853057861,2.179861307144165,4.3860440254211435
3158,158300.0,6.824329853057861,2.179861307144165,4.3860440254211435
3159,158400.0,6.824329853057861,2.179861307144165,4.3860440254211435
3160,158500.0,6.747759819030763,4.60857629776001,10.576275825500488
3161,158600.0,6.747759819030763,4.60857629776001,10.576275825500488
3162,158700.0,1.5122638940811155,3.3403804302215576,11.80858039855957
3163,158800.0,1.5122638940811155,3.3403804302215576,11.80858039855957
3164,158900.0,-1.0241280794143677,5.682953834533691,3.7040894031524663
3165,159000.0,-1.0241280794143677,5.682953834533691,3.7040894031524663
3166,159100.0,-1.0241280794143677,5.682953834533691,3.7040894031524663
3167,159200.0,3.3643085956573486,3.996013641357422,9.207581520080566
3168,159300.0,3.3643085956573486,3.996013641357422,9.207581520080566
3169,159400.0,10.657631874084473,5.192424774169922,10.588239669799805
3170,159500.0,10.657631874084473,5.192424774169922,10.588239669799805
3171,159600.0,4.981856822967528,2.560320377349853,11.581260681152346
3172,159700.0,4.981856822967528,2.560320377349853,11.581260681152346
3173,159800.0,4.981856822967528,2.560320377349853,11.581260681152346
3174,159900.0,-0.861416220664978,1.6462620496749878,6.075376510620117
3175,160000.0,-0.861416220664978,1.6462620496749878,6.075376510620117
3176,160100.0,8.504091262817383,3.3762726783752437,13.84965705871582
3177,160200.0,8.504091262817383,3.3762726783752437,13.84965705871582
3178,160300.0,12.509675979614258,2.9862425327301025,7.214360237121582
3179,160400.0,12.509675979614258,2.9862425327301025,7.214360237121582
3180,159000.0,-1.0241280794143677,5.682953834533691,3.7040894031524663
3181,159100.0,-1.0241280794143677,5.682953834533691,3.7040894031524663
3182,159200.0,3.3643085956573486,3.996013641357422,9.207581520080566
3183,159300.0,3.3643085956573486,3.996013641357422,9.207581520080566
3184,159400.0,10.657631874084473,5.192424774169922,10.588239669799805
3185,159500.0,10.657631874084473,5.192424774169922,10.588239669799805
3186,159600.0,4.981856822967528,2.560320377349853,11.581260681152346
3187,159700.0,4.981856822967528,2.560320377349853,11.581260681152346
3188,159800.0,4.981856822967528,2.560320377349853,11.581260681152346
3189,159900.0,-0.861416220664978,1.6462620496749878,6.075376510620117
3190,160000.0,-0.861416220664978,1.6462620496749878,6.075376510620117
3191,160100.0,8.504091262817383,3.3762726783752437,13.84965705871582
3192,160200.0,8.504091262817383,3.3762726783752437,13.84965705871582
3193,160300.0,12.509675979614258,2.9862425327301025,7.214360237121582
3194,160400.0,12.509675979614258,2.9862425327301025,7.214360237121582
3195,160500.0,12.509675979614258,2.9862425327301025,7.214360237121582
3196,160600.0,-3.45045018196106,2.227717876434326,6.551548480987549
3197,160700.0,-3.45045018196106,2.227717876434326,6.551548480987549
3198,160800.0,2.00518536567688,2.0817556381225586,13.811371803283693
3199,160900.0,2.00518536567688,2.0817556381225586,13.811371803283693
3200,161000.0,10.360921859741213,2.0195422172546387,7.853243827819824
3201,161100.0,10.360921859741213,2.0195422172546387,7.853243827819824
3202,161200.0,1.325623631477356,2.2707886695861816,12.624531745910645
3203,161300.0,1.325623631477356,2.2707886695861816,12.624531745910645
3204,161400.0,1.325623631477356,2.2707886695861816,12.624531745910645
3205,161500.0,-0.4881358444690704,3.7878382205963135,7.183253765106201
3206,161600.0,-0.4881358444690704,3.7878382205963135,7.183253765106201
3207,161700.0,7.542177200317383,3.0005996227264404,11.150553703308104
3208,161800.0,7.542177200317383,3.0005996227264404,11.150553703308104
3209,161900.0,0.10049854964017868,-1.6917256116867063,13.569696426391602
3210,160500.0,12.509675979614258,2.9862425327301025,7.214360237121582
3211,160600.0,-3.45045018196106,2.227717876434326,6.551548480987549
3212,160700.0,-3.45045018196106,2.227717876434326,6.551548480987549
3213,160800.0,2.00518536567688,2.0817556381225586,13.811371803283693
3214,160900.0,2.00518536567688,2.0817556381225586,13.811371803283693
3215,161000.0,10.360921859741213,2.0195422172546387,7.853243827819824
3216,161100.0,10.360921859741213,2.0195422172546387,7.853243827819824
3217,161200.0,1.325623631477356,2.2707886695861816,12.624531745910645
3218,161300.0,1.325623631477356,2.2707886695861816,12.624531745910645
3219,161400.0,1.325623631477356,2.2707886695861816,12.624531745910645
3220,161500.0,-0.4881358444690704,3.7878382205963135,7.183253765106201
3221,161600.0,-0.4881358444690704,3.7878382205963135,7.183253765106201
3222,161700.0,7.542177200317383,3.0005996227264404,11.150553703308104
3223,161800.0,7.542177200317383,3.0005996227264404,11.150553703308104
3224,161900.0,0.10049854964017868,-1.6917256116867063,13.569696426391602
3225,162000.0,0.10049854964017868,-1.6917256116867063,13.569696426391602
3226,162100.0,0.10049854964017868,-1.6917256116867063,13.569696426391602
3227,162200.0,-0.5455635190010071,0.2943171858787537,6.245267391204834
3228,162300.0,-0.5455635190010071,0.2943171858787537,6.245267391204834
3229,162400.0,-0.014356935396790503,1.9908283948898315,11.657832145690918
3230,162500.0,-0.014356935396790503,1.9908283948898315,11.657832145690918
3231,162600.0,-0.014356935396790503,1.9908283948898315,11.657832145690918
3232,162700.0,7.858029365539551,2.5196423530578613,10.712667465209961
3233,162800.0,7.858029365539551,2.5196423530578613,10.712667465209961
3234,162900.0,-4.9435715675354,3.0197420120239262,10.920842170715332
3235,163000.0,-4.9435715675354,3.0197420120239262,10.920842170715332
3236,163100.0,11.662616729736328,2.25403904914856,10.138389587402344
3237,163200.0,11.662616729736328,2.25403904914856,10.138389587402344
3238,163300.0,-6.16391134262085,0.94037926197052,8.482556343078612
3239,163400.0,-6.16391134262085,0.94037926197052,8.482556343078612
3240,162000.0,0.10049854964017868,-1.6917256116867063,13.569696426391602
3241,162100.0,0.10049854964017868,-1.6917256116867063,13.569696426391602
3242,162200.0,-0.5455635190010071,0.2943171858787537,6.245267391204834
3243,162300.0,-0.5455635190010071,0.2943171858787537,6.245267391204834
3244,162400.0,-0.014356935396790503,1.9908283948898315,11.657832145690918
3245,162500.0,-0.014356935396790503,1.9908283948898315,11.657832145690918
3246,162600.0,-0.014356935396790503,1.9908283948898315,11.657832145690918
3247,162700.0,7.858029365539551,2.5196423530578613,10.712667465209961
3248,162800.0,7.858029365539551,2.5196423530578613,10.712667465209961
3249,162900.0,-4.9435715675354,3.0197420120239262,10.920842170715332
3250,163000.0,-4.9435715675354,3.0197420120239262,10.920842170715332
3251,163100.0,11.662616729736328,2.25403904914856,10.138389587402344
3252,163200.0,11.662616729736328,2.25403904914856,10.138389587402344
3253,163300.0,-6.16391134262085,0.94037926197052,8.482556343078612
3254,163400.0,-6.16391134262085,0.94037926197052,8.482556343078612
3255,163500.0,-6.16391134262085,0.94037926197052,8.482556343078612
3256,163600.0,7.192824840545653,1.0480562448501587,12.437891960144045
3257,163700.0,7.192824840545653,1.0480562448501587,12.437891960144045
3258,163800.0,-4.177868366241455,-1.6701902151107788,6.288337707519531
3259,163900.0,-4.177868366241455,-1.6701902151107788,6.288337707519531
3260,164000.0,4.1347975730896005,0.2751745879650116,7.893921852111816
3261,164100.0,4.1347975730896005,0.2751745879650116,7.893921852111816
3262,164200.0,4.1347975730896005,0.2751745879650116,7.893921852111816
3263,164300.0,4.9387855529785165,0.5551348924636841,9.695716857910156
3264,164400.0,4.9387855529785165,0.5551348924636841,9.695716857910156
3265,164500.0,0.25363919138908386,-1.5050854682922363,10.37527847290039
3266,164600.0,0.25363919138908386,-1.5050854682922363,10.37527847290039
3267,164700.0,9.135796546936037,0.17946170270442965,11.320443153381348
3268,164800.0,9.135796546936037,0.17946170270442965,11.320443153381348
3269,164900.0,2.756531953811645,1.1676974296569824,11.978469848632812
3270,163500.0,-6.16391134262085,0.94037926197052,8.482556343078612
3271,163600.0,7.192824840545653,1.0480562448501587,12.437891960144045
3272,163700.0,7.192824840545653,1.0480562448501587,12.437891960144045
3273,163800.0,-4.177868366241455,-1.6701902151107788,6.288337707519531
3274,163900.0,-4.177868366241455,-1.6701902151107788,6.288337707519531
3275,164000.0,4.1347975730896005,0.2751745879650116,7.893921852111816
3276,164100.0,4.1347975730896005,0.2751745879650116,7.893921852111816
3277,164200.0,4.1347975730896005,0.2751745879650116,7.893921852111816
3278,164300.0,4.9387855529785165,0.5551348924636841,9.695716857910156
3279,164400.0,4.9387855529785165,0.5551348924636841,9.695716857910156
3280,164500.0,0.25363919138908386,-1.5050854682922363,10.37527847290039
3281,164600.0,0.25363919138908386,-1.5050854682922363,10.37527847290039
3282,164700.0,9.135796546936037,0.17946170270442965,11.320443153381348
3283,164800.0,9.135796546936037,0.17946170270442965,11.320443153381348
3284,164900.0,2.756531953811645,1.1676974296569824,11.978469848632812
3285,165000.0,2.756531953811645,1.1676974296569824,11.978469848632812
3286,165100.0,2.756531953811645,1.1676974296569824,11.978469848632812
3287,165200.0,6.436692714691162,2.304288148880005,8.61894702911377
3288,165300.0,6.436692714691162,2.304288148880005,8.61894702911377
3289,165400.0,0.7896314859390259,0.9834501147270204,9.372685432434082
3290,165500.0,0.7896314859390259,0.9834501147270204,9.372685432434082
3291,165600.0,0.7896314859390259,0.9834501147270204,9.372685432434082
3292,165700.0,7.680960178375244,-0.7657032012939453,8.102097511291504
3293,165800.0,7.680960178375244,-0.7657032012939453,8.102097511291504
3294,165900.0,2.4598214626312256,0.26081767678260803,12.583854675292967
3295,166000.0,2.4598214626312256,0.26081767678260803,12.583854675292967
3296,166100.0,-2.392822742462158,2.445464611053467,5.553741931915283
3297,166200.0,-2.392822742462158,2.445464611053467,5.553741931915283
3298,166300.0,14.55793285369873,3.187239646911621,11.803793907165527
3299,166400.0,14.55793285369873,3.187239646911621,11.803793907165527
3300,165000.0,2.756531953811645,1.1676974296569824,11.978469848632812
3301,165100.0,2.756531953811645,1.1676974296569824,11.978469848632812
3302,165200.0,6.436692714691162,2.304288148880005,8.61894702911377
3303,165300.0,6.436692714691162,2.304288148880005,8.61894702911377
3304,165400.0,0.7896314859390259,0.9834501147270204,9.372685432434082
3305,165500.0,0.7896314859390259,0.9834501147270204,9.372685432434082
3306,165600.0,0.7896314859390259,0.9834501147270204,9.372685432434082
3307,165700.0,7.680960178375244,-0.7657032012939453,8.102097511291504
3308,165800.0,7.680960178375244,-0.7657032012939453,8.102097511291504
3309,165900.0,2.4598214626312256,0.26081767678260803,12.583854675292967
3310,166000.0,2.4598214626312256,0.26081767678260803,12.583854675292967
3311,166100.0,-2.392822742462158,2.445464611053467,5.553741931915283
3312,166200.0,-2.392822742462158,2.445464611053467,5.553741931915283
3313,166300.0,14.55793285369873,3.187239646911621,11.803793907165527
3314,166400.0,14.55793285369873,3.187239646911621,11.803793907165527
3315,166500.0,3.0245277881622314,0.3661018908023834,13.820942878723145
3316,166600.0,3.0245277881622314,0.3661018908023834,13.820942878723145
3317,166700.0,3.0245277881622314,0.3661018908023834,13.820942878723145
3318,166800.0,-1.2634103298187256,2.864208698272705,6.003591537475586
3319,166900.0,-1.2634103298187256,2.864208698272705,6.003591537475586
3320,167000.0,13.854442596435547,3.553341627120972,10.334601402282717
3321,167100.0,13.854442596435547,3.553341627120972,10.334601402282717
3322,167200.0,13.854442596435547,3.553341627120972,10.334601402282717
3323,167300.0,-5.4795637130737305,-2.723031997680664,11.351551055908205
3324,167400.0,-5.4795637130737305,-2.723031997680664,11.351551055908205
3325,167500.0,8.437092781066895,0.12921242415905002,17.895919799804688
3326,167600.0,8.437092781066895,0.12921242415905002,17.895919799804688
3327,167700.0,8.939584732055664,1.368694543838501,14.73500156402588
3328,167800.0,8.939584732055664,1.368694543838501,14.73500156402588
3329,167900.0,8.939584732055664,1.368694543838501,14.73500156402588
3330,166500.0,3.0245277881622314,0.3661018908023834,13.820942878723145
3331,166600.0,3.0245277881622314,0.3661018908023834,13.820942878723145
3332,166700.0,3.0245277881622314,0.3661018908023834,13.820942878723145
3333,166800.0,-1.2634103298187256,2.864208698272705,6.003591537475586
3334,166900.0,-1.2634103298187256,2.864208698272705,6.003591537475586
3335,167000.0,13.854442596435547,3.553341627120972,10.334601402282717
3336,167100.0,13.854442596435547,3.553341627120972,10.334601402282717
3337,167200.0,13.854442596435547,3.553341627120972,10.334601402282717
3338,167300.0,-5.4795637130737305,-2.723031997680664,11.351551055908205
3339,167400.0,-5.4795637130737305,-2.723031997680664,11.351551055908205
3340,167500.0,8.437092781066895,0.12921242415905002,17.895919799804688
3341,167600.0,8.437092781066895,0.12921242415905002,17.895919799804688
3342,167700.0,8.939584732055664,1.368694543838501,14.73500156402588
3343,167800.0,8.939584732055664,1.368694543838501,14.73500156402588
3344,167900.0,8.939584732055664,1.368694543838501,14.73500156402588
3345,168000.0,-4.7569313049316415,3.749552965164185,2.380858421325684
3346,168100.0,-4.7569313049316415,3.749552965164185,2.380858421325684
3347,168200.0,6.431907176971436,-3.615554809570313,13.430913925170898
3348,168300.0,6.431907176971436,-3.615554809570313,13.430913925170898
3349,168400.0,6.379265785217285,2.825923442840576,11.918648719787598
3350,168500.0,6.379265785217285,2.825923442840576,11.918648719787598
3351,168600.0,6.379265785217285,2.825923442840576,11.918648719787598
3352,168700.0,-2.651247262954712,5.044069766998291,8.025527954101562
3353,168800.0,-2.651247262954712,5.044069766998291,8.025527954101562
3354,168900.0,6.293124198913574,-0.13160523772239685,10.468598365783693
3355,169000.0,6.293124198913574,-0.13160523772239685,10.468598365783693
3356,169100.0,4.153940200805663,2.825923442840576,8.82951545715332
3357,169200.0,4.153940200805663,2.825923442840576,8.82951545715332
3358,169300.0,4.934000015258789,0.9619146585464478,8.489734649658201
3359,169400.0,4.934000015258789,0.9619146585464478,8.489734649658201
3360,168000.0,-4.7569313049316415,3.749552965164185,2.380858421325684
3361,168100.0,-4.7569313049316415,3.749552965164185,2.380858421325684
3362,168200.0,6.431907176971436,-3.615554809570313,13.430913925170898
3363,168300.0,6.431907176971436,-3.615554809570313,13.430913925170898
3364,168400.0,6.379265785217285,2.825923442840576,11.918648719787598
3365,168500.0,6.379265785217285,2.825923442840576,11.918648719787598
3366,168600.0,6.379265785217285,2.825923442840576,11.918648719787598
3367,168700.0,-2.651247262954712,5.044069766998291,8.025527954101562
3368,168800.0,-2.651247262954712,5.044069766998291,8.025527954101562
3369,168900.0,6.293124198913574,-0.13160523772239685,10.468598365783693
3370,169000.0,6.293124198913574,-0.13160523772239685,10.468598365783693
3371,169100.0,4.153940200805663,2.825923442840576,8.82951545715332
3372,169200.0,4.153940200805663,2.825923442840576,8.82951545715332
3373,169300.0,4.934000015258789,0.9619146585464478,8.489734649658201
3374,169400.0,4.934000015258789,0.9619146585464478,8.489734649658201
3375,169500.0,4.934000015258789,0.9619146585464478,8.489734649658201
3376,169600.0,12.643674850463867,3.7304105758666988,6.721438884735107
3377,169700.0,12.643674850463867,3.7304105758666988,6.721438884735107
3378,169800.0,-6.853044033050537,-0.2847459018230438,6.946363925933838
3379,169900.0,-6.853044033050537,-0.2847459018230438,6.946363925933838
3380,170000.0,1.9956141710281368,0.8327022790908813,10.269994735717773
3381,170100.0,1.9956141710281368,0.8327022790908813,10.269994735717773
3382,170200.0,13.323236465454102,4.409972190856934,6.137589931488037
3383,170300.0,13.323236465454102,4.409972190856934,6.137589931488037
3384,170400.0,-4.187439441680908,0.7441678047180176,9.329615592956543
3385,170500.0,-4.187439441680908,0.7441678047180176,9.329615592956543
3386,170600.0,-4.187439441680908,0.7441678047180176,9.329615592956543
3387,170700.0,3.670589685440064,-0.16510476171970367,3.2805597782135014
3388,170800.0,3.670589685440064,-0.16510476171970367,3.2805597782135014
3389,170900.0,3.2973096370697017,3.218346357345581,11.815757751464846
3390,169500.0,4.934000015258789,0.9619146585464478,8.489734649658201
3391,169600.0,12.643674850463867,3.7304105758666988,6.721438884735107
3392,169700.0,12.643674850463867,3.7304105758666988,6.721438884735107
3393,169800.0,-6.853044033050537,-0.2847459018230438,6.946363925933838
3394,169900.0,-6.853044033050537,-0.2847459018230438,6.946363925933838
3395,170000.0,1.9956141710281368,0.8327022790908813,10.269994735717773
3396,170100.0,1.9956141710281368,0.8327022790908813,10.269994735717773
3397,170200.0,13.323236465454102,4.409972190856934,6.137589931488037
3398,170300.0,13.323236465454102,4.409972190856934,6.137589931488037
3399,170400.0,-4.187439441680908,0.7441678047180176,9.329615592956543
3400,170500.0,-4.187439441680908,0.7441678047180176,9.329615592956543
3401,170600.0,-4.187439441680908,0.7441678047180176,9.329615592956543
3402,170700.0,3.670589685440064,-0.16510476171970367,3.2805597782135014
3403,170800.0,3.670589685440064,-0.16510476171970367,3.2805597782135014
3404,170900.0,3.2973096370697017,3.218346357345581,11.815757751464846
3405,171000.0,3.2973096370697017,3.218346357345581,11.815757751464846
3406,171100.0,-0.784845769405365,-1.5385849475860596,4.610969543457031
3407,171200.0,-0.784845769405365,-1.5385849475860596,4.610969543457031
3408,171300.0,7.255037784576416,-0.8422735333442688,12.794422149658205
3409,171400.0,7.255037784576416,-0.8422735333442688,12.794422149658205
3410,171500.0,7.255037784576416,-0.8422735333442688,12.794422149658205
3411,171600.0,1.368694543838501,1.3663017749786377,8.516055107116701
3412,171700.0,1.368694543838501,1.3663017749786377,8.516055107116701
3413,171800.0,0.2679961323738098,1.361515998840332,10.064212799072266
3414,171900.0,0.2679961323738098,1.361515998840332,10.064212799072266
3415,172000.0,10.169495582580566,-0.002392822643741965,8.185846328735353
3416,172100.0,10.169495582580566,-0.002392822643741965,8.185846328735353
3417,172200.0,10.169495582580566,-0.002392822643741965,8.185846328735353
3418,172300.0,5.111069202423097,2.4023938179016118,12.48574924468994
3419,172400.0,5.111069202423097,2.4023938179016118,12.48574924468994
3420,171000.0,3.2973096370697017,3.218346357345581,11.815757751464846
3421,171100.0,-0.784845769405365,-1.5385849475860596,4.610969543457031
3422,171200.0,-0.784845769405365,-1.5385849475860596,4.610969543457031
3423,171300.0,7.255037784576416,-0.8422735333442688,12.794422149658205
3424,171400.0,7.255037784576416,-0.8422735333442688,12.794422149658205
3425,171500.0,7.255037784576416,-0.8422735333442688,12.794422149658205
3426,171600.0,1.368694543838501,1.3663017749786377,8.516055107116701
3427,171700.0,1.368694543838501,1.3663017749786377,8.516055107116701
3428,171800.0,0.2679961323738098,1.361515998840332,10.064212799072266
3429,171900.0,0.2679961323738098,1.361515998840332,10.064212799072266
3430,172000.0,10.169495582580566,-0.002392822643741965,8.185846328735353
3431,172100.0,10.169495582580566,-0.002392822643741965,8.185846328735353
3432,172200.0,10.169495582580566,-0.002392822643741965,8.185846328735353
3433,172300.0,5.111069202423097,2.4023938179016118,12.48574924468994
3434,172400.0,5.111069202423097,2.4023938179016118,12.48574924468994
3435,172500.0,0.6364907622337341,-0.05982056260108948,9.846465110778807
3436,172600.0,0.6364907622337341,-0.05982056260108948,9.846465110778807
3437,172700.0,17.845672607421875,6.527620315551758,15.737593650817873
3438,172800.0,17.845672607421875,6.527620315551758,15.737593650817873
3439,172900.0,17.845672607421875,6.527620315551758,15.737593650817873
3440,173000.0,-0.15314064919948578,1.0121639966964722,9.994820594787598
3441,173100.0,-0.15314064919948578,1.0121639966964722,9.994820594787598
3442,173200.0,2.364108800888061,1.919043779373169,7.314858913421631
3443,173300.0,2.364108800888061,1.919043779373169,7.314858913421631
3444,173400.0,7.451249599456787,5.836094379425049,7.185646057128906
3445,173500.0,7.451249599456787,5.836094379425049,7.185646057128906
3446,173600.0,7.451249599456787,5.836094379425049,7.185646057128906
3447,173700.0,2.2923240661621094,3.9912283420562735,7.843672752380371
3448,173800.0,2.2923240661621094,3.9912283420562735,7.843672752380371
3449,173900.0,10.52841854095459,4.902893543243408,4.4004011154174805
3450,172500.0,0.6364907622337341,-0.05982056260108948,9.846465110778807
3451,172600.0,0.6364907622337341,-0.05982056260108948,9.846465110778807
3452,172700.0,17.845672607421875,6.527620315551758,15.737593650817873
3453,172800.0,17.845672607421875,6.527620315551758,15.737593650817873
3454,172900.0,17.845672607421875,6.527620315551758,15.737593650817873
3455,173000.0,-0.15314064919948578,1.0121639966964722,9.994820594787598
3456,173100.0,-0.15314064919948578,1.0121639966964722,9.994820594787598
3457,173200.0,2.364108800888061,1.919043779373169,7.314858913421631
3458,173300.0,2.364108800888061,1.919043779373169,7.314858913421631
3459,173400.0,7.451249599456787,5.836094379425049,7.185646057128906
3460,173500.0,7.451249599456787,5.836094379425049,7.185646057128906
3461,173600.0,7.451249599456787,5.836094379425049,7.185646057128906
3462,173700.0,2.2923240661621094,3.9912283420562735,7.843672752380371
3463,173800.0,2.2923240661621094,3.9912283420562735,7.843672752380371
3464,173900.0,10.52841854095459,4.902893543243408,4.4004011154174805
3465,174000.0,10.52841854095459,4.902893543243408,4.4004011154174805
3466,174100.0,2.1200408935546875,5.0201416015625,5.72841739654541
3467,174200.0,2.1200408935546875,5.0201416015625,5.72841739654541
3468,174300.0,2.1200408935546875,5.0201416015625,5.72841739654541
3469,174400.0,0.7034898400306702,1.430907964706421,5.249853134155273
3470,174500.0,0.7034898400306702,1.430907964706421,5.249853134155273
3471,174600.0,15.400206565856935,1.0839486122131348,4.060619831085205
3472,174700.0,15.400206565856935,1.0839486122131348,4.060619831085205
3473,174800.0,-3.029313325881958,7.925028324127197,0.7082754969596863
3474,174900.0,-3.029313325881958,7.925028324127197,0.7082754969596863
3475,175000.0,8.786444664001465,10.66481113433838,13.167703628540039
3476,175100.0,8.786444664001465,10.66481113433838,13.167703628540039
3477,175200.0,8.786444664001465,10.66481113433838,13.167703628540039
3478,175300.0,8.796016693115233,3.893122434616089,7.434500217437744
3479,175400.0,8.796016693115233,3.893122434616089,7.434500217437744
3480,174000.0,10.52841854095459,4.902893543243408,4.4004011154174805
3481,174100.0,2.1200408935546875,5.0201416015625,5.72841739654541
3482,174200.0,2.1200408935546875,5.0201416015625,5.72841739654541
3483,174300.0,2.1200408935546875,5.0201416015625,5.72841739654541
3484,174400.0,0.7034898400306702,1.430907964706421,5.249853134155273
3485,174500.0,0.7034898400306702,1.430907964706421,5.249853134155273
3486,174600.0,15.400206565856935,1.0839486122131348,4.060619831085205
3487,174700.0,15.400206565856935,1.0839486122131348,4.060619831085205
3488,174800.0,-3.029313325881958,7.925028324127197,0.7082754969596863
3489,174900.0,-3.029313325881958,7.925028324127197,0.7082754969596863
3490,175000.0,8.786444664001465,10.66481113433838,13.167703628540039
3491,175100.0,8.786444664001465,10.66481113433838,13.167703628540039
3492,175200.0,8.786444664001465,10.66481113433838,13.167703628540039
3493,175300.0,8.796016693115233,3.893122434616089,7.434500217437744
3494,175400.0,8.796016693115233,3.893122434616089,7.434500217437744
3495,175500.0,-2.2013967037200928,-1.584048628807068,11.636297225952148
3496,175600.0,-2.2013967037200928,-1.584048628807068,11.636297225952148
3497,175700.0,3.617947816848755,2.6679973602294917,8.506484031677246
3498,175800.0,3.617947816848755,2.6679973602294917,8.506484031677246
3499,175900.0,3.617947816848755,2.6679973602294917,8.506484031677246
3500,176000.0,10.423135757446287,3.239881753921509,7.211967468261719
3501,176100.0,10.423135757446287,3.239881753921509,7.211967468261719
3502,176200.0,13.323236465454102,1.7539390325546265,12.0335054397583
3503,176300.0,13.323236465454102,1.7539390325546265,12.0335054397583
3504,176400.0,13.323236465454102,1.7539390325546265,12.0335054397583
3505,176500.0,3.804587841033936,-1.289731502532959,5.331209182739258
3506,176600.0,3.804587841033936,-1.289731502532959,5.331209182739258
3507,176700.0,9.365508079528807,2.577069997787476,8.597411155700684
3508,176800.0,9.365508079528807,2.577069997787476,8.597411155700684
3509,176900.0,8.307880401611326,2.1343977451324463,10.470992088317873
