,timestamp,mx,my,mz,timestamp,gx,gy,gz,timestamp,pressure,timestamp,lax,lay,laz,timestamp,grx,gry,grz,timestamp,ax,ay,az
0,5000.0,-32.79399871826172,-134.83700561523438,-13.284000396728516,5000.0,-1.2406673431396484,-1.5412130355834959,-0.8582656979560852,5000.0,1002.3599853515624,5000.0,1.3494055271148682,5.382102012634277,1.8315385580062864,5000.0,-4.636548042297363,-8.627033233642576,0.4970949590206146,5000.0,-0.9995791912078856,-3.933074951171875,0.444722980260849
1,5100.0,-30.31599998474121,-133.32600402832028,-13.284000396728516,5100.0,-1.2406673431396484,-1.5412130355834959,-0.8582656979560852,5100.0,1002.3599853515624,5100.0,1.3494055271148682,5.382102012634277,1.8315385580062864,5100.0,-4.636548042297363,-8.627033233642576,0.4970949590206146,5100.0,-0.9995791912078856,-3.933074951171875,0.444722980260849
2,5200.0,-30.69099998474121,-134.49000549316406,-13.284000396728516,5200.0,-1.2406673431396484,-1.5412130355834959,-0.8582656979560852,5200.0,1002.3599853515624,5200.0,1.3494055271148682,5.382102012634277,1.8315385580062864,5200.0,-4.636548042297363,-8.627033233642576,0.4970949590206146,5200.0,-0.9995791912078856,-3.933074951171875,0.444722980260849
3,5300.0,-30.69099998474121,-134.82200622558594,-15.968000411987305,5300.0,-1.3668110370635986,2.299907684326172,-1.4895949363708496,5300.0,1002.4099731445312,5300.0,-1.838651657104492,-4.90059757232666,-3.5440735816955566,5300.0,-4.770121097564697,-8.535863876342772,0.7452210187911987,5300.0,-3.4207155704498287,-3.153762102127075,2.5767595767974854
4,5400.0,-30.69099998474121,-137.22900390625,-18.283000946044922,5400.0,-1.3668110370635986,2.299907684326172,-1.4895949363708496,5400.0,1002.4099731445312,5400.0,-1.838651657104492,-4.90059757232666,-3.5440735816955566,5400.0,-4.770121097564697,-8.535863876342772,0.7452210187911987,5400.0,-3.4207155704498287,-3.153762102127075,2.5767595767974854
5,5500.0,-31.125999450683594,-138.72200012207028,-17.604000091552734,5500.0,-1.0067058801650999,1.3658946752548218,0.010384709574282171,5500.0,1002.3599853515624,5500.0,1.2038187980651855,2.608171939849853,1.0083900690078735,5500.0,-4.705300331115723,-8.598509788513184,0.3101055324077606,5500.0,-6.543951988220215,-13.499107360839846,-3.2339680194854736
6,5600.0,-31.50399971008301,-138.71099853515622,-17.988000869750977,5600.0,-0.2620611786842346,-0.3488040566444397,-0.4602869749069214,5600.0,1002.4600219726564,5600.0,-3.033355712890625,-1.251516342163086,-0.025343120098114014,5600.0,-4.722696781158447,-8.583500862121582,0.4359121620655061,5600.0,-3.5188779830932617,-5.9753289222717285,1.4443022012710571
7,5700.0,-31.87100028991699,-138.71099853515622,-18.645999908447266,5700.0,-0.2620611786842346,-0.3488040566444397,-0.4602869749069214,5700.0,1002.4600219726564,5700.0,-3.033355712890625,-1.251516342163086,-0.025343120098114014,5700.0,-4.722696781158447,-8.583500862121582,0.4359121620655061,5700.0,-3.5188779830932617,-5.9753289222717285,1.4443022012710571
8,5800.0,-32.194000244140625,-139.01899719238278,-18.988000869750977,5800.0,1.8487836122512813,0.013744467869400978,0.3430008292198181,5800.0,1002.469970703125,5800.0,0.5938487052917479,-3.8291292190551762,4.715609073638916,5800.0,-4.921379566192627,-8.471935272216799,0.420386403799057,5800.0,-7.954735279083253,-9.723451614379883,0.395043283700943
9,5900.0,-32.86999893188477,-139.01899719238278,-19.30299949645996,5900.0,1.8487836122512813,0.013744467869400978,0.3430008292198181,5900.0,1002.469970703125,5900.0,0.5938487052917479,-3.8291292190551762,4.715609073638916,5900.0,-4.921379566192627,-8.471935272216799,0.420386403799057,5900.0,-7.954735279083253,-9.723451614379883,0.395043283700943
10,5500.0,-31.125999450683594,-138.72200012207028,-17.604000091552734,5500.0,-1.0067058801650999,1.3658946752548218,0.010384709574282171,5500.0,1002.3599853515624,5500.0,1.2038187980651855,2.608171939849853,1.0083900690078735,5500.0,-4.705300331115723,-8.598509788513184,0.3101055324077606,5500.0,-6.543951988220215,-13.499107360839846,-3.2339680194854736
11,5600.0,-31.50399971008301,-138.71099853515622,-17.988000869750977,5600.0,-0.2620611786842346,-0.3488040566444397,-0.4602869749069214,5600.0,1002.4600219726564,5600.0,-3.033355712890625,-1.251516342163086,-0.025343120098114014,5600.0,-4.722696781158447,-8.583500862121582,0.4359121620655061,5600.0,-3.5188779830932617,-5.9753289222717285,1.4443022012710571
12,5700.0,-31.87100028991699,-138.71099853515622,-18.645999908447266,5700.0,-0.2620611786842346,-0.3488040566444397,-0.4602869749069214,5700.0,1002.4600219726564,5700.0,-3.033355712890625,-1.251516342163086,-0.025343120098114014,5700.0,-4.722696781158447,-8.583500862121582,0.4359121620655061,5700.0,-3.5188779830932617,-5.9753289222717285,1.4443022012710571
13,5800.0,-32.194000244140625,-139.01899719238278,-18.988000869750977,5800.0,1.8487836122512813,0.013744467869400978,0.3430008292198181,5800.0,1002.469970703125,5800.0,0.5938487052917479,-3.8291292190551762,4.715609073638916,5800.0,-4.921379566192627,-8.471935272216799,0.420386403799057,5800.0,-7.954735279083253,-9.723451614379883,0.395043283700943
14,5900.0,-32.86999893188477,-139.01899719238278,-19.30299949645996,5900.0,1.8487836122512813,0.013744467869400978,0.3430008292198181,5900.0,1002.469970703125,5900.0,0.5938487052917479,-3.8291292190551762,4.715609073638916,5900.0,-4.921379566192627,-8.471935272216799,0.420386403799057,5900.0,-7.954735279083253,-9.723451614379883,0.395043283700943
15,6000.0,-33.5989990234375,-135.27000427246094,-20.65699958801269,6000.0,0.6035348773002625,-0.3814853429794312,1.8805487155914309,6000.0,1002.3400268554688,6000.0,1.248997449874878,2.075358867645264,-0.6122744083404541,6000.0,-4.67775821685791,-8.571040153503418,0.908969521522522,6000.0,-4.083909511566162,-12.400169372558596,5.624578475952148
16,6100.0,-33.5989990234375,-129.27999877929688,-26.32099914550781,6100.0,0.6035348773002625,-0.3814853429794312,1.8805487155914309,6100.0,1002.3400268554688,6100.0,1.248997449874878,2.075358867645264,-0.6122744083404541,6100.0,-4.67775821685791,-8.571040153503418,0.908969521522522,6100.0,-4.083909511566162,-12.400169372558596,5.624578475952148
17,6200.0,-33.041000366210945,-126.7509994506836,-28.645999908447266,6200.0,-0.4196644127368927,-1.5149458646774292,-0.28130343556404114,6200.0,1002.4000244140624,6200.0,2.833970546722412,7.222630500793457,2.8776564598083496,6200.0,-4.669713020324707,-8.579806327819824,0.8666583299636841,6200.0,-3.4207155704498287,-6.5044474601745605,0.25438392162323004
18,6300.0,-32.650001525878906,-125.9749984741211,-28.32699966430664,6300.0,-0.4196644127368927,-1.5149458646774292,-0.28130343556404114,6300.0,1002.4000244140624,6300.0,2.833970546722412,7.222630500793457,2.8776564598083496,6300.0,-4.669713020324707,-8.579806327819824,0.8666583299636841,6300.0,-3.4207155704498287,-6.5044474601745605,0.25438392162323004
19,6400.0,-31.391000747680664,-125.59300231933594,-28.63999938964844,6400.0,-1.5238033533096311,-0.1991420686244965,-1.4223997592926023,6400.0,1002.3300170898438,6400.0,4.797463417053223,5.645819664001465,1.4074748754501345,6400.0,-4.7487335205078125,-8.482579231262207,1.2906489372253418,6400.0,-1.9147628545761108,-1.2599486112594604,4.168305397033691
20,6000.0,-33.5989990234375,-135.27000427246094,-20.65699958801269,6000.0,0.6035348773002625,-0.3814853429794312,1.8805487155914309,6000.0,1002.3400268554688,6000.0,1.248997449874878,2.075358867645264,-0.6122744083404541,6000.0,-4.67775821685791,-8.571040153503418,0.908969521522522,6000.0,-4.083909511566162,-12.400169372558596,5.624578475952148
21,6100.0,-33.5989990234375,-129.27999877929688,-26.32099914550781,6100.0,0.6035348773002625,-0.3814853429794312,1.8805487155914309,6100.0,1002.3400268554688,6100.0,1.248997449874878,2.075358867645264,-0.6122744083404541,6100.0,-4.67775821685791,-8.571040153503418,0.908969521522522,6100.0,-4.083909511566162,-12.400169372558596,5.624578475952148
22,6200.0,-33.041000366210945,-126.7509994506836,-28.645999908447266,6200.0,-0.4196644127368927,-1.5149458646774292,-0.28130343556404114,6200.0,1002.4000244140624,6200.0,2.833970546722412,7.222630500793457,2.8776564598083496,6200.0,-4.669713020324707,-8.579806327819824,0.8666583299636841,6200.0,-3.4207155704498287,-6.5044474601745605,0.25438392162323004
23,6300.0,-32.650001525878906,-125.9749984741211,-28.32699966430664,6300.0,-0.4196644127368927,-1.5149458646774292,-0.28130343556404114,6300.0,1002.4000244140624,6300.0,2.833970546722412,7.222630500793457,2.8776564598083496,6300.0,-4.669713020324707,-8.579806327819824,0.8666583299636841,6300.0,-3.4207155704498287,-6.5044474601745605,0.25438392162323004
24,6400.0,-31.391000747680664,-125.59300231933594,-28.63999938964844,6400.0,-1.5238033533096311,-0.1991420686244965,-1.4223997592926023,6400.0,1002.3300170898438,6400.0,4.797463417053223,5.645819664001465,1.4074748754501345,6400.0,-4.7487335205078125,-8.482579231262207,1.2906489372253418,6400.0,-1.9147628545761108,-1.2599486112594604,4.168305397033691
25,6500.0,-31.05599975585937,-125.9000015258789,-28.981000900268555,6500.0,-1.130406141281128,-1.380555510520935,-0.18997909128665924,6500.0,1002.280029296875,6500.0,-0.7990851402282715,3.1027426719665527,-1.9537732601165767,6500.0,-4.7487335205078125,-8.482579231262207,1.2906489372253418,6500.0,-1.9147628545761108,-1.2599486112594604,4.168305397033691
26,6600.0,-33.450000762939446,-125.9000015258789,-28.981000900268555,6600.0,-1.130406141281128,-1.380555510520935,-0.18997909128665924,6600.0,1002.280029296875,6600.0,-0.7990851402282715,3.1027426719665527,-1.9537732601165767,6600.0,-4.563430309295653,-8.532628059387207,1.5936568975448608,6600.0,0.2340332120656967,-2.8868086338043213,3.001131772994995
27,6700.0,-34.583999633789055,-125.9000015258789,-28.617000579833984,6700.0,-0.17318029701709747,-0.6362161636352539,-0.5598580241203308,6700.0,1002.3499755859376,6700.0,-2.2180094718933105,-0.8126125335693359,-2.0850172042846684,6700.0,-4.82968282699585,-8.420863151550293,1.3905372619628906,6700.0,-5.628767967224121,-5.31812047958374,-0.5632359385490417
28,6800.0,-35.20199966430664,-126.23999786376952,-27.9060001373291,6800.0,-0.17318029701709747,-0.6362161636352539,-0.5598580241203308,6800.0,1002.3499755859376,6800.0,-2.2180094718933105,-0.8126125335693359,-2.0850172042846684,6800.0,-4.82968282699585,-8.420863151550293,1.3905372619628906,6800.0,-5.628767967224121,-5.31812047958374,-0.5632359385490417
29,6900.0,-35.7140007019043,-126.6520004272461,-27.9060001373291,6900.0,0.7113525867462158,0.3588833212852478,0.384845107793808,6900.0,1002.3400268554688,6900.0,-0.14289093017578125,-3.0523958206176762,3.424378633499145,6900.0,-5.015472412109375,-8.35538387298584,1.0968103408813477,6900.0,-7.233481884002685,-9.167996406555176,-0.9882067441940308
30,6500.0,-31.05599975585937,-125.9000015258789,-28.981000900268555,6500.0,-1.130406141281128,-1.380555510520935,-0.18997909128665924,6500.0,1002.280029296875,6500.0,-0.7990851402282715,3.1027426719665527,-1.9537732601165767,6500.0,-4.7487335205078125,-8.482579231262207,1.2906489372253418,6500.0,-1.9147628545761108,-1.2599486112594604,4.168305397033691
31,6600.0,-33.450000762939446,-125.9000015258789,-28.981000900268555,6600.0,-1.130406141281128,-1.380555510520935,-0.18997909128665924,6600.0,1002.280029296875,6600.0,-0.7990851402282715,3.1027426719665527,-1.9537732601165767,6600.0,-4.563430309295653,-8.532628059387207,1.5936568975448608,6600.0,0.2340332120656967,-2.8868086338043213,3.001131772994995
32,6700.0,-34.583999633789055,-125.9000015258789,-28.617000579833984,6700.0,-0.17318029701709747,-0.6362161636352539,-0.5598580241203308,6700.0,1002.3499755859376,6700.0,-2.2180094718933105,-0.8126125335693359,-2.0850172042846684,6700.0,-4.82968282699585,-8.420863151550293,1.3905372619628906,6700.0,-5.628767967224121,-5.31812047958374,-0.5632359385490417
33,6800.0,-35.20199966430664,-126.23999786376952,-27.9060001373291,6800.0,-0.17318029701709747,-0.6362161636352539,-0.5598580241203308,6800.0,1002.3499755859376,6800.0,-2.2180094718933105,-0.8126125335693359,-2.0850172042846684,6800.0,-4.82968282699585,-8.420863151550293,1.3905372619628906,6800.0,-5.628767967224121,-5.31812047958374,-0.5632359385490417
34,6900.0,-35.7140007019043,-126.6520004272461,-27.9060001373291,6900.0,0.7113525867462158,0.3588833212852478,0.384845107793808,6900.0,1002.3400268554688,6900.0,-0.14289093017578125,-3.0523958206176762,3.424378633499145,6900.0,-5.015472412109375,-8.35538387298584,1.0968103408813477,6900.0,-7.233481884002685,-9.167996406555176,-0.9882067441940308
35,7000.0,-39.0989990234375,-127.9980010986328,-29.832000732421875,7000.0,0.7113525867462158,0.3588833212852478,0.384845107793808,7000.0,1002.3400268554688,7000.0,-0.14289093017578125,-3.0523958206176762,3.424378633499145,7000.0,-5.015472412109375,-8.35538387298584,1.0968103408813477,7000.0,-7.233481884002685,-9.167996406555176,-0.9882067441940308
36,7100.0,-42.097999572753906,-131.27799987792972,-34.867000579833984,7100.0,0.6630942225456238,-0.4758640229701996,2.106263399124145,7100.0,1002.3099975585938,7100.0,-1.1999773979187012,1.0203742980957031,-2.3317553997039795,7100.0,-4.839442729949951,-8.402063369750978,1.468172311782837,7100.0,-4.9823336601257315,-11.454459190368652,4.8925509452819815
37,7200.0,-43.54700088500977,-129.39100646972656,-30.54800033569336,7200.0,0.6630942225456238,-0.4758640229701996,2.106263399124145,7200.0,1002.3099975585938,7200.0,-1.1999773979187012,1.0203742980957031,-2.3317553997039795,7200.0,-4.839442729949951,-8.402063369750978,1.468172311782837,7200.0,-4.9823336601257315,-11.454459190368652,4.8925509452819815
38,7300.0,-43.66999816894531,-127.08100128173828,-27.5049991607666,7300.0,-0.5348125100135803,-0.22510384023189545,-0.07208210229873657,7300.0,1002.25,7300.0,4.367265701293944,7.107953071594237,1.4682296514511108,7300.0,-5.018961429595947,-8.339448928833008,1.197502374649048,7300.0,-6.2189388275146475,-7.319074630737305,-1.1342530250549316
39,7400.0,-43.66999816894531,-126.2020034790039,-28.256000518798828,7400.0,-1.2205088138580322,-0.2822197377681732,-1.9431623220443728,7400.0,1002.260009765625,7400.0,2.0374743938446045,-0.05048942565917969,-1.5395267009735107,7400.0,-4.986765384674072,-8.305652618408201,1.5227268934249878,7400.0,-0.6194996833801271,-1.1976994276046753,2.990956544876098
40,7000.0,-39.0989990234375,-127.9980010986328,-29.832000732421875,7000.0,0.7113525867462158,0.3588833212852478,0.384845107793808,7000.0,1002.3400268554688,7000.0,-0.14289093017578125,-3.0523958206176762,3.424378633499145,7000.0,-5.015472412109375,-8.35538387298584,1.0968103408813477,7000.0,-7.233481884002685,-9.167996406555176,-0.9882067441940308
41,7100.0,-42.097999572753906,-131.27799987792972,-34.867000579833984,7100.0,0.6630942225456238,-0.4758640229701996,2.106263399124145,7100.0,1002.3099975585938,7100.0,-1.1999773979187012,1.0203742980957031,-2.3317553997039795,7100.0,-4.839442729949951,-8.402063369750978,1.468172311782837,7100.0,-4.9823336601257315,-11.454459190368652,4.8925509452819815
42,7200.0,-43.54700088500977,-129.39100646972656,-30.54800033569336,7200.0,0.6630942225456238,-0.4758640229701996,2.106263399124145,7200.0,1002.3099975585938,7200.0,-1.1999773979187012,1.0203742980957031,-2.3317553997039795,7200.0,-4.839442729949951,-8.402063369750978,1.468172311782837,7200.0,-4.9823336601257315,-11.454459190368652,4.8925509452819815
43,7300.0,-43.66999816894531,-127.08100128173828,-27.5049991607666,7300.0,-0.5348125100135803,-0.22510384023189545,-0.07208210229873657,7300.0,1002.25,7300.0,4.367265701293944,7.107953071594237,1.4682296514511108,7300.0,-5.018961429595947,-8.339448928833008,1.197502374649048,7300.0,-6.2189388275146475,-7.319074630737305,-1.1342530250549316
44,7400.0,-43.66999816894531,-126.2020034790039,-28.256000518798828,7400.0,-1.2205088138580322,-0.2822197377681732,-1.9431623220443728,7400.0,1002.260009765625,7400.0,2.0374743938446045,-0.05048942565917969,-1.5395267009735107,7400.0,-4.986765384674072,-8.305652618408201,1.5227268934249878,7400.0,-0.6194996833801271,-1.1976994276046753,2.990956544876098
45,7500.0,-43.986000061035156,-127.33599853515624,-31.25900077819824,7500.0,-1.2205088138580322,-0.2822197377681732,-1.9431623220443728,7500.0,1002.260009765625,7500.0,2.0374743938446045,-0.05048942565917969,-1.5395267009735107,7500.0,-4.986765384674072,-8.305652618408201,1.5227268934249878,7500.0,-0.6194996833801271,-1.1976994276046753,2.990956544876098
46,7600.0,-44.32500076293945,-128.75,-30.31399917602539,7600.0,-0.616973876953125,-0.8035932183265686,-0.35735616087913513,7600.0,1002.27001953125,7600.0,0.8228874206542969,3.4622392654418945,-1.077863693237305,7600.0,-4.7979888916015625,-8.446532249450684,1.343800663948059,7600.0,-2.760514497756958,-8.497021675109862,-0.19572599232196808
47,7700.0,-44.67399978637695,-129.24400329589844,-31.658000946044922,7700.0,-0.616973876953125,-0.8035932183265686,-0.35735616087913513,7700.0,1002.27001953125,7700.0,0.8228874206542969,3.4622392654418945,-1.077863693237305,7700.0,-4.7979888916015625,-8.446532249450684,1.343800663948059,7700.0,-2.760514497756958,-8.497021675109862,-0.19572599232196808
48,7800.0,-44.67399978637695,-128.82200622558594,-32.61800003051758,7800.0,-0.015271631069481371,0.6918048858642578,-0.4838052690029144,7800.0,1002.2999877929688,7800.0,-4.157233238220215,-0.6416549682617188,-0.9616005420684814,7800.0,-4.920563697814941,-8.388309478759767,1.2628157138824463,7800.0,-4.0976762771606445,-4.926070213317871,0.1849520802497864
49,7900.0,-43.8759994506836,-129.48399353027344,-35.16899871826172,7900.0,-0.015271631069481371,0.6918048858642578,-0.4838052690029144,7900.0,1002.2999877929688,7900.0,-4.157233238220215,-0.6416549682617188,-0.9616005420684814,7900.0,-4.920563697814941,-8.388309478759767,1.2628157138824463,7900.0,-4.0976762771606445,-4.926070213317871,0.1849520802497864
50,7500.0,-43.986000061035156,-127.33599853515624,-31.25900077819824,7500.0,-1.2205088138580322,-0.2822197377681732,-1.9431623220443728,7500.0,1002.260009765625,7500.0,2.0374743938446045,-0.05048942565917969,-1.5395267009735107,7500.0,-4.986765384674072,-8.305652618408201,1.5227268934249878,7500.0,-0.6194996833801271,-1.1976994276046753,2.990956544876098
51,7600.0,-44.32500076293945,-128.75,-30.31399917602539,7600.0,-0.616973876953125,-0.8035932183265686,-0.35735616087913513,7600.0,1002.27001953125,7600.0,0.8228874206542969,3.4622392654418945,-1.077863693237305,7600.0,-4.7979888916015625,-8.446532249450684,1.343800663948059,7600.0,-2.760514497756958,-8.497021675109862,-0.19572599232196808
52,7700.0,-44.67399978637695,-129.24400329589844,-31.658000946044922,7700.0,-0.616973876953125,-0.8035932183265686,-0.35735616087913513,7700.0,1002.27001953125,7700.0,0.8228874206542969,3.4622392654418945,-1.077863693237305,7700.0,-4.7979888916015625,-8.446532249450684,1.343800663948059,7700.0,-2.760514497756958,-8.497021675109862,-0.19572599232196808
53,7800.0,-44.67399978637695,-128.82200622558594,-32.61800003051758,7800.0,-0.015271631069481371,0.6918048858642578,-0.4838052690029144,7800.0,1002.2999877929688,7800.0,-4.157233238220215,-0.6416549682617188,-0.9616005420684814,7800.0,-4.920563697814941,-8.388309478759767,1.2628157138824463,7800.0,-4.0976762771606445,-4.926070213317871,0.1849520802497864
54,7900.0,-43.8759994506836,-129.48399353027344,-35.16899871826172,7900.0,-0.015271631069481371,0.6918048858642578,-0.4838052690029144,7900.0,1002.2999877929688,7900.0,-4.157233238220215,-0.6416549682617188,-0.9616005420684814,7900.0,-4.920563697814941,-8.388309478759767,1.2628157138824463,7900.0,-4.0976762771606445,-4.926070213317871,0.1849520802497864
55,8000.0,-43.84600067138672,-129.08000183105472,-35.80400085449219,8000.0,3.765678882598877,0.598647952079773,0.7907650470733643,8000.0,1002.239990234375,8000.0,-0.4605083465576172,-1.000523567199707,-2.435586929321289,8000.0,-5.2878923416137695,-8.18576717376709,1.0962743759155271,8000.0,-9.445125579833984,-8.827422142028809,0.1346738487482071
56,8100.0,-43.1349983215332,-126.47699737548828,-43.4109992980957,8100.0,3.765678882598877,0.598647952079773,0.7907650470733643,8100.0,1002.239990234375,8100.0,-0.4605083465576172,-1.000523567199707,-2.435586929321289,8100.0,-5.2878923416137695,-8.18576717376709,1.0962743759155271,8100.0,-9.445125579833984,-8.827422142028809,0.1346738487482071
57,8200.0,-42.82799911499024,-117.68699645996094,-48.07799911499024,8200.0,0.2871066629886627,-0.6771441102027893,1.2971723079681396,8200.0,1002.0399780273438,8200.0,4.006867408752441,4.513355731964111,-0.14769643545150754,8200.0,-5.287970066070557,-8.221940994262695,0.7793979644775391,8200.0,-5.748478412628174,-9.222464561462402,-1.6561890840530396
58,8300.0,-45.42900085449219,-115.15299987792969,-45.94800186157226,8300.0,-1.0079276561737058,-1.5989397764205933,-1.38849675655365,8300.0,1002.25,8300.0,0.3690023422241211,1.903450012207032,5.74289083480835,8300.0,-5.181223392486572,-8.285420417785645,0.8228613138198853,8300.0,-1.1743559837341309,-3.772064685821533,0.6751648783683777
59,8400.0,-44.96900177001953,-113.13700103759766,-43.165000915527344,8400.0,-1.0079276561737058,-1.5989397764205933,-1.38849675655365,8400.0,1002.25,8400.0,0.3690023422241211,1.903450012207032,5.74289083480835,8400.0,-5.181223392486572,-8.285420417785645,0.8228613138198853,8400.0,-1.1743559837341309,-3.772064685821533,0.6751648783683777
60,8000.0,-43.84600067138672,-129.08000183105472,-35.80400085449219,8000.0,3.765678882598877,0.598647952079773,0.7907650470733643,8000.0,1002.239990234375,8000.0,-0.4605083465576172,-1.000523567199707,-2.435586929321289,8000.0,-5.2878923416137695,-8.18576717376709,1.0962743759155271,8000.0,-9.445125579833984,-8.827422142028809,0.1346738487482071
61,8100.0,-43.1349983215332,-126.47699737548828,-43.4109992980957,8100.0,3.765678882598877,0.598647952079773,0.7907650470733643,8100.0,1002.239990234375,8100.0,-0.4605083465576172,-1.000523567199707,-2.435586929321289,8100.0,-5.2878923416137695,-8.18576717376709,1.0962743759155271,8100.0,-9.445125579833984,-8.827422142028809,0.1346738487482071
62,8200.0,-42.82799911499024,-117.68699645996094,-48.07799911499024,8200.0,0.2871066629886627,-0.6771441102027893,1.2971723079681396,8200.0,1002.0399780273438,8200.0,4.006867408752441,4.513355731964111,-0.14769643545150754,8200.0,-5.287970066070557,-8.221940994262695,0.7793979644775391,8200.0,-5.748478412628174,-9.222464561462402,-1.6561890840530396
63,8300.0,-45.42900085449219,-115.15299987792969,-45.94800186157226,8300.0,-1.0079276561737058,-1.5989397764205933,-1.38849675655365,8300.0,1002.25,8300.0,0.3690023422241211,1.903450012207032,5.74289083480835,8300.0,-5.181223392486572,-8.285420417785645,0.8228613138198853,8300.0,-1.1743559837341309,-3.772064685821533,0.6751648783683777
64,8400.0,-44.96900177001953,-113.13700103759766,-43.165000915527344,8400.0,-1.0079276561737058,-1.5989397764205933,-1.38849675655365,8400.0,1002.25,8400.0,0.3690023422241211,1.903450012207032,5.74289083480835,8400.0,-5.181223392486572,-8.285420417785645,0.8228613138198853,8400.0,-1.1743559837341309,-3.772064685821533,0.6751648783683777
65,8500.0,-39.50600051879883,-112.7509994506836,-42.303001403808594,8500.0,-0.636521577835083,1.2125675678253174,-1.8310685157775881,8500.0,1002.260009765625,8500.0,1.338977336883545,-4.655052185058594,-2.325429201126098,8500.0,-5.208282470703125,-8.154111862182617,1.5983301401138306,8500.0,-4.839280128479004,-6.250661849975586,7.3412208557128915
66,8600.0,-42.84600067138672,-113.6729965209961,-39.55799865722656,8600.0,-0.636521577835083,1.2125675678253174,-1.8310685157775881,8600.0,1002.260009765625,8600.0,1.338977336883545,-4.655052185058594,-2.325429201126098,8600.0,-5.208282470703125,-8.154111862182617,1.5983301401138306,8600.0,-4.839280128479004,-6.250661849975586,7.3412208557128915
67,8700.0,-40.21699905395508,-113.6729965209961,-44.2760009765625,8700.0,-0.2290744632482529,1.3243558406829834,0.08429940044879912,8700.0,1002.1900024414064,8700.0,-1.967335224151612,2.589775562286377,-0.6716139316558838,8700.0,-4.845884323120117,-8.434048652648926,1.246841311454773,8700.0,-3.5069069862365723,-13.08910083770752,-1.0785878896713257
68,8800.0,-39.47100067138672,-113.6729965209961,-44.49599838256836,8800.0,-0.2290744632482529,1.3243558406829834,0.08429940044879912,8800.0,1002.1900024414064,8800.0,-1.967335224151612,2.589775562286377,-0.6716139316558838,8800.0,-4.845884323120117,-8.434048652648926,1.246841311454773,8800.0,-3.5069069862365723,-13.08910083770752,-1.0785878896713257
69,8900.0,-36.53400039672852,-114.35299682617188,-42.48899841308594,8900.0,-0.5189300179481506,0.9159924387931824,-0.6166684627532959,8900.0,1002.1799926757812,8900.0,-2.089824676513672,-4.1050024032592765,-1.5823627710342407,8900.0,-5.173371315002441,-8.246675491333008,1.1827759742736816,8900.0,-7.140706539154053,-5.656899929046631,0.5111620426177979
70,8500.0,-39.50600051879883,-112.7509994506836,-42.303001403808594,8500.0,-0.636521577835083,1.2125675678253174,-1.8310685157775881,8500.0,1002.260009765625,8500.0,1.338977336883545,-4.655052185058594,-2.325429201126098,8500.0,-5.208282470703125,-8.154111862182617,1.5983301401138306,8500.0,-4.839280128479004,-6.250661849975586,7.3412208557128915
71,8600.0,-42.84600067138672,-113.6729965209961,-39.55799865722656,8600.0,-0.636521577835083,1.2125675678253174,-1.8310685157775881,8600.0,1002.260009765625,8600.0,1.338977336883545,-4.655052185058594,-2.325429201126098,8600.0,-5.208282470703125,-8.154111862182617,1.5983301401138306,8600.0,-4.839280128479004,-6.250661849975586,7.3412208557128915
72,8700.0,-40.21699905395508,-113.6729965209961,-44.2760009765625,8700.0,-0.2290744632482529,1.3243558406829834,0.08429940044879912,8700.0,1002.1900024414064,8700.0,-1.967335224151612,2.589775562286377,-0.6716139316558838,8700.0,-4.845884323120117,-8.434048652648926,1.246841311454773,8700.0,-3.5069069862365723,-13.08910083770752,-1.0785878896713257
73,8800.0,-39.47100067138672,-113.6729965209961,-44.49599838256836,8800.0,-0.2290744632482529,1.3243558406829834,0.08429940044879912,8800.0,1002.1900024414064,8800.0,-1.967335224151612,2.589775562286377,-0.6716139316558838,8800.0,-4.845884323120117,-8.434048652648926,1.246841311454773,8800.0,-3.5069069862365723,-13.08910083770752,-1.0785878896713257
74,8900.0,-36.53400039672852,-114.35299682617188,-42.48899841308594,8900.0,-0.5189300179481506,0.9159924387931824,-0.6166684627532959,8900.0,1002.1799926757812,8900.0,-2.089824676513672,-4.1050024032592765,-1.5823627710342407,8900.0,-5.173371315002441,-8.246675491333008,1.1827759742736816,8900.0,-7.140706539154053,-5.656899929046631,0.5111620426177979
75,9000.0,-34.65700149536133,-115.71099853515624,-42.76399993896485,9000.0,-0.5189300179481506,0.9159924387931824,-0.6166684627532959,9000.0,1002.1799926757812,9000.0,-2.089824676513672,-4.1050024032592765,-1.5823627710342407,9000.0,-5.173371315002441,-8.246675491333008,1.1827759742736816,9000.0,-7.140706539154053,-5.656899929046631,0.5111620426177979
76,9100.0,-30.110000610351573,-125.56600189208984,-52.89300155639648,9100.0,2.977967977523804,0.32559117674827576,2.353358268737793,9100.0,1002.2000122070312,9100.0,-2.8355154991149902,4.62907600402832,-0.883580207824707,9100.0,-5.1466498374938965,-8.295166969299316,0.9341326355934144,9100.0,-7.2364745140075675,-12.400169372558596,-0.6482301354408264
77,9200.0,-21.69099998474121,-126.56199645996094,-63.32699966430664,9200.0,1.5247195959091189,0.7211264371871948,1.8594738245010376,9200.0,1002.0999755859376,9200.0,3.9508342742919917,5.749447345733643,-1.4609528779983518,9200.0,-5.637564182281494,-7.978564262390138,0.8548498153686523,9200.0,-8.473079681396483,-3.3494882583618164,-0.028730420395731926
78,9300.0,-17.068000793457028,-122.93299865722656,-66.33300018310547,9300.0,1.5247195959091189,0.7211264371871948,1.8594738245010376,9300.0,1002.0999755859376,9300.0,3.9508342742919917,5.749447345733643,-1.4609528779983518,9300.0,-5.637564182281494,-7.978564262390138,0.8548498153686523,9300.0,-8.473079681396483,-3.3494882583618164,-0.028730420395731926
79,9400.0,-8.361000061035156,-95.58799743652344,-182.6580047607422,9400.0,-0.24709498882293696,1.3637566566467283,-1.2852604389190674,9400.0,1002.1500244140624,9400.0,-1.0907001495361328,0.4024648666381836,-2.779231548309326,9400.0,-5.652513027191162,-7.979047775268555,0.744488000869751,9400.0,-1.7016788721084597,-2.229600429534912,-0.7164648771286011
80,9000.0,-34.65700149536133,-115.71099853515624,-42.76399993896485,9000.0,-0.5189300179481506,0.9159924387931824,-0.6166684627532959,9000.0,1002.1799926757812,9000.0,-2.089824676513672,-4.1050024032592765,-1.5823627710342407,9000.0,-5.173371315002441,-8.246675491333008,1.1827759742736816,9000.0,-7.140706539154053,-5.656899929046631,0.5111620426177979
81,9100.0,-30.110000610351573,-125.56600189208984,-52.89300155639648,9100.0,2.977967977523804,0.32559117674827576,2.353358268737793,9100.0,1002.2000122070312,9100.0,-2.8355154991149902,4.62907600402832,-0.883580207824707,9100.0,-5.1466498374938965,-8.295166969299316,0.9341326355934144,9100.0,-7.2364745140075675,-12.400169372558596,-0.6482301354408264
82,9200.0,-21.69099998474121,-126.56199645996094,-63.32699966430664,9200.0,1.5247195959091189,0.7211264371871948,1.8594738245010376,9200.0,1002.0999755859376,9200.0,3.9508342742919917,5.749447345733643,-1.4609528779983518,9200.0,-5.637564182281494,-7.978564262390138,0.8548498153686523,9200.0,-8.473079681396483,-3.3494882583618164,-0.028730420395731926
83,9300.0,-17.068000793457028,-122.93299865722656,-66.33300018310547,9300.0,1.5247195959091189,0.7211264371871948,1.8594738245010376,9300.0,1002.0999755859376,9300.0,3.9508342742919917,5.749447345733643,-1.4609528779983518,9300.0,-5.637564182281494,-7.978564262390138,0.8548498153686523,9300.0,-8.473079681396483,-3.3494882583618164,-0.028730420395731926
84,9400.0,-8.361000061035156,-95.58799743652344,-182.6580047607422,9400.0,-0.24709498882293696,1.3637566566467283,-1.2852604389190674,9400.0,1002.1500244140624,9400.0,-1.0907001495361328,0.4024648666381836,-2.779231548309326,9400.0,-5.652513027191162,-7.979047775268555,0.744488000869751,9400.0,-1.7016788721084597,-2.229600429534912,-0.7164648771286011
85,9500.0,-26.32500076293945,-74.59200286865234,-81.90899658203125,9500.0,-0.24709498882293696,1.3637566566467283,-1.2852604389190674,9500.0,1002.1500244140624,9500.0,-1.0907001495361328,0.4024648666381836,-2.779231548309326,9500.0,-5.652513027191162,-7.979047775268555,0.744488000869751,9500.0,-1.7016788721084597,-2.229600429534912,-0.7164648771286011
86,9600.0,-12.765000343322756,-109.0770034790039,-58.13399887084961,9600.0,1.1078041791915894,2.219884395599365,0.2617557644844055,9600.0,1002.239990234375,9600.0,4.280748367309569,-0.13934326171875,-2.7351667881011963,9600.0,-5.781257152557372,-7.91187858581543,0.3868255019187927,9600.0,-6.871957302093506,-7.509413719177246,-2.3924059867858887
87,9700.0,-7.427000045776367,-114.2300033569336,-52.90800094604492,9700.0,1.1078041791915894,2.219884395599365,0.2617557644844055,9700.0,1002.239990234375,9700.0,4.280748367309569,-0.13934326171875,-2.7351667881011963,9700.0,-5.781257152557372,-7.91187858581543,0.3868255019187927,9700.0,-6.871957302093506,-7.509413719177246,-2.3924059867858887
88,9800.0,3.6559998989105225,-117.20999908447266,-53.88000106811523,9800.0,0.6820310354232788,0.8326093554496765,-1.0430524349212646,9800.0,1002.1699829101564,9800.0,-3.431999683380127,0.26822757720947266,-3.0163445472717285,9800.0,-5.407220363616943,-8.181106567382812,0.04288695752620697,9800.0,-1.1264718770980835,-8.320449829101562,-2.692279815673828
89,9900.0,6.556000232696532,-121.96299743652344,-55.85900115966797,9900.0,0.6820310354232788,0.8326093554496765,-1.0430524349212646,9900.0,1002.1699829101564,9900.0,-3.431999683380127,0.26822757720947266,-3.0163445472717285,9900.0,-5.407220363616943,-8.181106567382812,0.04288695752620697,9900.0,-1.1264718770980835,-8.320449829101562,-2.692279815673828
90,9500.0,-26.32500076293945,-74.59200286865234,-81.90899658203125,9500.0,-0.24709498882293696,1.3637566566467283,-1.2852604389190674,9500.0,1002.1500244140624,9500.0,-1.0907001495361328,0.4024648666381836,-2.779231548309326,9500.0,-5.652513027191162,-7.979047775268555,0.744488000869751,9500.0,-1.7016788721084597,-2.229600429534912,-0.7164648771286011
91,9600.0,-12.765000343322756,-109.0770034790039,-58.13399887084961,9600.0,1.1078041791915894,2.219884395599365,0.2617557644844055,9600.0,1002.239990234375,9600.0,4.280748367309569,-0.13934326171875,-2.7351667881011963,9600.0,-5.781257152557372,-7.91187858581543,0.3868255019187927,9600.0,-6.871957302093506,-7.509413719177246,-2.3924059867858887
92,9700.0,-7.427000045776367,-114.2300033569336,-52.90800094604492,9700.0,1.1078041791915894,2.219884395599365,0.2617557644844055,9700.0,1002.239990234375,9700.0,4.280748367309569,-0.13934326171875,-2.7351667881011963,9700.0,-5.781257152557372,-7.91187858581543,0.3868255019187927,9700.0,-6.871957302093506,-7.509413719177246,-2.3924059867858887
93,9800.0,3.6559998989105225,-117.20999908447266,-53.88000106811523,9800.0,0.6820310354232788,0.8326093554496765,-1.0430524349212646,9800.0,1002.1699829101564,9800.0,-3.431999683380127,0.26822757720947266,-3.0163445472717285,9800.0,-5.407220363616943,-8.181106567382812,0.04288695752620697,9800.0,-1.1264718770980835,-8.320449829101562,-2.692279815673828
94,9900.0,6.556000232696532,-121.96299743652344,-55.85900115966797,9900.0,0.6820310354232788,0.8326093554496765,-1.0430524349212646,9900.0,1002.1699829101564,9900.0,-3.431999683380127,0.26822757720947266,-3.0163445472717285,9900.0,-5.407220363616943,-8.181106567382812,0.04288695752620697,9900.0,-1.1264718770980835,-8.320449829101562,-2.692279815673828
95,10000.0,15.890000343322756,-124.16000366210938,-46.05199813842773,10000.0,2.61939024925232,0.9828822016716005,1.7528778314590454,10000.0,1002.4199829101564,10000.0,-1.5891165733337402,0.1529541015625,-0.8300473690032959,10000.0,-5.714449405670166,-7.962593078613281,-0.33553779125213623,10000.0,-9.146449089050293,-7.694365501403809,-3.3518824577331543
96,10100.0,11.70300006866455,-130.69900512695312,-39.24399948120117,10100.0,2.06411361694336,1.5625933408737185,2.666121244430542,10100.0,1002.1500244140624,10100.0,-7.7089762687683105,-6.2561564445495605,2.3308048248291016,10100.0,-5.848471164703369,-7.859889507293701,-0.4334925413131714,10100.0,-7.437587738037107,-7.706935405731201,-1.2635399103164673
97,10200.0,6.997000217437744,-143.79100036621094,-35.505001068115234,10200.0,2.06411361694336,1.5625933408737185,2.666121244430542,10200.0,1002.1500244140624,10200.0,-7.7089762687683105,-6.2561564445495605,2.3308048248291016,10200.0,-5.848471164703369,-7.859889507293701,-0.4334925413131714,10200.0,-7.437587738037107,-7.706935405731201,-1.2635399103164673
98,10300.0,-3.788000106811523,-154.51499938964844,-32.639999389648445,10300.0,1.056491494178772,-0.8326093554496765,0.6450737118721008,10300.0,1002.1099853515624,10300.0,4.346517562866212,9.144572257995604,2.4051549434661865,10300.0,-6.064267635345459,-7.705630779266357,-0.13532178103923798,10300.0,-13.77324390411377,-13.961787223815918,2.1954829692840576
99,10400.0,-6.86899995803833,-162.052001953125,-28.572999954223643,10400.0,1.056491494178772,-0.8326093554496765,0.6450737118721008,10400.0,1002.1099853515624,10400.0,4.346517562866212,9.144572257995604,2.4051549434661865,10400.0,-6.064267635345459,-7.705630779266357,-0.13532178103923798,10400.0,-13.77324390411377,-13.961787223815918,2.1954829692840576
100,10000.0,15.890000343322756,-124.16000366210938,-46.05199813842773,10000.0,2.61939024925232,0.9828822016716005,1.7528778314590454,10000.0,1002.4199829101564,10000.0,-1.5891165733337402,0.1529541015625,-0.8300473690032959,10000.0,-5.714449405670166,-7.962593078613281,-0.33553779125213623,10000.0,-9.146449089050293,-7.694365501403809,-3.3518824577331543
101,10100.0,11.70300006866455,-130.69900512695312,-39.24399948120117,10100.0,2.06411361694336,1.5625933408737185,2.666121244430542,10100.0,1002.1500244140624,10100.0,-7.7089762687683105,-6.2561564445495605,2.3308048248291016,10100.0,-5.848471164703369,-7.859889507293701,-0.4334925413131714,10100.0,-7.437587738037107,-7.706935405731201,-1.2635399103164673
102,10200.0,6.997000217437744,-143.79100036621094,-35.505001068115234,10200.0,2.06411361694336,1.5625933408737185,2.666121244430542,10200.0,1002.1500244140624,10200.0,-7.7089762687683105,-6.2561564445495605,2.3308048248291016,10200.0,-5.848471164703369,-7.859889507293701,-0.4334925413131714,10200.0,-7.437587738037107,-7.706935405731201,-1.2635399103164673
103,10300.0,-3.788000106811523,-154.51499938964844,-32.639999389648445,10300.0,1.056491494178772,-0.8326093554496765,0.6450737118721008,10300.0,1002.1099853515624,10300.0,4.346517562866212,9.144572257995604,2.4051549434661865,10300.0,-6.064267635345459,-7.705630779266357,-0.13532178103923798,10300.0,-13.77324390411377,-13.961787223815918,2.1954829692840576
104,10400.0,-6.86899995803833,-162.052001953125,-28.572999954223643,10400.0,1.056491494178772,-0.8326093554496765,0.6450737118721008,10400.0,1002.1099853515624,10400.0,4.346517562866212,9.144572257995604,2.4051549434661865,10400.0,-6.064267635345459,-7.705630779266357,-0.13532178103923798,10400.0,-13.77324390411377,-13.961787223815918,2.1954829692840576
105,10500.0,-4.468999862670898,-165.60000610351562,-28.59600067138672,10500.0,-1.560455322265625,-1.3946053981781006,-1.7095063924789429,10500.0,1002.219970703125,10500.0,-13.21074676513672,-12.279061317443848,11.36147689819336,10500.0,-6.276244163513184,-7.533873081207275,0.14107845723628998,10500.0,-1.9297266006469729,1.61069917678833,2.5462334156036377
106,10600.0,2.0580000877380367,-166.3249969482422,-30.434999465942386,10600.0,-1.560455322265625,-1.3946053981781006,-1.7095063924789429,10600.0,1002.219970703125,10600.0,-13.21074676513672,-12.279061317443848,11.36147689819336,10600.0,-6.276244163513184,-7.533873081207275,0.14107845723628998,10600.0,-1.9297266006469729,1.61069917678833,2.5462334156036377
107,10700.0,4.184999942779541,-166.09100341796875,-30.75200080871582,10700.0,-0.4691445231437683,1.7666223049163818,0.39095374941825867,10700.0,1002.2100219726564,10700.0,-1.06097412109375,1.8788251876831048,5.468024253845215,10700.0,-6.398362636566162,-7.329449653625487,1.2290312051773071,10700.0,-19.60910987854004,-19.608510971069336,12.590508460998535
108,10800.0,6.613999843597412,-165.4510040283203,-30.191999435424805,10800.0,-0.4691445231437683,1.7666223049163818,0.39095374941825867,10800.0,1002.2100219726564,10800.0,-1.06097412109375,1.8788251876831048,5.468024253845215,10800.0,-6.398362636566162,-7.329449653625487,1.2290312051773071,10800.0,-19.60910987854004,-19.608510971069336,12.590508460998535
109,10900.0,7.5879998207092285,-165.81500244140625,-28.770000457763672,10900.0,0.10842858254909517,-0.2929098904132843,-0.15515977144241333,10900.0,1002.239990234375,10900.0,-0.591888427734375,-2.9754929542541504,-2.439694404602051,10900.0,-6.493929386138916,-7.132302284240723,1.7690490484237669,10900.0,-7.554903507232666,-5.253477096557617,7.237073421478271
110,10500.0,-4.468999862670898,-165.60000610351562,-28.59600067138672,10500.0,-1.560455322265625,-1.3946053981781006,-1.7095063924789429,10500.0,1002.219970703125,10500.0,-13.21074676513672,-12.279061317443848,11.36147689819336,10500.0,-6.276244163513184,-7.533873081207275,0.14107845723628998,10500.0,-1.9297266006469729,1.61069917678833,2.5462334156036377
111,10600.0,2.0580000877380367,-166.3249969482422,-30.434999465942386,10600.0,-1.560455322265625,-1.3946053981781006,-1.7095063924789429,10600.0,1002.219970703125,10600.0,-13.21074676513672,-12.279061317443848,11.36147689819336,10600.0,-6.276244163513184,-7.533873081207275,0.14107845723628998,10600.0,-1.9297266006469729,1.61069917678833,2.5462334156036377
112,10700.0,4.184999942779541,-166.09100341796875,-30.75200080871582,10700.0,-0.4691445231437683,1.7666223049163818,0.39095374941825867,10700.0,1002.2100219726564,10700.0,-1.06097412109375,1.8788251876831048,5.468024253845215,10700.0,-6.398362636566162,-7.329449653625487,1.2290312051773071,10700.0,-19.60910987854004,-19.608510971069336,12.590508460998535
113,10800.0,6.613999843597412,-165.4510040283203,-30.191999435424805,10800.0,-0.4691445231437683,1.7666223049163818,0.39095374941825867,10800.0,1002.2100219726564,10800.0,-1.06097412109375,1.8788251876831048,5.468024253845215,10800.0,-6.398362636566162,-7.329449653625487,1.2290312051773071,10800.0,-19.60910987854004,-19.608510971069336,12.590508460998535
114,10900.0,7.5879998207092285,-165.81500244140625,-28.770000457763672,10900.0,0.10842858254909517,-0.2929098904132843,-0.15515977144241333,10900.0,1002.239990234375,10900.0,-0.591888427734375,-2.9754929542541504,-2.439694404602051,10900.0,-6.493929386138916,-7.132302284240723,1.7690490484237669,10900.0,-7.554903507232666,-5.253477096557617,7.237073421478271
115,11000.0,7.5879998207092285,-166.16200256347656,-26.82900047302246,11000.0,2.0219640731811523,1.3078625202178955,1.0051788091659546,11000.0,1002.260009765625,11000.0,-0.591888427734375,-2.9754929542541504,-2.439694404602051,11000.0,-6.41115140914917,-7.269296169281006,1.4915906190872192,11000.0,-7.003039836883545,-10.244789123535156,-0.9481038451194764
116,11100.0,7.5879998207092285,-170.3679962158203,-25.197999954223643,11100.0,2.0219640731811523,1.3078625202178955,1.0051788091659546,11100.0,1002.260009765625,11100.0,-1.296654224395752,-4.726977825164795,2.8205623626708984,11100.0,-6.41115140914917,-7.269296169281006,1.4915906190872192,11100.0,-7.003039836883545,-10.244789123535156,-0.9481038451194764
117,11200.0,-1.159000039100647,-176.35299682617188,-14.708999633789064,11200.0,1.1047497987747192,-0.1814269721508026,1.1493430137634275,11200.0,1002.2000122070312,11200.0,1.0169363021850586,1.8028864860534668,-2.5384900569915767,11200.0,-6.235504150390625,-7.378105640411378,1.6889166831970217,11200.0,-7.532158374786378,-12.105083465576172,4.50947904586792
118,11300.0,-5.690999984741211,-177.6909942626953,-11.027000427246094,11300.0,1.1047497987747192,-0.1814269721508026,1.1493430137634275,11300.0,1002.2000122070312,11300.0,1.0169363021850586,1.8028864860534668,-2.5384900569915767,11300.0,-6.235504150390625,-7.378105640411378,1.6889166831970217,11300.0,-7.532158374786378,-12.105083465576172,4.50947904586792
119,11400.0,-9.14900016784668,-177.6909942626953,-6.802999973297119,11400.0,-0.4276056587696075,-1.303586483001709,-0.8243626356124878,11400.0,1002.0999755859376,11400.0,1.6222004890441897,9.403279304504396,0.7443944215774536,11400.0,-6.286574363708496,-7.379580974578857,1.4802528619766235,11400.0,-5.2696380615234375,-5.5766944885253915,-1.0582371950149536
120,11000.0,7.5879998207092285,-166.16200256347656,-26.82900047302246,11000.0,2.0219640731811523,1.3078625202178955,1.0051788091659546,11000.0,1002.260009765625,11000.0,-0.591888427734375,-2.9754929542541504,-2.439694404602051,11000.0,-6.41115140914917,-7.269296169281006,1.4915906190872192,11000.0,-7.003039836883545,-10.244789123535156,-0.9481038451194764
121,11100.0,7.5879998207092285,-170.3679962158203,-25.197999954223643,11100.0,2.0219640731811523,1.3078625202178955,1.0051788091659546,11100.0,1002.260009765625,11100.0,-1.296654224395752,-4.726977825164795,2.8205623626708984,11100.0,-6.41115140914917,-7.269296169281006,1.4915906190872192,11100.0,-7.003039836883545,-10.244789123535156,-0.9481038451194764
122,11200.0,-1.159000039100647,-176.35299682617188,-14.708999633789064,11200.0,1.1047497987747192,-0.1814269721508026,1.1493430137634275,11200.0,1002.2000122070312,11200.0,1.0169363021850586,1.8028864860534668,-2.5384900569915767,11200.0,-6.235504150390625,-7.378105640411378,1.6889166831970217,11200.0,-7.532158374786378,-12.105083465576172,4.50947904586792
123,11300.0,-5.690999984741211,-177.6909942626953,-11.027000427246094,11300.0,1.1047497987747192,-0.1814269721508026,1.1493430137634275,11300.0,1002.2000122070312,11300.0,1.0169363021850586,1.8028864860534668,-2.5384900569915767,11300.0,-6.235504150390625,-7.378105640411378,1.6889166831970217,11300.0,-7.532158374786378,-12.105083465576172,4.50947904586792
124,11400.0,-9.14900016784668,-177.6909942626953,-6.802999973297119,11400.0,-0.4276056587696075,-1.303586483001709,-0.8243626356124878,11400.0,1002.0999755859376,11400.0,1.6222004890441897,9.403279304504396,0.7443944215774536,11400.0,-6.286574363708496,-7.379580974578857,1.4802528619766235,11400.0,-5.2696380615234375,-5.5766944885253915,-1.0582371950149536
125,11500.0,-10.20199966430664,-177.43499755859375,-6.234000205993652,11500.0,-0.4276056587696075,-1.303586483001709,-0.8243626356124878,11500.0,1002.0999755859376,11500.0,1.6222004890441897,9.403279304504396,0.7443944215774536,11500.0,-6.286574363708496,-7.379580974578857,1.4802528619766235,11500.0,-5.2696380615234375,-5.5766944885253915,-1.0582371950149536
126,11600.0,-7.934000015258789,-178.3730010986328,-10.251999855041504,11600.0,-1.2513574361801147,0.7965682744979858,-1.4550809860229492,11600.0,1002.1500244140624,11600.0,0.7767115831375122,4.113152503967285,1.3444150686264038,11600.0,-4.214522361755371,-8.794553756713867,1.0315046310424805,11600.0,-2.5923218727111816,0.6087257862091064,1.775899052619934
127,11700.0,-7.881999969482423,-180.78399658203125,-13.496000289916992,11700.0,-1.2513574361801147,0.7965682744979858,-1.4550809860229492,11700.0,1002.1500244140624,11700.0,0.7767115831375122,4.113152503967285,1.3444150686264038,11700.0,-4.214522361755371,-8.794553756713867,1.0315046310424805,11700.0,-2.5923218727111816,0.6087257862091064,1.775899052619934
128,11800.0,-5.296000003814697,-180.8769989013672,-15.288999557495115,11800.0,-0.2693915665149689,-0.6676757335662842,0.03878994286060333,11800.0,1002.1099853515624,11800.0,0.2522244453430176,2.635687828063965,-0.538826584815979,11800.0,-1.890613913536072,-9.52045726776123,-1.3988831043243408,11800.0,-1.1139023303985596,-5.407304763793945,-0.05446808785200119
129,11900.0,-5.296000003814697,-181.3070068359375,-15.182000160217285,11900.0,0.007941247895359993,0.5555819272994995,-0.5079344511032104,11900.0,1002.260009765625,11900.0,-5.133707523345947,0.4264192581176758,0.4428990483283997,11900.0,-6.277233123779298,-7.248715877532959,2.0549547672271733,11900.0,-6.025008678436277,-4.613028049468994,1.5161281824111938
130,11500.0,-10.20199966430664,-177.43499755859375,-6.234000205993652,11500.0,-0.4276056587696075,-1.303586483001709,-0.8243626356124878,11500.0,1002.0999755859376,11500.0,1.6222004890441897,9.403279304504396,0.7443944215774536,11500.0,-6.286574363708496,-7.379580974578857,1.4802528619766235,11500.0,-5.2696380615234375,-5.5766944885253915,-1.0582371950149536
131,11600.0,-7.934000015258789,-178.3730010986328,-10.251999855041504,11600.0,-1.2513574361801147,0.7965682744979858,-1.4550809860229492,11600.0,1002.1500244140624,11600.0,0.7767115831375122,4.113152503967285,1.3444150686264038,11600.0,-4.214522361755371,-8.794553756713867,1.0315046310424805,11600.0,-2.5923218727111816,0.6087257862091064,1.775899052619934
132,11700.0,-7.881999969482423,-180.78399658203125,-13.496000289916992,11700.0,-1.2513574361801147,0.7965682744979858,-1.4550809860229492,11700.0,1002.1500244140624,11700.0,0.7767115831375122,4.113152503967285,1.3444150686264038,11700.0,-4.214522361755371,-8.794553756713867,1.0315046310424805,11700.0,-2.5923218727111816,0.6087257862091064,1.775899052619934
133,11800.0,-5.296000003814697,-180.8769989013672,-15.288999557495115,11800.0,-0.2693915665149689,-0.6676757335662842,0.03878994286060333,11800.0,1002.1099853515624,11800.0,0.2522244453430176,2.635687828063965,-0.538826584815979,11800.0,-1.890613913536072,-9.52045726776123,-1.3988831043243408,11800.0,-1.1139023303985596,-5.407304763793945,-0.05446808785200119
134,11900.0,-5.296000003814697,-181.3070068359375,-15.182000160217285,11900.0,0.007941247895359993,0.5555819272994995,-0.5079344511032104,11900.0,1002.260009765625,11900.0,-5.133707523345947,0.4264192581176758,0.4428990483283997,11900.0,-6.277233123779298,-7.248715877532959,2.0549547672271733,11900.0,-6.025008678436277,-4.613028049468994,1.5161281824111938
135,12000.0,-5.710999965667725,-181.66900634765625,-15.461000442504885,12000.0,0.007941247895359993,0.5555819272994995,-0.5079344511032104,12000.0,1002.260009765625,12000.0,-5.133707523345947,0.4264192581176758,0.4428990483283997,12000.0,-6.277233123779298,-7.248715877532959,2.0549547672271733,12000.0,-6.025008678436277,-4.613028049468994,1.5161281824111938
136,12100.0,-5.035999774932861,-181.66900634765625,-15.760000228881836,12100.0,3.5329391956329346,0.30573806166648865,1.3041973114013672,12100.0,1002.1300048828124,12100.0,1.3346357345581057,-5.361975193023682,-5.1806254386901855,12100.0,-6.2022385597229,-7.537796974182129,0.9403509497642516,12100.0,-11.335946083068848,-7.111377716064452,1.3832499980926514
137,12200.0,-7.090000152587893,-181.66900634765625,-15.760000228881836,12200.0,3.5329391956329346,0.30573806166648865,1.3041973114013672,12200.0,1002.1300048828124,12200.0,1.3346357345581057,-5.361975193023682,-5.1806254386901855,12200.0,-6.2022385597229,-7.537796974182129,0.9403509497642516,12200.0,-11.335946083068848,-7.111377716064452,1.3832499980926514
138,12300.0,-13.505000114440918,-176.89199829101562,-6.915999889373777,12300.0,0.07391469180583954,-1.608102798461914,0.7678576111793518,12300.0,1001.969970703125,12300.0,6.578744411468506,-1.3029279708862305,-7.552379131317139,12300.0,-8.068327903747559,-3.5360751152038574,4.309135913848877,12300.0,-6.733692169189452,-8.898050308227539,-0.871489405632019
139,12400.0,-16.791999816894528,-171.4290008544922,-6.2829999923706055,12400.0,0.07391469180583954,-1.608102798461914,0.7678576111793518,12400.0,1001.969970703125,12400.0,6.578744411468506,-1.3029279708862305,-7.552379131317139,12400.0,-8.068327903747559,-3.5360751152038574,4.309135913848877,12400.0,-6.733692169189452,-8.898050308227539,-0.871489405632019
140,12000.0,-5.710999965667725,-181.66900634765625,-15.461000442504885,12000.0,0.007941247895359993,0.5555819272994995,-0.5079344511032104,12000.0,1002.260009765625,12000.0,-5.133707523345947,0.4264192581176758,0.4428990483283997,12000.0,-6.277233123779298,-7.248715877532959,2.0549547672271733,12000.0,-6.025008678436277,-4.613028049468994,1.5161281824111938
141,12100.0,-5.035999774932861,-181.66900634765625,-15.760000228881836,12100.0,3.5329391956329346,0.30573806166648865,1.3041973114013672,12100.0,1002.1300048828124,12100.0,1.3346357345581057,-5.361975193023682,-5.1806254386901855,12100.0,-6.2022385597229,-7.537796974182129,0.9403509497642516,12100.0,-11.335946083068848,-7.111377716064452,1.3832499980926514
142,12200.0,-7.090000152587893,-181.66900634765625,-15.760000228881836,12200.0,3.5329391956329346,0.30573806166648865,1.3041973114013672,12200.0,1002.1300048828124,12200.0,1.3346357345581057,-5.361975193023682,-5.1806254386901855,12200.0,-6.2022385597229,-7.537796974182129,0.9403509497642516,12200.0,-11.335946083068848,-7.111377716064452,1.3832499980926514
143,12300.0,-13.505000114440918,-176.89199829101562,-6.915999889373777,12300.0,0.07391469180583954,-1.608102798461914,0.7678576111793518,12300.0,1001.969970703125,12300.0,6.578744411468506,-1.3029279708862305,-7.552379131317139,12300.0,-8.068327903747559,-3.5360751152038574,4.309135913848877,12300.0,-6.733692169189452,-8.898050308227539,-0.871489405632019
144,12400.0,-16.791999816894528,-171.4290008544922,-6.2829999923706055,12400.0,0.07391469180583954,-1.608102798461914,0.7678576111793518,12400.0,1001.969970703125,12400.0,6.578744411468506,-1.3029279708862305,-7.552379131317139,12400.0,-8.068327903747559,-3.5360751152038574,4.309135913848877,12400.0,-6.733692169189452,-8.898050308227539,-0.871489405632019
145,12500.0,-18.57900047302246,-169.447998046875,-6.7729997634887695,12500.0,-0.8552113175392151,-1.8167132139205933,-1.8054121732711792,12500.0,1002.1699829101564,12500.0,-5.960643291473389,-3.2155370712280287,-7.53526496887207,12500.0,-6.922910690307617,-2.2997469902038574,6.553997039794923,12500.0,-0.34416648745536804,-3.602674961090088,-0.9983820915222168
146,12600.0,-18.57900047302246,-171.72300720214844,-7.666999816894531,12600.0,-0.8552113175392151,-1.8167132139205933,-1.8054121732711792,12600.0,1002.1699829101564,12600.0,-5.960643291473389,-3.2155370712280287,-7.53526496887207,12600.0,-6.922910690307617,-2.2997469902038574,6.553997039794923,12600.0,-0.34416648745536804,-3.602674961090088,-0.9983820915222168
147,12700.0,-18.048999786376953,-171.72300720214844,-13.229000091552734,12700.0,-1.066265344619751,2.057699680328369,-0.2638937830924988,12700.0,1002.1699829101564,12700.0,-1.8665513992309568,0.3782124519348145,8.470302581787111,12700.0,-3.6658434867858887,-9.069710731506348,0.6872496008872986,12700.0,-9.626486778259276,-12.285247802734375,-6.848015308380128
148,12800.0,-18.048999786376953,-171.34800720214844,-17.11199951171875,12800.0,-0.2657263875007629,-1.7055357694625854,-0.27122417092323303,12800.0,1002.1699829101564,12800.0,-1.22825288772583,-0.00827646255493164,-2.7679309844970703,12800.0,-5.836194038391112,-7.347135066986084,-2.851111650466919,12800.0,-7.70274543762207,-6.9689226150512695,5.6191911697387695
149,12900.0,-18.048999786376953,-171.34800720214844,-20.045000076293945,12900.0,-0.2657263875007629,-1.7055357694625854,-0.27122417092323303,12900.0,1002.1699829101564,12900.0,-1.22825288772583,-0.00827646255493164,-2.7679309844970703,12900.0,-5.836194038391112,-7.347135066986084,-2.851111650466919,12900.0,-7.70274543762207,-6.9689226150512695,5.6191911697387695
150,12500.0,-18.57900047302246,-169.447998046875,-6.7729997634887695,12500.0,-0.8552113175392151,-1.8167132139205933,-1.8054121732711792,12500.0,1002.1699829101564,12500.0,-5.960643291473389,-3.2155370712280287,-7.53526496887207,12500.0,-6.922910690307617,-2.2997469902038574,6.553997039794923,12500.0,-0.34416648745536804,-3.602674961090088,-0.9983820915222168
151,12600.0,-18.57900047302246,-171.72300720214844,-7.666999816894531,12600.0,-0.8552113175392151,-1.8167132139205933,-1.8054121732711792,12600.0,1002.1699829101564,12600.0,-5.960643291473389,-3.2155370712280287,-7.53526496887207,12600.0,-6.922910690307617,-2.2997469902038574,6.553997039794923,12600.0,-0.34416648745536804,-3.602674961090088,-0.9983820915222168
152,12700.0,-18.048999786376953,-171.72300720214844,-13.229000091552734,12700.0,-1.066265344619751,2.057699680328369,-0.2638937830924988,12700.0,1002.1699829101564,12700.0,-1.8665513992309568,0.3782124519348145,8.470302581787111,12700.0,-3.6658434867858887,-9.069710731506348,0.6872496008872986,12700.0,-9.626486778259276,-12.285247802734375,-6.848015308380128
153,12800.0,-18.048999786376953,-171.34800720214844,-17.11199951171875,12800.0,-0.2657263875007629,-1.7055357694625854,-0.27122417092323303,12800.0,1002.1699829101564,12800.0,-1.22825288772583,-0.00827646255493164,-2.7679309844970703,12800.0,-5.836194038391112,-7.347135066986084,-2.851111650466919,12800.0,-7.70274543762207,-6.9689226150512695,5.6191911697387695
154,12900.0,-18.048999786376953,-171.34800720214844,-20.045000076293945,12900.0,-0.2657263875007629,-1.7055357694625854,-0.27122417092323303,12900.0,1002.1699829101564,12900.0,-1.22825288772583,-0.00827646255493164,-2.7679309844970703,12900.0,-5.836194038391112,-7.347135066986084,-2.851111650466919,12900.0,-7.70274543762207,-6.9689226150512695,5.6191911697387695
155,13000.0,-17.732999801635742,-171.6719970703125,-20.61100006103516,13000.0,0.4999932050704956,0.3029891550540924,0.2464841306209564,13000.0,1002.0999755859376,13000.0,-3.3488354682922363,-2.0747818946838383,-1.560805082321167,13000.0,-5.781371116638184,-7.598102569580077,2.239410877227783,13000.0,-7.009624004364014,-7.60637903213501,-0.5285200476646423
156,13100.0,-17.732999801635742,-171.27499389648438,-20.527000427246094,13100.0,0.4999932050704956,0.3029891550540924,0.2464841306209564,13100.0,1002.0999755859376,13100.0,-3.3488354682922363,-2.0747818946838383,-1.560805082321167,13100.0,-5.781371116638184,-7.598102569580077,2.239410877227783,13100.0,-7.009624004364014,-7.60637903213501,-0.5285200476646423
157,13200.0,-22.80200004577637,-165.0449981689453,-19.66200065612793,13200.0,-0.7235698699951172,-0.960280179977417,0.2977968156337738,13200.0,1002.1199951171876,13200.0,-6.516280651092527,0.02558612823486328,4.836914539337158,13200.0,-7.066540241241455,-6.752640247344973,0.797653317451477,13200.0,-10.415375709533693,-8.827422142028809,-0.7631517648696899
158,13300.0,-25.5049991607666,-159.7830047607422,-16.346000671386722,13300.0,-0.7235698699951172,-0.960280179977417,0.2977968156337738,13300.0,1002.1199951171876,13300.0,-6.516280651092527,0.02558612823486328,4.836914539337158,13300.0,-7.066540241241455,-6.752640247344973,0.797653317451477,13300.0,-10.415375709533693,-8.827422142028809,-0.7631517648696899
159,13400.0,-26.6200008392334,-153.34100341796875,-13.616000175476074,13400.0,-0.2935207486152649,-0.26664268970489496,0.6475171446800232,13400.0,1002.0999755859376,13400.0,4.785919189453125,3.0006263256073,0.2864933013916016,13400.0,-7.221648693084718,-6.479755401611327,1.4251198768615725,13400.0,-13.737929344177244,-6.454169273376465,6.2620344161987305
160,13000.0,-17.732999801635742,-171.6719970703125,-20.61100006103516,13000.0,0.4999932050704956,0.3029891550540924,0.2464841306209564,13000.0,1002.0999755859376,13000.0,-3.3488354682922363,-2.0747818946838383,-1.560805082321167,13000.0,-5.781371116638184,-7.598102569580077,2.239410877227783,13000.0,-7.009624004364014,-7.60637903213501,-0.5285200476646423
161,13100.0,-17.732999801635742,-171.27499389648438,-20.527000427246094,13100.0,0.4999932050704956,0.3029891550540924,0.2464841306209564,13100.0,1002.0999755859376,13100.0,-3.3488354682922363,-2.0747818946838383,-1.560805082321167,13100.0,-5.781371116638184,-7.598102569580077,2.239410877227783,13100.0,-7.009624004364014,-7.60637903213501,-0.5285200476646423
162,13200.0,-22.80200004577637,-165.0449981689453,-19.66200065612793,13200.0,-0.7235698699951172,-0.960280179977417,0.2977968156337738,13200.0,1002.1199951171876,13200.0,-6.516280651092527,0.02558612823486328,4.836914539337158,13200.0,-7.066540241241455,-6.752640247344973,0.797653317451477,13200.0,-10.415375709533693,-8.827422142028809,-0.7631517648696899
163,13300.0,-25.5049991607666,-159.7830047607422,-16.346000671386722,13300.0,-0.7235698699951172,-0.960280179977417,0.2977968156337738,13300.0,1002.1199951171876,13300.0,-6.516280651092527,0.02558612823486328,4.836914539337158,13300.0,-7.066540241241455,-6.752640247344973,0.797653317451477,13300.0,-10.415375709533693,-8.827422142028809,-0.7631517648696899
164,13400.0,-26.6200008392334,-153.34100341796875,-13.616000175476074,13400.0,-0.2935207486152649,-0.26664268970489496,0.6475171446800232,13400.0,1002.0999755859376,13400.0,4.785919189453125,3.0006263256073,0.2864933013916016,13400.0,-7.221648693084718,-6.479755401611327,1.4251198768615725,13400.0,-13.737929344177244,-6.454169273376465,6.2620344161987305
165,13500.0,-26.23900032043457,-149.3979949951172,-12.272000312805176,13500.0,-0.2935207486152649,-0.26664268970489496,0.6475171446800232,13500.0,1002.0999755859376,13500.0,4.785919189453125,3.0006263256073,0.2864933013916016,13500.0,-7.221648693084718,-6.479755401611327,1.4251198768615725,13500.0,-13.737929344177244,-6.454169273376465,6.2620344161987305
166,13600.0,-26.65500068664551,-149.656005859375,-13.522000312805176,13600.0,-0.3136793076992035,0.007635815534740685,-0.3988949954509735,13600.0,1002.1099853515624,13600.0,3.957941293716431,1.5291643142700195,-0.6569706201553345,13600.0,-7.920527935028076,-5.577385902404785,1.525917410850525,13600.0,-3.134608507156372,-2.5767595767974854,1.8124107122421265
167,13700.0,-26.992000579833984,-150.5489959716797,-13.522000312805176,13700.0,-0.8332201838493347,1.0436632633209229,-0.4734205603599548,13700.0,1002.0900268554688,13700.0,-2.074115753173828,2.1427245140075684,2.4058663845062256,13700.0,-7.570791721343994,-6.108075141906737,1.242951512336731,13700.0,-3.612850427627564,-4.578910827636719,0.5859808921813965
168,13800.0,-26.992000579833984,-150.18600463867188,-15.027999877929688,13800.0,-0.8332201838493347,1.0436632633209229,-0.4734205603599548,13800.0,1002.0900268554688,13800.0,-2.074115753173828,2.1427245140075684,2.4058663845062256,13800.0,-7.570791721343994,-6.108075141906737,1.242951512336731,13800.0,-3.612850427627564,-4.578910827636719,0.5859808921813965
169,13900.0,-26.67600059509277,-150.18600463867188,-16.63599967956543,13900.0,-0.22052235901355746,1.0858129262924194,-0.3549126982688904,13900.0,1002.0599975585938,13900.0,-0.3211598396301269,0.4677624702453613,0.03916251659393311,13900.0,-6.617434501647949,-7.146007537841798,-1.1465163230895996,13900.0,-8.691550254821777,-5.0032830238342285,1.259350061416626
170,13500.0,-26.23900032043457,-149.3979949951172,-12.272000312805176,13500.0,-0.2935207486152649,-0.26664268970489496,0.6475171446800232,13500.0,1002.0999755859376,13500.0,4.785919189453125,3.0006263256073,0.2864933013916016,13500.0,-7.221648693084718,-6.479755401611327,1.4251198768615725,13500.0,-13.737929344177244,-6.454169273376465,6.2620344161987305
171,13600.0,-26.65500068664551,-149.656005859375,-13.522000312805176,13600.0,-0.3136793076992035,0.007635815534740685,-0.3988949954509735,13600.0,1002.1099853515624,13600.0,3.957941293716431,1.5291643142700195,-0.6569706201553345,13600.0,-7.920527935028076,-5.577385902404785,1.525917410850525,13600.0,-3.134608507156372,-2.5767595767974854,1.8124107122421265
172,13700.0,-26.992000579833984,-150.5489959716797,-13.522000312805176,13700.0,-0.8332201838493347,1.0436632633209229,-0.4734205603599548,13700.0,1002.0900268554688,13700.0,-2.074115753173828,2.1427245140075684,2.4058663845062256,13700.0,-7.570791721343994,-6.108075141906737,1.242951512336731,13700.0,-3.612850427627564,-4.578910827636719,0.5859808921813965
173,13800.0,-26.992000579833984,-150.18600463867188,-15.027999877929688,13800.0,-0.8332201838493347,1.0436632633209229,-0.4734205603599548,13800.0,1002.0900268554688,13800.0,-2.074115753173828,2.1427245140075684,2.4058663845062256,13800.0,-7.570791721343994,-6.108075141906737,1.242951512336731,13800.0,-3.612850427627564,-4.578910827636719,0.5859808921813965
174,13900.0,-26.67600059509277,-150.18600463867188,-16.63599967956543,13900.0,-0.22052235901355746,1.0858129262924194,-0.3549126982688904,13900.0,1002.0599975585938,13900.0,-0.3211598396301269,0.4677624702453613,0.03916251659393311,13900.0,-6.617434501647949,-7.146007537841798,-1.1465163230895996,13900.0,-8.691550254821777,-5.0032830238342285,1.259350061416626
175,14000.0,-26.28400039672852,-150.49400329589844,-16.972999572753903,14000.0,-0.22052235901355746,1.0858129262924194,-0.3549126982688904,14000.0,1002.0599975585938,14000.0,-0.3211598396301269,0.4677624702453613,0.03916251659393311,14000.0,-6.617434501647949,-7.146007537841798,-1.1465163230895996,14000.0,-8.691550254821777,-5.0032830238342285,1.259350061416626
176,14100.0,-25.54400062561035,-150.8249969482422,-17.43899917602539,14100.0,0.3585779070854187,0.618195652961731,0.20311269164085388,14100.0,1002.0700073242188,14100.0,-0.4370236396789551,-3.1076936721801762,-0.752950131893158,14100.0,-6.821342468261719,-7.017699718475343,-0.6257419586181641,14100.0,-7.142502307891848,-6.5499372482299805,-0.586579442024231
177,14200.0,-24.707000732421875,-150.8249969482422,-17.80299949645996,14200.0,0.3585779070854187,0.618195652961731,0.20311269164085388,14200.0,1002.0700073242188,14200.0,-0.4370236396789551,-3.1076936721801762,-0.752950131893158,14200.0,-6.821342468261719,-7.017699718475343,-0.6257419586181641,14200.0,-7.142502307891848,-6.5499372482299805,-0.586579442024231
178,14300.0,-23.97900009155273,-150.20700073242188,-18.11899948120117,14300.0,1.4559973478317259,-0.3338378667831421,0.685390830039978,14300.0,1002.0800170898438,14300.0,-1.9262018203735352,-4.733975887298584,2.2250263690948486,14300.0,-7.432717323303223,-6.377534866333008,0.5021575093269348,14300.0,-7.869740962982178,-9.485228538513184,-0.25079262256622314
179,14400.0,-20.63400077819824,-148.66700744628906,-16.499000549316403,14400.0,1.4559973478317259,-0.3338378667831421,0.685390830039978,14400.0,1002.0800170898438,14400.0,-1.9262018203735352,-4.733975887298584,2.2250263690948486,14400.0,-7.432717323303223,-6.377534866333008,0.5021575093269348,14400.0,-7.869740962982178,-9.485228538513184,-0.25079262256622314
180,14000.0,-26.28400039672852,-150.49400329589844,-16.972999572753903,14000.0,-0.22052235901355746,1.0858129262924194,-0.3549126982688904,14000.0,1002.0599975585938,14000.0,-0.3211598396301269,0.4677624702453613,0.03916251659393311,14000.0,-6.617434501647949,-7.146007537841798,-1.1465163230895996,14000.0,-8.691550254821777,-5.0032830238342285,1.259350061416626
181,14100.0,-25.54400062561035,-150.8249969482422,-17.43899917602539,14100.0,0.3585779070854187,0.618195652961731,0.20311269164085388,14100.0,1002.0700073242188,14100.0,-0.4370236396789551,-3.1076936721801762,-0.752950131893158,14100.0,-6.821342468261719,-7.017699718475343,-0.6257419586181641,14100.0,-7.142502307891848,-6.5499372482299805,-0.586579442024231
182,14200.0,-24.707000732421875,-150.8249969482422,-17.80299949645996,14200.0,0.3585779070854187,0.618195652961731,0.20311269164085388,14200.0,1002.0700073242188,14200.0,-0.4370236396789551,-3.1076936721801762,-0.752950131893158,14200.0,-6.821342468261719,-7.017699718475343,-0.6257419586181641,14200.0,-7.142502307891848,-6.5499372482299805,-0.586579442024231
183,14300.0,-23.97900009155273,-150.20700073242188,-18.11899948120117,14300.0,1.4559973478317259,-0.3338378667831421,0.685390830039978,14300.0,1002.0800170898438,14300.0,-1.9262018203735352,-4.733975887298584,2.2250263690948486,14300.0,-7.432717323303223,-6.377534866333008,0.5021575093269348,14300.0,-7.869740962982178,-9.485228538513184,-0.25079262256622314
184,14400.0,-20.63400077819824,-148.66700744628906,-16.499000549316403,14400.0,1.4559973478317259,-0.3338378667831421,0.685390830039978,14400.0,1002.0800170898438,14400.0,-1.9262018203735352,-4.733975887298584,2.2250263690948486,14400.0,-7.432717323303223,-6.377534866333008,0.5021575093269348,14400.0,-7.869740962982178,-9.485228538513184,-0.25079262256622314
185,14500.0,-17.416000366210938,-147.86199951171875,-15.538999557495115,14500.0,0.6688974499702454,0.8665123581886292,1.0503827333450315,14500.0,1001.7999877929688,14500.0,5.031322479248047,0.008088111877441406,-1.1862765550613403,14500.0,-7.651802062988281,-5.173829555511475,3.2942073345184326,14500.0,-9.578003883361816,-9.90780544281006,5.519233703613281
186,14600.0,-15.895999908447266,-147.5019989013672,-15.538999557495115,14600.0,-0.4792237877845764,-0.9673051238059998,-1.7486017942428589,14600.0,1002.030029296875,14600.0,-8.19996166229248,-7.134689807891848,-5.19223690032959,14600.0,-8.948236465454102,-3.11276912689209,2.53181791305542,14600.0,-3.916913986206055,-3.1046810150146484,1.3455413579940796
187,14700.0,-15.895999908447266,-146.76800537109375,-14.821999549865724,14700.0,-0.4792237877845764,-0.9673051238059998,-1.7486017942428589,14700.0,1002.030029296875,14700.0,-8.19996166229248,-7.134689807891848,-5.19223690032959,14700.0,-8.948236465454102,-3.11276912689209,2.53181791305542,14700.0,-3.916913986206055,-3.1046810150146484,1.3455413579940796
188,14800.0,-15.895999908447266,-146.76800537109375,-14.821999549865724,14800.0,-0.8994990587234497,2.2907447814941406,-0.2217440903186798,14800.0,1002.010009765625,14800.0,-5.3785667419433585,-5.335151195526123,-1.17891263961792,14800.0,-7.085819244384768,-5.758086681365968,3.5785448551177983,14800.0,-15.285780906677244,-12.892776489257812,-1.6136919260025024
189,14900.0,-15.255000114440918,-146.46099853515625,-15.175999641418455,14900.0,-0.8994990587234497,2.2907447814941406,-0.2217440903186798,14900.0,1002.010009765625,14900.0,-5.3785667419433585,-5.335151195526123,-1.17891263961792,14900.0,-7.085819244384768,-5.758086681365968,3.5785448551177983,14900.0,-15.285780906677244,-12.892776489257812,-1.6136919260025024
190,14500.0,-17.416000366210938,-147.86199951171875,-15.538999557495115,14500.0,0.6688974499702454,0.8665123581886292,1.0503827333450315,14500.0,1001.7999877929688,14500.0,5.031322479248047,0.008088111877441406,-1.1862765550613403,14500.0,-7.651802062988281,-5.173829555511475,3.2942073345184326,14500.0,-9.578003883361816,-9.90780544281006,5.519233703613281
191,14600.0,-15.895999908447266,-147.5019989013672,-15.538999557495115,14600.0,-0.4792237877845764,-0.9673051238059998,-1.7486017942428589,14600.0,1002.030029296875,14600.0,-8.19996166229248,-7.134689807891848,-5.19223690032959,14600.0,-8.948236465454102,-3.11276912689209,2.53181791305542,14600.0,-3.916913986206055,-3.1046810150146484,1.3455413579940796
192,14700.0,-15.895999908447266,-146.76800537109375,-14.821999549865724,14700.0,-0.4792237877845764,-0.9673051238059998,-1.7486017942428589,14700.0,1002.030029296875,14700.0,-8.19996166229248,-7.134689807891848,-5.19223690032959,14700.0,-8.948236465454102,-3.11276912689209,2.53181791305542,14700.0,-3.916913986206055,-3.1046810150146484,1.3455413579940796
193,14800.0,-15.895999908447266,-146.76800537109375,-14.821999549865724,14800.0,-0.8994990587234497,2.2907447814941406,-0.2217440903186798,14800.0,1002.010009765625,14800.0,-5.3785667419433585,-5.335151195526123,-1.17891263961792,14800.0,-7.085819244384768,-5.758086681365968,3.5785448551177983,14800.0,-15.285780906677244,-12.892776489257812,-1.6136919260025024
194,14900.0,-15.255000114440918,-146.46099853515625,-15.175999641418455,14900.0,-0.8994990587234497,2.2907447814941406,-0.2217440903186798,14900.0,1002.010009765625,14900.0,-5.3785667419433585,-5.335151195526123,-1.17891263961792,14900.0,-7.085819244384768,-5.758086681365968,3.5785448551177983,14900.0,-15.285780906677244,-12.892776489257812,-1.6136919260025024
195,15000.0,-14.914999961853027,-146.46099853515625,-15.972000122070312,15000.0,-0.6163630485534668,-0.26511552929878235,-0.19578230381011968,15000.0,1002.0499877929688,15000.0,0.7065458297729492,1.4137277603149414,-0.8663207888603209,15000.0,-6.27101993560791,-6.705289363861084,-3.447283744812012,15000.0,-11.64958667755127,-12.040440559387207,-4.626196384429932
196,15100.0,-14.543999671936035,-146.46099853515625,-16.732000350952152,15100.0,-0.6163630485534668,-0.26511552929878235,-0.19578230381011968,15100.0,1002.0499877929688,15100.0,0.7065458297729492,1.4137277603149414,-0.8663207888603209,15100.0,-6.27101993560791,-6.705289363861084,-3.447283744812012,15100.0,-11.64958667755127,-12.040440559387207,-4.626196384429932
197,15200.0,-13.847000122070312,-146.46099853515625,-17.472000122070312,15200.0,0.04520402848720551,0.3781255781650543,-0.6594290137290955,15200.0,1002.0499877929688,15200.0,-3.4521093368530287,1.5540709495544434,-0.02272897958755493,15200.0,-6.95660924911499,-6.9114131927490225,-0.09135989844799043,15200.0,-6.250063419342041,-5.497685432434082,-0.9576807022094728
198,15300.0,-13.517000198364258,-146.46099853515625,-18.150999069213867,15300.0,0.04520402848720551,0.3781255781650543,-0.6594290137290955,15300.0,1002.0499877929688,15300.0,-3.4521093368530287,1.5540709495544434,-0.02272897958755493,15300.0,-6.95660924911499,-6.9114131927490225,-0.09135989844799043,15300.0,-6.250063419342041,-5.497685432434082,-0.9576807022094728
199,15400.0,-12.798999786376953,-146.46099853515625,-18.55699920654297,15400.0,3.0915889739990234,0.20799961686134336,0.8662069439888,15400.0,1002.0700073242188,15400.0,0.31153011322021484,-4.436511039733887,-1.197716474533081,15400.0,-6.549668312072754,-7.297760963439941,-0.1221202164888382,15400.0,-10.00177764892578,-5.743690013885497,-0.14484919607639313
200,15000.0,-14.914999961853027,-146.46099853515625,-15.972000122070312,15000.0,-0.6163630485534668,-0.26511552929878235,-0.19578230381011968,15000.0,1002.0499877929688,15000.0,0.7065458297729492,1.4137277603149414,-0.8663207888603209,15000.0,-6.27101993560791,-6.705289363861084,-3.447283744812012,15000.0,-11.64958667755127,-12.040440559387207,-4.626196384429932
201,15100.0,-14.543999671936035,-146.46099853515625,-16.732000350952152,15100.0,-0.6163630485534668,-0.26511552929878235,-0.19578230381011968,15100.0,1002.0499877929688,15100.0,0.7065458297729492,1.4137277603149414,-0.8663207888603209,15100.0,-6.27101993560791,-6.705289363861084,-3.447283744812012,15100.0,-11.64958667755127,-12.040440559387207,-4.626196384429932
202,15200.0,-13.847000122070312,-146.46099853515625,-17.472000122070312,15200.0,0.04520402848720551,0.3781255781650543,-0.6594290137290955,15200.0,1002.0499877929688,15200.0,-3.4521093368530287,1.5540709495544434,-0.02272897958755493,15200.0,-6.95660924911499,-6.9114131927490225,-0.09135989844799043,15200.0,-6.250063419342041,-5.497685432434082,-0.9576807022094728
203,15300.0,-13.517000198364258,-146.46099853515625,-18.150999069213867,15300.0,0.04520402848720551,0.3781255781650543,-0.6594290137290955,15300.0,1002.0499877929688,15300.0,-3.4521093368530287,1.5540709495544434,-0.02272897958755493,15300.0,-6.95660924911499,-6.9114131927490225,-0.09135989844799043,15300.0,-6.250063419342041,-5.497685432434082,-0.9576807022094728
204,15400.0,-12.798999786376953,-146.46099853515625,-18.55699920654297,15400.0,3.0915889739990234,0.20799961686134336,0.8662069439888,15400.0,1002.0700073242188,15400.0,0.31153011322021484,-4.436511039733887,-1.197716474533081,15400.0,-6.549668312072754,-7.297760963439941,-0.1221202164888382,15400.0,-10.00177764892578,-5.743690013885497,-0.14484919607639313
205,15500.0,-12.42300033569336,-146.46099853515625,-18.886999130249023,15500.0,0.8344419002532959,-1.7870862483978271,1.3542882204055786,15500.0,1001.97998046875,15500.0,5.6001296043396,-3.8570716381073,-5.64005184173584,15500.0,-8.193242073059082,-4.335245132446288,3.2010648250579834,15500.0,-7.881711959838867,-8.771756172180176,2.0033483505249023
206,15600.0,-11.697999954223633,-146.46099853515625,-19.202999114990234,15600.0,0.8344419002532959,-1.7870862483978271,1.3542882204055786,15600.0,1001.97998046875,15600.0,5.6001296043396,-3.8570716381073,-5.64005184173584,15600.0,-8.193242073059082,-4.335245132446288,3.2010648250579834,15600.0,-7.881711959838867,-8.771756172180176,2.0033483505249023
207,15700.0,-11.388999938964846,-146.46099853515625,-19.910999298095703,15700.0,0.4996877610683441,-1.2311989068984983,-0.2428189367055893,15700.0,1002.0,15700.0,1.5468416213989258,0.16946375370025635,-4.4731101989746085,15700.0,-7.448453426361084,-1.629241704940796,6.167374610900879,15700.0,-1.8483237028121948,-5.486313343048097,0.5273229479789734
208,15800.0,-11.388999938964846,-147.14599609375,-19.910999298095703,15800.0,0.4996877610683441,-1.2311989068984983,-0.2428189367055893,15800.0,1002.0,15800.0,1.5468416213989258,0.16946375370025635,-4.4731101989746085,15800.0,-7.448453426361084,-1.629241704940796,6.167374610900879,15800.0,-1.8483237028121948,-5.486313343048097,0.5273229479789734
209,15900.0,-11.699999809265135,-147.47999572753906,-19.910999298095703,15900.0,-0.4624249935150146,0.16523905098438266,-0.9657779335975648,15900.0,1002.0399780273438,15900.0,-9.041330337524414,-10.244499206542967,-6.406003952026367,15900.0,-5.830068588256836,-1.158867597579956,7.799853801727295,15900.0,-4.28322696685791,-0.9894038438796996,3.3267433643341064
210,15500.0,-12.42300033569336,-146.46099853515625,-18.886999130249023,15500.0,0.8344419002532959,-1.7870862483978271,1.3542882204055786,15500.0,1001.97998046875,15500.0,5.6001296043396,-3.8570716381073,-5.64005184173584,15500.0,-8.193242073059082,-4.335245132446288,3.2010648250579834,15500.0,-7.881711959838867,-8.771756172180176,2.0033483505249023
211,15600.0,-11.697999954223633,-146.46099853515625,-19.202999114990234,15600.0,0.8344419002532959,-1.7870862483978271,1.3542882204055786,15600.0,1001.97998046875,15600.0,5.6001296043396,-3.8570716381073,-5.64005184173584,15600.0,-8.193242073059082,-4.335245132446288,3.2010648250579834,15600.0,-7.881711959838867,-8.771756172180176,2.0033483505249023
212,15700.0,-11.388999938964846,-146.46099853515625,-19.910999298095703,15700.0,0.4996877610683441,-1.2311989068984983,-0.2428189367055893,15700.0,1002.0,15700.0,1.5468416213989258,0.16946375370025635,-4.4731101989746085,15700.0,-7.448453426361084,-1.629241704940796,6.167374610900879,15700.0,-1.8483237028121948,-5.486313343048097,0.5273229479789734
213,15800.0,-11.388999938964846,-147.14599609375,-19.910999298095703,15800.0,0.4996877610683441,-1.2311989068984983,-0.2428189367055893,15800.0,1002.0,15800.0,1.5468416213989258,0.16946375370025635,-4.4731101989746085,15800.0,-7.448453426361084,-1.629241704940796,6.167374610900879,15800.0,-1.8483237028121948,-5.486313343048097,0.5273229479789734
214,15900.0,-11.699999809265135,-147.47999572753906,-19.910999298095703,15900.0,-0.4624249935150146,0.16523905098438266,-0.9657779335975648,15900.0,1002.0399780273438,15900.0,-9.041330337524414,-10.244499206542967,-6.406003952026367,15900.0,-5.830068588256836,-1.158867597579956,7.799853801727295,15900.0,-4.28322696685791,-0.9894038438796996,3.3267433643341064
215,16000.0,-11.699999809265135,-147.47999572753906,-19.910999298095703,16000.0,-0.4624249935150146,0.16523905098438266,-0.9657779335975648,16000.0,1002.0399780273438,16000.0,-9.041330337524414,-10.244499206542967,-6.406003952026367,16000.0,-5.830068588256836,-1.158867597579956,7.799853801727295,16000.0,-4.28322696685791,-0.9894038438796996,3.3267433643341064
216,16100.0,-11.083000183105467,-147.47999572753906,-19.910999298095703,16100.0,0.7660250067710876,2.3961188793182373,0.27061331272125244,16100.0,1002.030029296875,16100.0,1.5462942123413086,3.5549650192260738,-1.1985245943069458,16100.0,-5.734485626220702,-2.68239426612854,7.489380359649657,16100.0,-14.775815963745115,-12.92689323425293,1.0833762884140017
217,16200.0,-10.432000160217283,-146.79200744628906,-19.910999298095703,16200.0,0.7660250067710876,2.3961188793182373,0.27061331272125244,16200.0,1002.030029296875,16200.0,1.5462942123413086,3.5549650192260738,-1.1985245943069458,16200.0,-5.734485626220702,-2.68239426612854,7.489380359649657,16200.0,-14.775815963745115,-12.92689323425293,1.0833762884140017
218,16300.0,-9.76200008392334,-146.45799255371094,-19.910999298095703,16300.0,0.2788599729537964,1.2916746139526367,0.35155296325683594,16300.0,1002.0499877929688,16300.0,3.3646082878112797,0.1621713638305664,1.4606772661209106,16300.0,-7.407299995422362,-6.149082660675049,-1.8684478998184204,16300.0,-5.861005783081055,-2.5941176414489746,-3.066972494125366
219,16400.0,-9.375,-146.1540069580078,-19.910999298095703,16400.0,1.4844025373458862,2.75194787979126,-0.2871066629886627,16400.0,1002.1199951171876,16400.0,-1.8491945266723635,0.5739622116088867,-1.019896149635315,16400.0,-7.655017852783202,-6.048914909362793,-0.9908151626586914,16400.0,-4.290409564971924,-5.8867435455322275,0.4698620736598969
220,16000.0,-11.699999809265135,-147.47999572753906,-19.910999298095703,16000.0,-0.4624249935150146,0.16523905098438266,-0.9657779335975648,16000.0,1002.0399780273438,16000.0,-9.041330337524414,-10.244499206542967,-6.406003952026367,16000.0,-5.830068588256836,-1.158867597579956,7.799853801727295,16000.0,-4.28322696685791,-0.9894038438796996,3.3267433643341064
221,16100.0,-11.083000183105467,-147.47999572753906,-19.910999298095703,16100.0,0.7660250067710876,2.3961188793182373,0.27061331272125244,16100.0,1002.030029296875,16100.0,1.5462942123413086,3.5549650192260738,-1.1985245943069458,16100.0,-5.734485626220702,-2.68239426612854,7.489380359649657,16100.0,-14.775815963745115,-12.92689323425293,1.0833762884140017
222,16200.0,-10.432000160217283,-146.79200744628906,-19.910999298095703,16200.0,0.7660250067710876,2.3961188793182373,0.27061331272125244,16200.0,1002.030029296875,16200.0,1.5462942123413086,3.5549650192260738,-1.1985245943069458,16200.0,-5.734485626220702,-2.68239426612854,7.489380359649657,16200.0,-14.775815963745115,-12.92689323425293,1.0833762884140017
223,16300.0,-9.76200008392334,-146.45799255371094,-19.910999298095703,16300.0,0.2788599729537964,1.2916746139526367,0.35155296325683594,16300.0,1002.0499877929688,16300.0,3.3646082878112797,0.1621713638305664,1.4606772661209106,16300.0,-7.407299995422362,-6.149082660675049,-1.8684478998184204,16300.0,-5.861005783081055,-2.5941176414489746,-3.066972494125366
224,16400.0,-9.375,-146.1540069580078,-19.910999298095703,16400.0,1.4844025373458862,2.75194787979126,-0.2871066629886627,16400.0,1002.1199951171876,16400.0,-1.8491945266723635,0.5739622116088867,-1.019896149635315,16400.0,-7.655017852783202,-6.048914909362793,-0.9908151626586914,16400.0,-4.290409564971924,-5.8867435455322275,0.4698620736598969
225,16500.0,-9.375,-145.80499267578125,-19.910999298095703,16500.0,1.4844025373458862,2.75194787979126,-0.2871066629886627,16500.0,1002.1199951171876,16500.0,-1.8491945266723635,0.5739622116088867,-1.019896149635315,16500.0,-7.655017852783202,-6.048914909362793,-0.9908151626586914,16500.0,-4.290409564971924,-5.8867435455322275,0.4698620736598969
226,16600.0,-9.77400016784668,-142.5030059814453,-19.56599998474121,16600.0,2.3499987125396733,0.93095862865448,2.244318962097168,16600.0,1001.9299926757812,16600.0,1.9907360076904297,-9.374258041381836,1.4003480672836304,16600.0,-6.70289421081543,-6.999401092529298,-1.500001072883606,16600.0,-8.552088737487793,-6.42543888092041,-2.519897222518921
227,16700.0,-17.514999389648438,-135.31399536132812,-14.598999977111815,16700.0,2.3499987125396733,0.93095862865448,2.244318962097168,16700.0,1001.9299926757812,16700.0,1.9907360076904297,-9.374258041381836,1.4003480672836304,16700.0,-6.70289421081543,-6.999401092529298,-1.500001072883606,16700.0,-8.552088737487793,-6.42543888092041,-2.519897222518921
228,16800.0,-23.47800064086914,-125.99700164794922,-14.60200023651123,16800.0,1.7437148094177246,-1.0372492074966428,0.6206390857696533,16800.0,1001.9000244140624,16800.0,6.619691371917725,-3.1335353851318364,-3.1337664127349854,16800.0,-9.212246894836426,-3.169563770294189,1.1219433546066284,16800.0,-7.221510887145996,-12.543821334838867,2.5222914218902592
229,16900.0,-28.64800071716309,-119.55799865722656,-13.031000137329102,16900.0,1.7437148094177246,-1.0372492074966428,0.6206390857696533,16900.0,1001.9000244140624,16900.0,6.619691371917725,-3.1335353851318364,-3.1337664127349854,16900.0,-9.212246894836426,-3.169563770294189,1.1219433546066284,16900.0,-7.221510887145996,-12.543821334838867,2.5222914218902592
230,16500.0,-9.375,-145.80499267578125,-19.910999298095703,16500.0,1.4844025373458862,2.75194787979126,-0.2871066629886627,16500.0,1002.1199951171876,16500.0,-1.8491945266723635,0.5739622116088867,-1.019896149635315,16500.0,-7.655017852783202,-6.048914909362793,-0.9908151626586914,16500.0,-4.290409564971924,-5.8867435455322275,0.4698620736598969
231,16600.0,-9.77400016784668,-142.5030059814453,-19.56599998474121,16600.0,2.3499987125396733,0.93095862865448,2.244318962097168,16600.0,1001.9299926757812,16600.0,1.9907360076904297,-9.374258041381836,1.4003480672836304,16600.0,-6.70289421081543,-6.999401092529298,-1.500001072883606,16600.0,-8.552088737487793,-6.42543888092041,-2.519897222518921
232,16700.0,-17.514999389648438,-135.31399536132812,-14.598999977111815,16700.0,2.3499987125396733,0.93095862865448,2.244318962097168,16700.0,1001.9299926757812,16700.0,1.9907360076904297,-9.374258041381836,1.4003480672836304,16700.0,-6.70289421081543,-6.999401092529298,-1.500001072883606,16700.0,-8.552088737487793,-6.42543888092041,-2.519897222518921
233,16800.0,-23.47800064086914,-125.99700164794922,-14.60200023651123,16800.0,1.7437148094177246,-1.0372492074966428,0.6206390857696533,16800.0,1001.9000244140624,16800.0,6.619691371917725,-3.1335353851318364,-3.1337664127349854,16800.0,-9.212246894836426,-3.169563770294189,1.1219433546066284,16800.0,-7.221510887145996,-12.543821334838867,2.5222914218902592
234,16900.0,-28.64800071716309,-119.55799865722656,-13.031000137329102,16900.0,1.7437148094177246,-1.0372492074966428,0.6206390857696533,16900.0,1001.9000244140624,16900.0,6.619691371917725,-3.1335353851318364,-3.1337664127349854,16900.0,-9.212246894836426,-3.169563770294189,1.1219433546066284,16900.0,-7.221510887145996,-12.543821334838867,2.5222914218902592
235,17000.0,-30.368999481201172,-120.16400146484376,-11.62399959564209,17000.0,0.02443460933864117,-0.2703078687191009,-0.5681046843528748,17000.0,1002.0,17000.0,-8.546228408813478,4.331721305847168,2.366729736328125,17000.0,-9.040827751159668,-1.267605900764465,3.5814821720123287,17000.0,-2.421136379241944,-4.401141166687012,0.44771572947502136
236,17100.0,-32.87900161743164,-125.7519989013672,-10.696999549865724,17100.0,0.02443460933864117,-0.2703078687191009,-0.5681046843528748,17100.0,1002.0,17100.0,-8.546228408813478,4.331721305847168,2.366729736328125,17100.0,-9.040827751159668,-1.267605900764465,3.5814821720123287,17100.0,-2.421136379241944,-4.401141166687012,0.44771572947502136
237,17200.0,-34.92100143432617,-126.11900329589844,-12.687000274658205,17200.0,2.2928826808929443,2.028072595596313,0.049174651503562934,17200.0,1002.0499877929688,17200.0,2.4019556045532227,-0.29169273376464844,-8.552083015441895,17200.0,-6.858065605163574,-6.927634239196777,1.0701466798782349,17200.0,-15.40429401397705,-2.5959131717681885,3.4368765354156494
238,17300.0,-37.13199996948242,-126.48600006103516,-17.565000534057614,17300.0,2.2928826808929443,2.028072595596313,0.049174651503562934,17300.0,1002.010009765625,17300.0,2.4019556045532227,-0.29169273376464844,-8.552083015441895,17300.0,-7.419005393981934,-6.4072837829589835,-0.2747401297092438,17300.0,-5.017049789428711,-6.698976516723633,-8.826823234558105
239,17400.0,-39.01499938964844,-127.7699966430664,-19.808000564575195,17400.0,0.07483099400997162,1.8961256742477417,0.2440406680107117,17400.0,1002.010009765625,17400.0,0.03213930130004883,-0.9858098030090332,2.2250046730041504,17400.0,-7.419005393981934,-6.4072837829589835,-0.2747401297092438,17400.0,-5.017049789428711,-6.698976516723633,-8.826823234558105
240,17000.0,-30.368999481201172,-120.16400146484376,-11.62399959564209,17000.0,0.02443460933864117,-0.2703078687191009,-0.5681046843528748,17000.0,1002.0,17000.0,-8.546228408813478,4.331721305847168,2.366729736328125,17000.0,-9.040827751159668,-1.267605900764465,3.5814821720123287,17000.0,-2.421136379241944,-4.401141166687012,0.44771572947502136
241,17100.0,-32.87900161743164,-125.7519989013672,-10.696999549865724,17100.0,0.02443460933864117,-0.2703078687191009,-0.5681046843528748,17100.0,1002.0,17100.0,-8.546228408813478,4.331721305847168,2.366729736328125,17100.0,-9.040827751159668,-1.267605900764465,3.5814821720123287,17100.0,-2.421136379241944,-4.401141166687012,0.44771572947502136
242,17200.0,-34.92100143432617,-126.11900329589844,-12.687000274658205,17200.0,2.2928826808929443,2.028072595596313,0.049174651503562934,17200.0,1002.0499877929688,17200.0,2.4019556045532227,-0.29169273376464844,-8.552083015441895,17200.0,-6.858065605163574,-6.927634239196777,1.0701466798782349,17200.0,-15.40429401397705,-2.5959131717681885,3.4368765354156494
243,17300.0,-37.13199996948242,-126.48600006103516,-17.565000534057614,17300.0,2.2928826808929443,2.028072595596313,0.049174651503562934,17300.0,1002.010009765625,17300.0,2.4019556045532227,-0.29169273376464844,-8.552083015441895,17300.0,-7.419005393981934,-6.4072837829589835,-0.2747401297092438,17300.0,-5.017049789428711,-6.698976516723633,-8.826823234558105
244,17400.0,-39.01499938964844,-127.7699966430664,-19.808000564575195,17400.0,0.07483099400997162,1.8961256742477417,0.2440406680107117,17400.0,1002.010009765625,17400.0,0.03213930130004883,-0.9858098030090332,2.2250046730041504,17400.0,-7.419005393981934,-6.4072837829589835,-0.2747401297092438,17400.0,-5.017049789428711,-6.698976516723633,-8.826823234558105
245,17500.0,-38.06700134277344,-127.5199966430664,-26.07999992370605,17500.0,1.3353514671325684,2.7226264476776123,-0.3188716471195221,17500.0,1002.030029296875,17500.0,-2.8961000442504883,2.7243633270263667,0.999153733253479,17500.0,-7.193795204162598,-6.112998008728027,-2.655362367630005,17500.0,-7.161655902862549,-7.0988078117370605,-0.4303577542304993
246,17600.0,-38.45600128173828,-130.02299499511722,-31.42799949645996,17600.0,1.3353514671325684,2.7226264476776123,-0.3188716471195221,17600.0,1002.030029296875,17600.0,-2.8961000442504883,2.7243633270263667,0.999153733253479,17600.0,-7.193795204162598,-6.112998008728027,-2.655362367630005,17600.0,-7.161655902862549,-7.0988078117370605,-0.4303577542304993
247,17700.0,-38.45600128173828,-134.64300537109378,-36.48799896240234,17700.0,2.25317645072937,0.9269880056381226,0.9056077003479004,17700.0,1002.0499877929688,17700.0,-1.939962387084961,-1.8678755760192869,-1.5419578552246094,17700.0,-6.611274719238281,-6.896858215332031,-2.2124154567718506,17700.0,-9.50737476348877,-4.172494888305663,-1.2132617235183716
248,17800.0,-38.45600128173828,-138.02099609375,-39.50299835205078,17800.0,2.25317645072937,0.9269880056381226,0.9056077003479004,17800.0,1002.0499877929688,17800.0,-1.939962387084961,-1.8678755760192869,-1.5419578552246094,17800.0,-6.611274719238281,-6.896858215332031,-2.2124154567718506,17800.0,-9.50737476348877,-4.172494888305663,-1.2132617235183716
249,17900.0,-42.08599853515625,-138.40400695800778,-41.361000061035156,17900.0,0.6875288486480713,-0.6884451508522034,1.4074335098266602,17900.0,1001.9500122070312,17900.0,0.29799938201904297,-0.8184025287628174,-1.4026504755020142,17900.0,-8.583152770996094,-4.7221646308898935,0.4484061598777771,17900.0,-10.523115158081056,-6.59004020690918,-1.0935516357421875
250,17500.0,-38.06700134277344,-127.5199966430664,-26.07999992370605,17500.0,1.3353514671325684,2.7226264476776123,-0.3188716471195221,17500.0,1002.030029296875,17500.0,-2.8961000442504883,2.7243633270263667,0.999153733253479,17500.0,-7.193795204162598,-6.112998008728027,-2.655362367630005,17500.0,-7.161655902862549,-7.0988078117370605,-0.4303577542304993
251,17600.0,-38.45600128173828,-130.02299499511722,-31.42799949645996,17600.0,1.3353514671325684,2.7226264476776123,-0.3188716471195221,17600.0,1002.030029296875,17600.0,-2.8961000442504883,2.7243633270263667,0.999153733253479,17600.0,-7.193795204162598,-6.112998008728027,-2.655362367630005,17600.0,-7.161655902862549,-7.0988078117370605,-0.4303577542304993
252,17700.0,-38.45600128173828,-134.64300537109378,-36.48799896240234,17700.0,2.25317645072937,0.9269880056381226,0.9056077003479004,17700.0,1002.0499877929688,17700.0,-1.939962387084961,-1.8678755760192869,-1.5419578552246094,17700.0,-6.611274719238281,-6.896858215332031,-2.2124154567718506,17700.0,-9.50737476348877,-4.172494888305663,-1.2132617235183716
253,17800.0,-38.45600128173828,-138.02099609375,-39.50299835205078,17800.0,2.25317645072937,0.9269880056381226,0.9056077003479004,17800.0,1002.0499877929688,17800.0,-1.939962387084961,-1.8678755760192869,-1.5419578552246094,17800.0,-6.611274719238281,-6.896858215332031,-2.2124154567718506,17800.0,-9.50737476348877,-4.172494888305663,-1.2132617235183716
254,17900.0,-42.08599853515625,-138.40400695800778,-41.361000061035156,17900.0,0.6875288486480713,-0.6884451508522034,1.4074335098266602,17900.0,1001.9500122070312,17900.0,0.29799938201904297,-0.8184025287628174,-1.4026504755020142,17900.0,-8.583152770996094,-4.7221646308898935,0.4484061598777771,17900.0,-10.523115158081056,-6.59004020690918,-1.0935516357421875
255,18000.0,-48.928001403808594,-134.22300720214844,-40.38600158691406,18000.0,0.6875288486480713,-0.6884451508522034,1.4074335098266602,18000.0,1001.9500122070312,18000.0,0.29799938201904297,-0.8184025287628174,-1.4026504755020142,18000.0,-8.583152770996094,-4.7221646308898935,0.4484061598777771,18000.0,-10.523115158081056,-6.59004020690918,-1.0935516357421875
256,18100.0,-52.49300003051758,-126.17400360107422,-39.15399932861328,18100.0,0.01618792861700058,-1.730581283569336,0.7904596328735352,18100.0,1001.8699951171876,18100.0,4.650517463684082,1.379253625869751,-2.488104820251465,18100.0,-8.990148544311523,-3.703645944595337,1.2769548892974854,18100.0,-8.69214916229248,-4.522048473358153,-0.1256955862045288
257,18200.0,-53.57799911499024,-120.76399993896484,-34.60800170898437,18200.0,-0.2480112910270691,-0.8866708874702454,-1.7238616943359375,18200.0,1001.9600219726564,18200.0,4.650517463684082,1.379253625869751,-2.488104820251465,18200.0,-8.618308067321777,-2.32436466217041,4.061095237731934,18200.0,-3.9677908420562735,-0.9451110959053041,1.5729905366897583
258,18300.0,-54.43500137329102,-121.50800323486328,-35.755001068115234,18300.0,-0.2480112910270691,-0.8866708874702454,-1.7238616943359375,18300.0,1001.9600219726564,18300.0,-12.825227737426758,-5.361018180847168,-6.290283203125,18300.0,-8.618308067321777,-2.32436466217041,4.061095237731934,18300.0,-3.9677908420562735,-0.9451110959053041,1.5729905366897583
259,18400.0,-53.59099960327149,-125.96499633789064,-41.479000091552734,18400.0,-0.1466076523065567,2.1621575355529785,-0.4379903674125672,18400.0,1002.0499877929688,18400.0,-3.969496250152588,-1.3949427604675293,4.544060230255127,18400.0,-6.783881664276122,-4.827507019042969,5.181169509887695,18400.0,-19.60910987854004,-10.188525199890137,-1.1091139316558838
260,18000.0,-48.928001403808594,-134.22300720214844,-40.38600158691406,18000.0,0.6875288486480713,-0.6884451508522034,1.4074335098266602,18000.0,1001.9500122070312,18000.0,0.29799938201904297,-0.8184025287628174,-1.4026504755020142,18000.0,-8.583152770996094,-4.7221646308898935,0.4484061598777771,18000.0,-10.523115158081056,-6.59004020690918,-1.0935516357421875
261,18100.0,-52.49300003051758,-126.17400360107422,-39.15399932861328,18100.0,0.01618792861700058,-1.730581283569336,0.7904596328735352,18100.0,1001.8699951171876,18100.0,4.650517463684082,1.379253625869751,-2.488104820251465,18100.0,-8.990148544311523,-3.703645944595337,1.2769548892974854,18100.0,-8.69214916229248,-4.522048473358153,-0.1256955862045288
262,18200.0,-53.57799911499024,-120.76399993896484,-34.60800170898437,18200.0,-0.2480112910270691,-0.8866708874702454,-1.7238616943359375,18200.0,1001.9600219726564,18200.0,4.650517463684082,1.379253625869751,-2.488104820251465,18200.0,-8.618308067321777,-2.32436466217041,4.061095237731934,18200.0,-3.9677908420562735,-0.9451110959053041,1.5729905366897583
263,18300.0,-54.43500137329102,-121.50800323486328,-35.755001068115234,18300.0,-0.2480112910270691,-0.8866708874702454,-1.7238616943359375,18300.0,1001.9600219726564,18300.0,-12.825227737426758,-5.361018180847168,-6.290283203125,18300.0,-8.618308067321777,-2.32436466217041,4.061095237731934,18300.0,-3.9677908420562735,-0.9451110959053041,1.5729905366897583
264,18400.0,-53.59099960327149,-125.96499633789064,-41.479000091552734,18400.0,-0.1466076523065567,2.1621575355529785,-0.4379903674125672,18400.0,1002.0499877929688,18400.0,-3.969496250152588,-1.3949427604675293,4.544060230255127,18400.0,-6.783881664276122,-4.827507019042969,5.181169509887695,18400.0,-19.60910987854004,-10.188525199890137,-1.1091139316558838
265,18500.0,-54.2750015258789,-128.45100402832028,-44.1510009765625,18500.0,-0.1466076523065567,2.1621575355529785,-0.4379903674125672,18500.0,1002.0499877929688,18500.0,-3.969496250152588,-1.3949427604675293,4.544060230255127,18500.0,-6.783881664276122,-4.827507019042969,5.181169509887695,18500.0,-19.60910987854004,-10.188525199890137,-1.1091139316558838
266,18600.0,-54.5880012512207,-129.60499572753906,-45.69300079345703,18600.0,-0.9178250432014464,-0.2440406680107117,-0.18570303916931152,18600.0,1001.9199829101564,18600.0,0.9760594367980956,1.3197078704833984,0.8477873802185059,18600.0,-7.029466152191162,-6.058207035064697,-3.170985460281372,18600.0,-10.99896240234375,-7.4531497955322275,1.373074650764465
267,18700.0,-54.5880012512207,-127.62200164794922,-45.1150016784668,18700.0,-0.9178250432014464,-0.2440406680107117,-0.18570303916931152,18700.0,1001.9199829101564,18700.0,0.9760594367980956,1.3197078704833984,0.8477873802185059,18700.0,-7.029466152191162,-6.058207035064697,-3.170985460281372,18700.0,-10.99896240234375,-7.4531497955322275,1.373074650764465
268,18800.0,-54.2859992980957,-126.97100067138672,-44.775001525878906,18800.0,0.32772919535636896,0.1774563491344452,-0.4526511430740357,18800.0,1001.8900146484376,18800.0,-2.1106486320495605,1.877129077911377,-1.4614155292510986,18800.0,-7.978500843048098,-5.6687750816345215,-0.6155498027801514,18800.0,-7.00244140625,-4.349067211151123,0.2322375625371933
269,18900.0,-53.92399978637695,-126.97100067138672,-45.52299880981445,18900.0,0.32772919535636896,0.1774563491344452,-0.4526511430740357,18900.0,1001.8900146484376,18900.0,-2.1106486320495605,1.877129077911377,-1.4614155292510986,18900.0,-7.978500843048098,-5.6687750816345215,-0.6155498027801514,18900.0,-7.00244140625,-4.349067211151123,0.2322375625371933
270,18500.0,-54.2750015258789,-128.45100402832028,-44.1510009765625,18500.0,-0.1466076523065567,2.1621575355529785,-0.4379903674125672,18500.0,1002.0499877929688,18500.0,-3.969496250152588,-1.3949427604675293,4.544060230255127,18500.0,-6.783881664276122,-4.827507019042969,5.181169509887695,18500.0,-19.60910987854004,-10.188525199890137,-1.1091139316558838
271,18600.0,-54.5880012512207,-129.60499572753906,-45.69300079345703,18600.0,-0.9178250432014464,-0.2440406680107117,-0.18570303916931152,18600.0,1001.9199829101564,18600.0,0.9760594367980956,1.3197078704833984,0.8477873802185059,18600.0,-7.029466152191162,-6.058207035064697,-3.170985460281372,18600.0,-10.99896240234375,-7.4531497955322275,1.373074650764465
272,18700.0,-54.5880012512207,-127.62200164794922,-45.1150016784668,18700.0,-0.9178250432014464,-0.2440406680107117,-0.18570303916931152,18700.0,1001.9199829101564,18700.0,0.9760594367980956,1.3197078704833984,0.8477873802185059,18700.0,-7.029466152191162,-6.058207035064697,-3.170985460281372,18700.0,-10.99896240234375,-7.4531497955322275,1.373074650764465
273,18800.0,-54.2859992980957,-126.97100067138672,-44.775001525878906,18800.0,0.32772919535636896,0.1774563491344452,-0.4526511430740357,18800.0,1001.8900146484376,18800.0,-2.1106486320495605,1.877129077911377,-1.4614155292510986,18800.0,-7.978500843048098,-5.6687750816345215,-0.6155498027801514,18800.0,-7.00244140625,-4.349067211151123,0.2322375625371933
274,18900.0,-53.92399978637695,-126.97100067138672,-45.52299880981445,18900.0,0.32772919535636896,0.1774563491344452,-0.4526511430740357,18900.0,1001.8900146484376,18900.0,-2.1106486320495605,1.877129077911377,-1.4614155292510986,18900.0,-7.978500843048098,-5.6687750816345215,-0.6155498027801514,18900.0,-7.00244140625,-4.349067211151123,0.2322375625371933
275,19000.0,-53.61399841308594,-127.072998046875,-46.85300064086914,19000.0,0.25564709305763245,0.456316351890564,0.19303341209888453,19000.0,1002.0700073242188,19000.0,-1.9331827163696291,-3.424355983734132,4.603515148162842,19000.0,-7.789973735809326,-5.956250190734862,-0.09900544583797456,19000.0,-9.900622367858887,-4.079121112823486,-1.5604209899902344
276,19100.0,-53.61399841308594,-126.16400146484376,-46.85300064086914,19100.0,0.741895854473114,-1.2345587015151978,1.3176363706588743,19100.0,1002.0700073242188,19100.0,-0.4265432357788086,0.03904414176940918,-3.781672477722168,19100.0,-8.369067192077638,-5.107980251312256,-0.1939940452575684,19100.0,-10.302249908447266,-8.532336235046388,4.409521102905273
277,19200.0,-53.94800186157226,-126.16400146484376,-47.92699813842773,19200.0,0.741895854473114,-1.2345587015151978,1.3176363706588743,19200.0,1002.0,19200.0,-0.4265432357788086,0.03904414176940918,-3.781672477722168,19200.0,-8.369067192077638,-5.107980251312256,-0.1939940452575684,19200.0,-10.302249908447266,-8.532336235046388,4.409521102905273
278,19300.0,-53.94800186157226,-120.09500122070312,-48.66400146484375,19300.0,-0.045814894139766686,-0.28557950258255005,1.0717630386352541,19300.0,1001.9199829101564,19300.0,5.0570950508117685,-0.12208640575408936,-1.3988269567489624,19300.0,-8.992844581604004,-2.970145463943481,2.545067310333252,19300.0,-9.419387817382812,-2.9311013221740723,-1.236605167388916
279,19400.0,-53.07600021362305,-112.36100006103516,-47.49599838256836,19400.0,-0.045814894139766686,-0.28557950258255005,1.0717630386352541,19400.0,1001.9199829101564,19400.0,5.0570950508117685,-0.12208640575408936,-1.3988269567489624,19400.0,-8.992844581604004,-2.970145463943481,2.545067310333252,19400.0,-9.419387817382812,-2.9311013221740723,-1.236605167388916
280,19000.0,-53.61399841308594,-127.072998046875,-46.85300064086914,19000.0,0.25564709305763245,0.456316351890564,0.19303341209888453,19000.0,1002.0700073242188,19000.0,-1.9331827163696291,-3.424355983734132,4.603515148162842,19000.0,-7.789973735809326,-5.956250190734862,-0.09900544583797456,19000.0,-9.900622367858887,-4.079121112823486,-1.5604209899902344
281,19100.0,-53.61399841308594,-126.16400146484376,-46.85300064086914,19100.0,0.741895854473114,-1.2345587015151978,1.3176363706588743,19100.0,1002.0700073242188,19100.0,-0.4265432357788086,0.03904414176940918,-3.781672477722168,19100.0,-8.369067192077638,-5.107980251312256,-0.1939940452575684,19100.0,-10.302249908447266,-8.532336235046388,4.409521102905273
282,19200.0,-53.94800186157226,-126.16400146484376,-47.92699813842773,19200.0,0.741895854473114,-1.2345587015151978,1.3176363706588743,19200.0,1002.0,19200.0,-0.4265432357788086,0.03904414176940918,-3.781672477722168,19200.0,-8.369067192077638,-5.107980251312256,-0.1939940452575684,19200.0,-10.302249908447266,-8.532336235046388,4.409521102905273
283,19300.0,-53.94800186157226,-120.09500122070312,-48.66400146484375,19300.0,-0.045814894139766686,-0.28557950258255005,1.0717630386352541,19300.0,1001.9199829101564,19300.0,5.0570950508117685,-0.12208640575408936,-1.3988269567489624,19300.0,-8.992844581604004,-2.970145463943481,2.545067310333252,19300.0,-9.419387817382812,-2.9311013221740723,-1.236605167388916
284,19400.0,-53.07600021362305,-112.36100006103516,-47.49599838256836,19400.0,-0.045814894139766686,-0.28557950258255005,1.0717630386352541,19400.0,1001.9199829101564,19400.0,5.0570950508117685,-0.12208640575408936,-1.3988269567489624,19400.0,-8.992844581604004,-2.970145463943481,2.545067310333252,19400.0,-9.419387817382812,-2.9311013221740723,-1.236605167388916
285,19500.0,-50.14899826049805,-108.98500061035156,-46.78400039672852,19500.0,-0.5720753073692322,-0.5693264007568359,-1.7235562801361084,19500.0,1002.030029296875,19500.0,-11.467327117919922,-11.16592025756836,-5.339439392089844,19500.0,-9.262510299682617,-1.1019492149353027,3.0268840789794917,19500.0,-4.2054152488708505,-1.224035620689392,1.6280571222305298
286,19600.0,-49.18000030517578,-112.33499908447266,-51.09099960327149,19600.0,-0.5720753073692322,-0.5693264007568359,-1.7235562801361084,19600.0,1002.030029296875,19600.0,-11.467327117919922,-11.16592025756836,-5.339439392089844,19600.0,-9.262510299682617,-1.1019492149353027,3.0268840789794917,19600.0,-4.2054152488708505,-1.224035620689392,1.6280571222305298
287,19700.0,-48.36999893188477,-110.94200134277344,-52.48199844360352,19700.0,-0.20402899384498605,3.355482816696167,-0.18417587876319885,19700.0,1001.97998046875,19700.0,-2.336733818054199,0.5469975471496582,2.37025785446167,19700.0,-8.141782760620117,-4.034865856170653,3.6880390644073486,19700.0,-19.60910987854004,-15.200786590576172,-1.6514005661010742
288,19800.0,-48.36999893188477,-110.53700256347656,-52.0,19800.0,-0.20402899384498605,3.355482816696167,-0.18417587876319885,19800.0,1001.97998046875,19800.0,-2.336733818054199,0.5469975471496582,2.37025785446167,19800.0,-8.141782760620117,-4.034865856170653,3.6880390644073486,19800.0,-19.60910987854004,-15.200786590576172,-1.6514005661010742
289,19900.0,-47.74300003051758,-109.33200073242188,-50.83399963378906,19900.0,-0.8381071090698242,0.7956519722938538,0.02474004216492176,19900.0,1001.97998046875,19900.0,0.6491084098815918,-1.0619983673095703,2.721881866455078,19900.0,-6.608003616333008,-5.385080814361572,-4.848256587982178,19900.0,-8.944737434387207,-4.838083267211914,-2.4779987335205083
290,19500.0,-50.14899826049805,-108.98500061035156,-46.78400039672852,19500.0,-0.5720753073692322,-0.5693264007568359,-1.7235562801361084,19500.0,1002.030029296875,19500.0,-11.467327117919922,-11.16592025756836,-5.339439392089844,19500.0,-9.262510299682617,-1.1019492149353027,3.0268840789794917,19500.0,-4.2054152488708505,-1.224035620689392,1.6280571222305298
291,19600.0,-49.18000030517578,-112.33499908447266,-51.09099960327149,19600.0,-0.5720753073692322,-0.5693264007568359,-1.7235562801361084,19600.0,1002.030029296875,19600.0,-11.467327117919922,-11.16592025756836,-5.339439392089844,19600.0,-9.262510299682617,-1.1019492149353027,3.0268840789794917,19600.0,-4.2054152488708505,-1.224035620689392,1.6280571222305298
292,19700.0,-48.36999893188477,-110.94200134277344,-52.48199844360352,19700.0,-0.20402899384498605,3.355482816696167,-0.18417587876319885,19700.0,1001.97998046875,19700.0,-2.336733818054199,0.5469975471496582,2.37025785446167,19700.0,-8.141782760620117,-4.034865856170653,3.6880390644073486,19700.0,-19.60910987854004,-15.200786590576172,-1.6514005661010742
293,19800.0,-48.36999893188477,-110.53700256347656,-52.0,19800.0,-0.20402899384498605,3.355482816696167,-0.18417587876319885,19800.0,1001.97998046875,19800.0,-2.336733818054199,0.5469975471496582,2.37025785446167,19800.0,-8.141782760620117,-4.034865856170653,3.6880390644073486,19800.0,-19.60910987854004,-15.200786590576172,-1.6514005661010742
294,19900.0,-47.74300003051758,-109.33200073242188,-50.83399963378906,19900.0,-0.8381071090698242,0.7956519722938538,0.02474004216492176,19900.0,1001.97998046875,19900.0,0.6491084098815918,-1.0619983673095703,2.721881866455078,19900.0,-6.608003616333008,-5.385080814361572,-4.848256587982178,19900.0,-8.944737434387207,-4.838083267211914,-2.4779987335205083
295,20000.0,-46.97999954223633,-103.8479995727539,-48.97900009155274,20000.0,0.20402899384498605,0.21288654208183289,-0.5378668308258057,20000.0,1001.9500122070312,20000.0,-1.388479709625244,1.9062957763671875,-1.1985551118850708,20000.0,-8.130390167236326,-5.098282814025879,-2.018585205078125,20000.0,-7.481281757354736,-6.160281181335449,0.7032967209815979
296,20100.0,-46.97999954223633,-103.63099670410156,-48.97900009155274,20100.0,0.20402899384498605,0.21288654208183289,-0.5378668308258057,20100.0,1001.9500122070312,20100.0,-1.388479709625244,1.9062957763671875,-1.1985551118850708,20100.0,-8.130390167236326,-5.098282814025879,-2.018585205078125,20100.0,-7.481281757354736,-6.160281181335449,0.7032967209815979
297,20200.0,-46.30500030517578,-104.48300170898438,-50.06999969482422,20200.0,0.4938845634460449,0.2336559593677521,-0.09224065393209456,20200.0,1002.0700073242188,20200.0,-1.858795166015625,-1.1117453575134275,1.0408722162246704,20200.0,-7.792685031890869,-5.947109699249268,-0.27627310156822205,20200.0,-9.181164741516113,-4.04081392288208,-1.4748282432556152
298,20300.0,-45.98500061035156,-104.4459991455078,-53.51499938964844,20300.0,0.4938845634460449,0.2336559593677521,-0.09224065393209456,20300.0,1002.0700073242188,20300.0,-1.858795166015625,-1.1117453575134275,1.0408722162246704,20300.0,-7.792685031890869,-5.947109699249268,-0.27627310156822205,20300.0,-9.181164741516113,-4.04081392288208,-1.4748282432556152
299,20400.0,-45.98500061035156,-107.48999786376952,-56.70600128173828,20400.0,1.1035280227661133,-0.7046330571174622,0.6945537924766539,20400.0,1002.010009765625,20400.0,-0.9482259750366212,-1.1795876026153564,-0.9833288192749025,20400.0,-8.248926162719728,-5.302919387817383,0.06824176013469696,20400.0,-10.107721328735352,-6.4146647453308105,1.1091139316558838
300,20000.0,-46.97999954223633,-103.8479995727539,-48.97900009155274,20000.0,0.20402899384498605,0.21288654208183289,-0.5378668308258057,20000.0,1001.9500122070312,20000.0,-1.388479709625244,1.9062957763671875,-1.1985551118850708,20000.0,-8.130390167236326,-5.098282814025879,-2.018585205078125,20000.0,-7.481281757354736,-6.160281181335449,0.7032967209815979
301,20100.0,-46.97999954223633,-103.63099670410156,-48.97900009155274,20100.0,0.20402899384498605,0.21288654208183289,-0.5378668308258057,20100.0,1001.9500122070312,20100.0,-1.388479709625244,1.9062957763671875,-1.1985551118850708,20100.0,-8.130390167236326,-5.098282814025879,-2.018585205078125,20100.0,-7.481281757354736,-6.160281181335449,0.7032967209815979
302,20200.0,-46.30500030517578,-104.48300170898438,-50.06999969482422,20200.0,0.4938845634460449,0.2336559593677521,-0.09224065393209456,20200.0,1002.0700073242188,20200.0,-1.858795166015625,-1.1117453575134275,1.0408722162246704,20200.0,-7.792685031890869,-5.947109699249268,-0.27627310156822205,20200.0,-9.181164741516113,-4.04081392288208,-1.4748282432556152
303,20300.0,-45.98500061035156,-104.4459991455078,-53.51499938964844,20300.0,0.4938845634460449,0.2336559593677521,-0.09224065393209456,20300.0,1002.0700073242188,20300.0,-1.858795166015625,-1.1117453575134275,1.0408722162246704,20300.0,-7.792685031890869,-5.947109699249268,-0.27627310156822205,20300.0,-9.181164741516113,-4.04081392288208,-1.4748282432556152
304,20400.0,-45.98500061035156,-107.48999786376952,-56.70600128173828,20400.0,1.1035280227661133,-0.7046330571174622,0.6945537924766539,20400.0,1002.010009765625,20400.0,-0.9482259750366212,-1.1795876026153564,-0.9833288192749025,20400.0,-8.248926162719728,-5.302919387817383,0.06824176013469696,20400.0,-10.107721328735352,-6.4146647453308105,1.1091139316558838
305,20500.0,-45.68099975585938,-114.26499938964844,-64.22499847412111,20500.0,1.1035280227661133,-0.7046330571174622,0.6945537924766539,20500.0,1002.010009765625,20500.0,-0.9482259750366212,-1.1795876026153564,-0.9833288192749025,20500.0,-8.248926162719728,-5.302919387817383,0.06824176013469696,20500.0,-10.107721328735352,-6.4146647453308105,1.1091139316558838
306,20600.0,-45.27099990844727,-114.61399841308594,-64.09100341796875,20600.0,0.3985895812511444,0.06169738993048667,1.3658946752548218,20600.0,1001.9099731445312,20600.0,3.0001659393310547,0.14789819717407227,1.342340350151062,20600.0,-8.809941291809082,-3.8039433956146236,2.0212152004241943,20600.0,-9.758167266845703,-4.9835309982299805,1.037886381149292
307,20700.0,-44.94400024414063,-112.81400299072266,-64.08899688720703,20700.0,0.3985895812511444,0.06169738993048667,1.3658946752548218,20700.0,1001.9099731445312,20700.0,3.0001659393310547,0.14789819717407227,1.342340350151062,20700.0,-8.809941291809082,-3.8039433956146236,2.0212152004241943,20700.0,-9.758167266845703,-4.9835309982299805,1.037886381149292
308,20800.0,-44.55799865722656,-112.3730010986328,-63.15999984741211,20800.0,-0.4697553813457489,-0.8735373020172119,-0.8213083148002625,20800.0,1001.9099731445312,20800.0,4.325047969818115,3.3095173835754395,0.21762871742248527,20800.0,-9.38729763031006,-2.81204605102539,0.3760979175567627,20800.0,-6.387131690979004,-2.6641478538513184,1.7184382677078247
309,20900.0,-44.17100143432617,-112.0479965209961,-64.00599670410156,20900.0,-1.4227051734924316,1.0067058801650999,-1.313360333442688,20900.0,1001.9400024414064,20900.0,4.325047969818115,3.3095173835754395,0.21762871742248527,20900.0,-8.751328468322754,-4.140903949737549,1.5612632036209106,20900.0,-4.426280498504639,-0.8313865661621094,1.778891921043396
310,20500.0,-45.68099975585938,-114.26499938964844,-64.22499847412111,20500.0,1.1035280227661133,-0.7046330571174622,0.6945537924766539,20500.0,1002.010009765625,20500.0,-0.9482259750366212,-1.1795876026153564,-0.9833288192749025,20500.0,-8.248926162719728,-5.302919387817383,0.06824176013469696,20500.0,-10.107721328735352,-6.4146647453308105,1.1091139316558838
311,20600.0,-45.27099990844727,-114.61399841308594,-64.09100341796875,20600.0,0.3985895812511444,0.06169738993048667,1.3658946752548218,20600.0,1001.9099731445312,20600.0,3.0001659393310547,0.14789819717407227,1.342340350151062,20600.0,-8.809941291809082,-3.8039433956146236,2.0212152004241943,20600.0,-9.758167266845703,-4.9835309982299805,1.037886381149292
312,20700.0,-44.94400024414063,-112.81400299072266,-64.08899688720703,20700.0,0.3985895812511444,0.06169738993048667,1.3658946752548218,20700.0,1001.9099731445312,20700.0,3.0001659393310547,0.14789819717407227,1.342340350151062,20700.0,-8.809941291809082,-3.8039433956146236,2.0212152004241943,20700.0,-9.758167266845703,-4.9835309982299805,1.037886381149292
313,20800.0,-44.55799865722656,-112.3730010986328,-63.15999984741211,20800.0,-0.4697553813457489,-0.8735373020172119,-0.8213083148002625,20800.0,1001.9099731445312,20800.0,4.325047969818115,3.3095173835754395,0.21762871742248527,20800.0,-9.38729763031006,-2.81204605102539,0.3760979175567627,20800.0,-6.387131690979004,-2.6641478538513184,1.7184382677078247
314,20900.0,-44.17100143432617,-112.0479965209961,-64.00599670410156,20900.0,-1.4227051734924316,1.0067058801650999,-1.313360333442688,20900.0,1001.9400024414064,20900.0,4.325047969818115,3.3095173835754395,0.21762871742248527,20900.0,-8.751328468322754,-4.140903949737549,1.5612632036209106,20900.0,-4.426280498504639,-0.8313865661621094,1.778891921043396
315,21000.0,-38.17499923706055,-112.51300048828124,-69.74299621582031,21000.0,-1.4227051734924316,1.0067058801650999,-1.313360333442688,21000.0,1001.9400024414064,21000.0,2.506521701812744,0.5789585113525391,2.236393690109253,21000.0,-8.751328468322754,-4.140903949737549,1.5612632036209106,21000.0,-4.426280498504639,-0.8313865661621094,1.778891921043396
316,21100.0,-37.45500183105469,-111.02999877929688,-68.59400177001953,21100.0,-0.1417207419872284,0.7611380815505981,-0.04673119261860848,21100.0,1001.9400024414064,21100.0,0.3563575744628906,1.9309701919555664,-0.21884620189666748,21100.0,-6.770595073699951,-6.624317646026611,-2.539260149002075,21100.0,-4.264073371887207,-6.045359134674072,-0.30286651849746704
317,21200.0,-35.51100158691406,-108.43900299072266,-69.72899627685547,21200.0,-0.1417207419872284,0.7611380815505981,-0.04673119261860848,21200.0,1001.9400024414064,21200.0,0.3563575744628906,1.9309701919555664,-0.21884620189666748,21200.0,-6.770595073699951,-6.624317646026611,-2.539260149002075,21200.0,-4.264073371887207,-6.045359134674072,-0.30286651849746704
318,21300.0,-35.00899887084961,-106.7040023803711,-69.45099639892578,21300.0,0.10995574295520782,0.10293079167604446,0.1359175145626068,21300.0,1001.9199829101564,21300.0,0.4783506393432617,-0.6598820686340332,-0.883398711681366,21300.0,-8.330844879150389,-5.051812171936035,-1.1165198087692259,21300.0,-7.9744873046875,-3.1208419799804688,-1.3353660106658936
319,21400.0,-35.59400177001953,-102.9229965209961,-66.00700378417969,21400.0,0.10995574295520782,0.10293079167604446,0.1359175145626068,21400.0,1001.9199829101564,21400.0,0.4783506393432617,-0.6598820686340332,-0.883398711681366,21400.0,-8.330844879150389,-5.051812171936035,-1.1165198087692259,21400.0,-7.9744873046875,-3.1208419799804688,-1.3353660106658936
320,21000.0,-38.17499923706055,-112.51300048828124,-69.74299621582031,21000.0,-1.4227051734924316,1.0067058801650999,-1.313360333442688,21000.0,1001.9400024414064,21000.0,2.506521701812744,0.5789585113525391,2.236393690109253,21000.0,-8.751328468322754,-4.140903949737549,1.5612632036209106,21000.0,-4.426280498504639,-0.8313865661621094,1.778891921043396
321,21100.0,-37.45500183105469,-111.02999877929688,-68.59400177001953,21100.0,-0.1417207419872284,0.7611380815505981,-0.04673119261860848,21100.0,1001.9400024414064,21100.0,0.3563575744628906,1.9309701919555664,-0.21884620189666748,21100.0,-6.770595073699951,-6.624317646026611,-2.539260149002075,21100.0,-4.264073371887207,-6.045359134674072,-0.30286651849746704
322,21200.0,-35.51100158691406,-108.43900299072266,-69.72899627685547,21200.0,-0.1417207419872284,0.7611380815505981,-0.04673119261860848,21200.0,1001.9400024414064,21200.0,0.3563575744628906,1.9309701919555664,-0.21884620189666748,21200.0,-6.770595073699951,-6.624317646026611,-2.539260149002075,21200.0,-4.264073371887207,-6.045359134674072,-0.30286651849746704
323,21300.0,-35.00899887084961,-106.7040023803711,-69.45099639892578,21300.0,0.10995574295520782,0.10293079167604446,0.1359175145626068,21300.0,1001.9199829101564,21300.0,0.4783506393432617,-0.6598820686340332,-0.883398711681366,21300.0,-8.330844879150389,-5.051812171936035,-1.1165198087692259,21300.0,-7.9744873046875,-3.1208419799804688,-1.3353660106658936
324,21400.0,-35.59400177001953,-102.9229965209961,-66.00700378417969,21400.0,0.10995574295520782,0.10293079167604446,0.1359175145626068,21400.0,1001.9199829101564,21400.0,0.4783506393432617,-0.6598820686340332,-0.883398711681366,21400.0,-8.330844879150389,-5.051812171936035,-1.1165198087692259,21400.0,-7.9744873046875,-3.1208419799804688,-1.3353660106658936
325,21500.0,-34.709999084472656,-104.0,-67.375,21500.0,0.3219259977340698,0.2290744632482529,-0.4801400899887085,21500.0,1001.97998046875,21500.0,-3.849959373474121,0.1849837303161621,-0.5549647212028503,21500.0,-8.538430213928223,-4.8234381675720215,-0.0036529696080833673,21500.0,-8.060079574584961,-5.483320236206055,-0.8870517015457153
326,21600.0,-34.38800048828125,-105.63800048828124,-69.40399932861328,21600.0,0.3219259977340698,0.2290744632482529,-0.4801400899887085,21600.0,1001.97998046875,21600.0,-3.849959373474121,0.1849837303161621,-0.5549647212028503,21600.0,-8.538430213928223,-4.8234381675720215,-0.0036529696080833673,21600.0,-8.060079574584961,-5.483320236206055,-0.8870517015457153
327,21700.0,-34.38800048828125,-106.04399871826172,-70.26000213623047,21700.0,2.7391197681427,0.4929682612419128,0.8130616545677185,21700.0,1001.97998046875,21700.0,0.9541521072387696,-2.0161521434783936,-3.246610403060913,21700.0,-8.037850379943848,-5.618025779724121,-0.034008946269750595,21700.0,-11.887809753417967,-5.433042049407959,-0.5889736413955688
328,21800.0,-35.902000427246094,-118.2509994506836,-75.96800231933594,21800.0,0.2064724564552307,-0.8680394887924194,1.1203268766403198,21800.0,1001.8099975585938,21800.0,0.9541521072387696,-2.0161521434783936,-3.246610403060913,21800.0,-9.107007026672363,-3.4701611995697017,1.091230392456055,21800.0,-8.152854919433594,-5.486313343048097,-2.1553800106048584
329,21900.0,-36.5989990234375,-119.83599853515624,-75.875,21900.0,0.2064724564552307,-0.8680394887924194,1.1203268766403198,21900.0,1001.8099975585938,21900.0,5.252415657043457,-2.513601541519165,-0.8976321220397949,21900.0,-9.107007026672363,-3.4701611995697017,1.091230392456055,21900.0,-8.152854919433594,-5.486313343048097,-2.1553800106048584
330,21500.0,-34.709999084472656,-104.0,-67.375,21500.0,0.3219259977340698,0.2290744632482529,-0.4801400899887085,21500.0,1001.97998046875,21500.0,-3.849959373474121,0.1849837303161621,-0.5549647212028503,21500.0,-8.538430213928223,-4.8234381675720215,-0.0036529696080833673,21500.0,-8.060079574584961,-5.483320236206055,-0.8870517015457153
331,21600.0,-34.38800048828125,-105.63800048828124,-69.40399932861328,21600.0,0.3219259977340698,0.2290744632482529,-0.4801400899887085,21600.0,1001.97998046875,21600.0,-3.849959373474121,0.1849837303161621,-0.5549647212028503,21600.0,-8.538430213928223,-4.8234381675720215,-0.0036529696080833673,21600.0,-8.060079574584961,-5.483320236206055,-0.8870517015457153
332,21700.0,-34.38800048828125,-106.04399871826172,-70.26000213623047,21700.0,2.7391197681427,0.4929682612419128,0.8130616545677185,21700.0,1001.97998046875,21700.0,0.9541521072387696,-2.0161521434783936,-3.246610403060913,21700.0,-8.037850379943848,-5.618025779724121,-0.034008946269750595,21700.0,-11.887809753417967,-5.433042049407959,-0.5889736413955688
333,21800.0,-35.902000427246094,-118.2509994506836,-75.96800231933594,21800.0,0.2064724564552307,-0.8680394887924194,1.1203268766403198,21800.0,1001.8099975585938,21800.0,0.9541521072387696,-2.0161521434783936,-3.246610403060913,21800.0,-9.107007026672363,-3.4701611995697017,1.091230392456055,21800.0,-8.152854919433594,-5.486313343048097,-2.1553800106048584
334,21900.0,-36.5989990234375,-119.83599853515624,-75.875,21900.0,0.2064724564552307,-0.8680394887924194,1.1203268766403198,21900.0,1001.8099975585938,21900.0,5.252415657043457,-2.513601541519165,-0.8976321220397949,21900.0,-9.107007026672363,-3.4701611995697017,1.091230392456055,21900.0,-8.152854919433594,-5.486313343048097,-2.1553800106048584
335,22000.0,-38.80699920654297,-118.34700012207031,-73.44000244140625,22000.0,-0.3268128931522369,-1.3781119585037231,-0.14874568581581116,22000.0,1001.8599853515624,22000.0,3.5000314712524414,2.889033555984497,-0.21041035652160645,22000.0,-9.080145835876463,-3.4425737857818604,1.3674942255020142,22000.0,-3.8277299404144287,-5.956175327301025,0.4698620736598969
336,22100.0,-39.180999755859375,-116.22699737548828,-71.54299926757812,22100.0,-0.3268128931522369,-1.3781119585037231,-0.14874568581581116,22100.0,1001.8599853515624,22100.0,3.5000314712524414,2.889033555984497,-0.21041035652160645,22100.0,-9.080145835876463,-3.4425737857818604,1.3674942255020142,22100.0,-3.8277299404144287,-5.956175327301025,0.4698620736598969
337,22200.0,-38.30799865722656,-115.30699920654295,-73.48600006103516,22200.0,-1.01617431640625,0.1010981947183609,-0.9828822016716005,22200.0,1001.9299926757812,22200.0,4.193346977233887,4.141974449157715,-2.369792461395264,22200.0,-8.433882713317871,-3.6994707584381104,3.369559526443481,22200.0,-4.93385124206543,-0.8104372620582581,3.159149169921875
338,22300.0,-31.43000030517578,-116.59200286865234,-77.9280014038086,22300.0,-1.01617431640625,0.1010981947183609,-0.9828822016716005,22300.0,1001.9299926757812,22300.0,4.193346977233887,4.141974449157715,-2.369792461395264,22300.0,-8.433882713317871,-3.6994707584381104,3.369559526443481,22300.0,-4.93385124206543,-0.8104372620582581,3.159149169921875
339,22400.0,-30.29599952697754,-115.04299926757812,-76.85600280761719,22400.0,-0.4431827366352081,-0.16798794269561768,-0.39675697684288025,22400.0,1001.9199829101564,22400.0,-2.059391021728516,1.9534108638763428,0.4992808103561402,22400.0,-7.706239700317383,-5.5659260749816895,2.409296751022339,22400.0,-3.512892484664917,-1.423951506614685,0.03950432687997818
340,22000.0,-38.80699920654297,-118.34700012207031,-73.44000244140625,22000.0,-0.3268128931522369,-1.3781119585037231,-0.14874568581581116,22000.0,1001.8599853515624,22000.0,3.5000314712524414,2.889033555984497,-0.21041035652160645,22000.0,-9.080145835876463,-3.4425737857818604,1.3674942255020142,22000.0,-3.8277299404144287,-5.956175327301025,0.4698620736598969
341,22100.0,-39.180999755859375,-116.22699737548828,-71.54299926757812,22100.0,-0.3268128931522369,-1.3781119585037231,-0.14874568581581116,22100.0,1001.8599853515624,22100.0,3.5000314712524414,2.889033555984497,-0.21041035652160645,22100.0,-9.080145835876463,-3.4425737857818604,1.3674942255020142,22100.0,-3.8277299404144287,-5.956175327301025,0.4698620736598969
342,22200.0,-38.30799865722656,-115.30699920654295,-73.48600006103516,22200.0,-1.01617431640625,0.1010981947183609,-0.9828822016716005,22200.0,1001.9299926757812,22200.0,4.193346977233887,4.141974449157715,-2.369792461395264,22200.0,-8.433882713317871,-3.6994707584381104,3.369559526443481,22200.0,-4.93385124206543,-0.8104372620582581,3.159149169921875
343,22300.0,-31.43000030517578,-116.59200286865234,-77.9280014038086,22300.0,-1.01617431640625,0.1010981947183609,-0.9828822016716005,22300.0,1001.9299926757812,22300.0,4.193346977233887,4.141974449157715,-2.369792461395264,22300.0,-8.433882713317871,-3.6994707584381104,3.369559526443481,22300.0,-4.93385124206543,-0.8104372620582581,3.159149169921875
344,22400.0,-30.29599952697754,-115.04299926757812,-76.85600280761719,22400.0,-0.4431827366352081,-0.16798794269561768,-0.39675697684288025,22400.0,1001.9199829101564,22400.0,-2.059391021728516,1.9534108638763428,0.4992808103561402,22400.0,-7.706239700317383,-5.5659260749816895,2.409296751022339,22400.0,-3.512892484664917,-1.423951506614685,0.03950432687997818
345,22500.0,-28.64900016784668,-113.54900360107422,-76.78900146484375,22500.0,-0.4431827366352081,-0.16798794269561768,-0.39675697684288025,22500.0,1001.9199829101564,22500.0,-2.059391021728516,1.9534108638763428,0.4992808103561402,22500.0,-7.706239700317383,-5.5659260749816895,2.409296751022339,22500.0,-3.512892484664917,-1.423951506614685,0.03950432687997818
346,22600.0,-26.256999969482425,-111.35800170898438,-76.99199676513672,22600.0,0.2321287989616394,-0.2922990322113037,-0.009162978269159794,22600.0,1001.9199829101564,22600.0,1.4416885375976565,0.4222946166992188,-1.780205488204956,22600.0,-8.215325355529785,-5.354374408721924,0.09747399389743804,22600.0,-10.2747163772583,-3.400963544845581,0.596754789352417
347,22700.0,-23.22599983215332,-110.53399658203124,-76.6259994506836,22700.0,0.4877758920192719,0.5836817622184753,-0.4499022662639618,22700.0,1001.8900146484376,22700.0,1.4416885375976565,0.4222946166992188,-1.780205488204956,22700.0,-8.536905288696289,-4.765974998474121,0.7596771121025085,22700.0,-7.095216751098633,-4.3436803817749015,-1.0205284357070925
348,22800.0,-21.341999053955078,-110.84100341796876,-76.6259994506836,22800.0,0.4877758920192719,0.5836817622184753,-0.4499022662639618,22800.0,1001.8900146484376,22800.0,-3.1819610595703125,0.6233987808227539,-0.8682023286819458,22800.0,-8.536905288696289,-4.765974998474121,0.7596771121025085,22800.0,-7.095216751098633,-4.3436803817749015,-1.0205284357070925
349,22900.0,-19.700000762939453,-111.2480010986328,-76.6259994506836,22900.0,2.021658420562744,0.38667771220207214,0.6869179606437683,22900.0,1001.969970703125,22900.0,0.8115310668945312,-2.52779221534729,2.17771577835083,22900.0,-8.211445808410645,-5.339377403259277,-0.4833244979381561,22900.0,-11.393406867980955,-4.715978622436523,-1.3515268564224243
350,22500.0,-28.64900016784668,-113.54900360107422,-76.78900146484375,22500.0,-0.4431827366352081,-0.16798794269561768,-0.39675697684288025,22500.0,1001.9199829101564,22500.0,-2.059391021728516,1.9534108638763428,0.4992808103561402,22500.0,-7.706239700317383,-5.5659260749816895,2.409296751022339,22500.0,-3.512892484664917,-1.423951506614685,0.03950432687997818
351,22600.0,-26.256999969482425,-111.35800170898438,-76.99199676513672,22600.0,0.2321287989616394,-0.2922990322113037,-0.009162978269159794,22600.0,1001.9199829101564,22600.0,1.4416885375976565,0.4222946166992188,-1.780205488204956,22600.0,-8.215325355529785,-5.354374408721924,0.09747399389743804,22600.0,-10.2747163772583,-3.400963544845581,0.596754789352417
352,22700.0,-23.22599983215332,-110.53399658203124,-76.6259994506836,22700.0,0.4877758920192719,0.5836817622184753,-0.4499022662639618,22700.0,1001.8900146484376,22700.0,1.4416885375976565,0.4222946166992188,-1.780205488204956,22700.0,-8.536905288696289,-4.765974998474121,0.7596771121025085,22700.0,-7.095216751098633,-4.3436803817749015,-1.0205284357070925
353,22800.0,-21.341999053955078,-110.84100341796876,-76.6259994506836,22800.0,0.4877758920192719,0.5836817622184753,-0.4499022662639618,22800.0,1001.8900146484376,22800.0,-3.1819610595703125,0.6233987808227539,-0.8682023286819458,22800.0,-8.536905288696289,-4.765974998474121,0.7596771121025085,22800.0,-7.095216751098633,-4.3436803817749015,-1.0205284357070925
354,22900.0,-19.700000762939453,-111.2480010986328,-76.6259994506836,22900.0,2.021658420562744,0.38667771220207214,0.6869179606437683,22900.0,1001.969970703125,22900.0,0.8115310668945312,-2.52779221534729,2.17771577835083,22900.0,-8.211445808410645,-5.339377403259277,-0.4833244979381561,22900.0,-11.393406867980955,-4.715978622436523,-1.3515268564224243
355,23000.0,-22.67900085449219,-115.10299682617188,-77.50499725341797,23000.0,2.021658420562744,0.38667771220207214,0.6869179606437683,23000.0,1001.969970703125,23000.0,0.8115310668945312,-2.52779221534729,2.17771577835083,23000.0,-8.211445808410645,-5.339377403259277,-0.4833244979381561,23000.0,-11.393406867980955,-4.715978622436523,-1.3515268564224243
356,23100.0,-21.982999801635746,-130.42399597167972,-81.70099639892578,23100.0,0.2974913716316223,-1.587027907371521,1.056185960769653,23100.0,1001.7899780273438,23100.0,3.452678680419922,-2.47024154663086,-1.196373462677002,23100.0,-9.135571479797363,-3.357155561447144,1.200502872467041,23100.0,-8.324040412902832,-5.884947776794434,3.378218650817871
357,23200.0,-26.2189998626709,-133.64199829101565,-80.37699890136719,23200.0,0.2974913716316223,-1.587027907371521,1.056185960769653,23200.0,1001.7899780273438,23200.0,3.452678680419922,-2.47024154663086,-1.196373462677002,23200.0,-9.135571479797363,-3.357155561447144,1.200502872467041,23200.0,-8.324040412902832,-5.884947776794434,3.378218650817871
358,23300.0,-30.80400085449219,-134.76199340820312,-79.30999755859375,23300.0,-0.04276056587696075,-1.5241087675094604,-0.05375614017248154,23300.0,1001.739990234375,23300.0,2.7563319206237797,2.95835542678833,-2.79768705368042,23300.0,-8.706155776977539,-3.2315497398376465,3.1512391567230225,23300.0,-5.253477096557617,-5.701791286468506,1.9548656940460205
359,23400.0,-32.285999298095696,-134.76199340820312,-77.64700317382812,23400.0,-0.04276056587696075,-1.5241087675094604,-0.05375614017248154,23400.0,1001.739990234375,23400.0,2.7563319206237797,2.95835542678833,-2.79768705368042,23400.0,-8.706155776977539,-3.2315497398376465,3.1512391567230225,23400.0,-5.253477096557617,-5.701791286468506,1.9548656940460205
360,23000.0,-22.67900085449219,-115.10299682617188,-77.50499725341797,23000.0,2.021658420562744,0.38667771220207214,0.6869179606437683,23000.0,1001.969970703125,23000.0,0.8115310668945312,-2.52779221534729,2.17771577835083,23000.0,-8.211445808410645,-5.339377403259277,-0.4833244979381561,23000.0,-11.393406867980955,-4.715978622436523,-1.3515268564224243
361,23100.0,-21.982999801635746,-130.42399597167972,-81.70099639892578,23100.0,0.2974913716316223,-1.587027907371521,1.056185960769653,23100.0,1001.7899780273438,23100.0,3.452678680419922,-2.47024154663086,-1.196373462677002,23100.0,-9.135571479797363,-3.357155561447144,1.200502872467041,23100.0,-8.324040412902832,-5.884947776794434,3.378218650817871
362,23200.0,-26.2189998626709,-133.64199829101565,-80.37699890136719,23200.0,0.2974913716316223,-1.587027907371521,1.056185960769653,23200.0,1001.7899780273438,23200.0,3.452678680419922,-2.47024154663086,-1.196373462677002,23200.0,-9.135571479797363,-3.357155561447144,1.200502872467041,23200.0,-8.324040412902832,-5.884947776794434,3.378218650817871
363,23300.0,-30.80400085449219,-134.76199340820312,-79.30999755859375,23300.0,-0.04276056587696075,-1.5241087675094604,-0.05375614017248154,23300.0,1001.739990234375,23300.0,2.7563319206237797,2.95835542678833,-2.79768705368042,23300.0,-8.706155776977539,-3.2315497398376465,3.1512391567230225,23300.0,-5.253477096557617,-5.701791286468506,1.9548656940460205
364,23400.0,-32.285999298095696,-134.76199340820312,-77.64700317382812,23400.0,-0.04276056587696075,-1.5241087675094604,-0.05375614017248154,23400.0,1001.739990234375,23400.0,2.7563319206237797,2.95835542678833,-2.79768705368042,23400.0,-8.706155776977539,-3.2315497398376465,3.1512391567230225,23400.0,-5.253477096557617,-5.701791286468506,1.9548656940460205
365,23500.0,-25.77199935913086,-134.09700012207028,-81.1520004272461,23500.0,0.4990769028663635,0.020463986322283745,-0.5204572081565857,23500.0,1001.8699951171876,23500.0,0.9258623123168944,4.0105857849121085,-1.8926553726196291,23500.0,-7.516603469848633,-3.2187247276306152,5.4139509201049805,23500.0,-4.7602715492248535,-0.2603694200515747,2.6162638664245605
366,23600.0,-17.14900016784668,-134.49699401855472,-84.14700317382812,23600.0,-0.14233160018920898,1.9724838733673096,-0.8069530129432678,23600.0,1001.8699951171876,23600.0,0.9258623123168944,4.0105857849121085,-1.8926553726196291,23600.0,-7.516603469848633,-3.2187247276306152,5.4139509201049805,23600.0,-4.7602715492248535,-0.2603694200515747,2.6162638664245605
367,23700.0,-6.3979997634887695,-134.12300109863278,-85.41400146484375,23700.0,-0.14233160018920898,1.9724838733673096,-0.8069530129432678,23700.0,1001.8599853515624,23700.0,-6.345175266265869,1.3626561164855957,0.5668787956237793,23700.0,-8.270075798034668,-5.167583465576172,1.0355311632156372,23700.0,-7.3442134857177725,-1.1569979190826416,-0.8571242094039917
368,23800.0,1.246000051498413,-133.76100158691406,-85.48500061035156,23800.0,1.2724323272705078,1.649030685424805,0.7299839854240417,23800.0,1001.8599853515624,23800.0,2.9094295501708984,-0.9929430484771729,0.3197270631790161,23800.0,-7.740511417388916,-5.351396083831787,-2.759967565536499,23800.0,-14.085686683654785,-3.988739967346192,-2.19308876991272
369,23900.0,5.894999980926514,-133.35099792480472,-85.37999725341797,23900.0,1.2724323272705078,1.649030685424805,0.7299839854240417,23900.0,1001.8599853515624,23900.0,2.9094295501708984,-0.9929430484771729,0.3197270631790161,23900.0,-7.740511417388916,-5.351396083831787,-2.759967565536499,23900.0,-14.085686683654785,-3.988739967346192,-2.19308876991272
370,23500.0,-25.77199935913086,-134.09700012207028,-81.1520004272461,23500.0,0.4990769028663635,0.020463986322283745,-0.5204572081565857,23500.0,1001.8699951171876,23500.0,0.9258623123168944,4.0105857849121085,-1.8926553726196291,23500.0,-7.516603469848633,-3.2187247276306152,5.4139509201049805,23500.0,-4.7602715492248535,-0.2603694200515747,2.6162638664245605
371,23600.0,-17.14900016784668,-134.49699401855472,-84.14700317382812,23600.0,-0.14233160018920898,1.9724838733673096,-0.8069530129432678,23600.0,1001.8699951171876,23600.0,0.9258623123168944,4.0105857849121085,-1.8926553726196291,23600.0,-7.516603469848633,-3.2187247276306152,5.4139509201049805,23600.0,-4.7602715492248535,-0.2603694200515747,2.6162638664245605
372,23700.0,-6.3979997634887695,-134.12300109863278,-85.41400146484375,23700.0,-0.14233160018920898,1.9724838733673096,-0.8069530129432678,23700.0,1001.8599853515624,23700.0,-6.345175266265869,1.3626561164855957,0.5668787956237793,23700.0,-8.270075798034668,-5.167583465576172,1.0355311632156372,23700.0,-7.3442134857177725,-1.1569979190826416,-0.8571242094039917
373,23800.0,1.246000051498413,-133.76100158691406,-85.48500061035156,23800.0,1.2724323272705078,1.649030685424805,0.7299839854240417,23800.0,1001.8599853515624,23800.0,2.9094295501708984,-0.9929430484771729,0.3197270631790161,23800.0,-7.740511417388916,-5.351396083831787,-2.759967565536499,23800.0,-14.085686683654785,-3.988739967346192,-2.19308876991272
374,23900.0,5.894999980926514,-133.35099792480472,-85.37999725341797,23900.0,1.2724323272705078,1.649030685424805,0.7299839854240417,23900.0,1001.8599853515624,23900.0,2.9094295501708984,-0.9929430484771729,0.3197270631790161,23900.0,-7.740511417388916,-5.351396083831787,-2.759967565536499,23900.0,-14.085686683654785,-3.988739967346192,-2.19308876991272
375,24000.0,10.017000198364258,-141.04400634765625,-85.37999725341797,24000.0,0.8133670687675476,1.0674870014190674,-0.6148358583450317,24000.0,1001.77001953125,24000.0,-1.9185466766357424,-1.0732259750366209,-1.9271453619003296,24000.0,-9.088265419006348,-3.283101320266724,-1.671852469444275,24000.0,-6.178835868835449,-4.2760443687438965,-1.3521254062652588
376,24100.0,13.298999786376953,-144.55099487304688,-85.69100189208984,24100.0,0.8133670687675476,1.0674870014190674,-0.6148358583450317,24100.0,1001.77001953125,24100.0,-1.9185466766357424,-1.0732259750366209,-1.9271453619003296,24100.0,-9.088265419006348,-3.283101320266724,-1.671852469444275,24100.0,-6.178835868835449,-4.2760443687438965,-1.3521254062652588
377,24200.0,17.843000411987305,-148.50900268554688,-85.69100189208984,24200.0,2.0674734115600586,0.4969388842582703,-0.18967366218566886,24200.0,1001.9099731445312,24200.0,-2.3958654403686523,0.5026869773864746,2.2829689979553223,24200.0,-8.079639434814451,-5.4503750801086435,-1.087753176689148,24200.0,-9.998186111450195,-6.523601055145264,-3.014898538589477
378,24300.0,14.802000045776367,-160.32400512695312,-85.69100189208984,24300.0,2.0674734115600586,0.4969388842582703,-0.18967366218566886,24300.0,1001.9099731445312,24300.0,-2.3958654403686523,0.5026869773864746,2.2829689979553223,24300.0,-8.079639434814451,-5.4503750801086435,-1.087753176689148,24300.0,-9.998186111450195,-6.523601055145264,-3.014898538589477
379,24400.0,6.256999969482423,-166.33299255371094,-86.31999969482422,24400.0,1.0891727209091189,-0.8799513578414917,0.3628539443016052,24400.0,1001.8599853515624,24400.0,1.7116312980651855,-6.981948852539063,-4.214837074279785,24400.0,-8.736574172973633,-4.342986583709717,0.9905032515525818,24400.0,-11.132439613342283,-3.8402996063232417,3.273472309112549
380,24000.0,10.017000198364258,-141.04400634765625,-85.37999725341797,24000.0,0.8133670687675476,1.0674870014190674,-0.6148358583450317,24000.0,1001.77001953125,24000.0,-1.9185466766357424,-1.0732259750366209,-1.9271453619003296,24000.0,-9.088265419006348,-3.283101320266724,-1.671852469444275,24000.0,-6.178835868835449,-4.2760443687438965,-1.3521254062652588
381,24100.0,13.298999786376953,-144.55099487304688,-85.69100189208984,24100.0,0.8133670687675476,1.0674870014190674,-0.6148358583450317,24100.0,1001.77001953125,24100.0,-1.9185466766357424,-1.0732259750366209,-1.9271453619003296,24100.0,-9.088265419006348,-3.283101320266724,-1.671852469444275,24100.0,-6.178835868835449,-4.2760443687438965,-1.3521254062652588
382,24200.0,17.843000411987305,-148.50900268554688,-85.69100189208984,24200.0,2.0674734115600586,0.4969388842582703,-0.18967366218566886,24200.0,1001.9099731445312,24200.0,-2.3958654403686523,0.5026869773864746,2.2829689979553223,24200.0,-8.079639434814451,-5.4503750801086435,-1.087753176689148,24200.0,-9.998186111450195,-6.523601055145264,-3.014898538589477
383,24300.0,14.802000045776367,-160.32400512695312,-85.69100189208984,24300.0,2.0674734115600586,0.4969388842582703,-0.18967366218566886,24300.0,1001.9099731445312,24300.0,-2.3958654403686523,0.5026869773864746,2.2829689979553223,24300.0,-8.079639434814451,-5.4503750801086435,-1.087753176689148,24300.0,-9.998186111450195,-6.523601055145264,-3.014898538589477
384,24400.0,6.256999969482423,-166.33299255371094,-86.31999969482422,24400.0,1.0891727209091189,-0.8799513578414917,0.3628539443016052,24400.0,1001.8599853515624,24400.0,1.7116312980651855,-6.981948852539063,-4.214837074279785,24400.0,-8.736574172973633,-4.342986583709717,0.9905032515525818,24400.0,-11.132439613342283,-3.8402996063232417,3.273472309112549
385,24500.0,0.0820000022649765,-162.10000610351562,-94.04900360107422,24500.0,1.0891727209091189,-0.8799513578414917,0.3628539443016052,24500.0,1001.8599853515624,24500.0,1.7116312980651855,-6.981948852539063,-4.214837074279785,24500.0,-8.736574172973633,-4.342986583709717,0.9905032515525818,24500.0,-11.132439613342283,-3.8402996063232417,3.273472309112549
386,24600.0,-18.108999252319336,-146.57699584960938,-97.7519989013672,24600.0,0.2696970105171204,0.08796459436416626,0.9251554012298584,24600.0,1001.77001953125,24600.0,5.78028678894043,-1.52563214302063,0.7848137617111206,24600.0,-8.633268356323242,-4.103803634643556,2.189940929412842,24600.0,-6.9216370582580575,-11.085752487182617,-2.024896144866944
387,24700.0,-30.87400054931641,-136.53999328613278,-84.55000305175781,24700.0,-0.24709498882293696,-0.5555819272994995,-1.4214833974838257,24700.0,1001.8900146484376,24700.0,1.2405829429626465,2.954413890838623,-0.8807190656661987,24700.0,-9.098052024841307,-3.657814741134644,0.12737710773944855,24700.0,-3.3177649974823,-5.183446884155273,0.912190854549408
388,24800.0,-29.274999618530273,-137.96600341796878,-72.4280014038086,24800.0,-0.24709498882293696,-0.5555819272994995,-1.4214833974838257,24800.0,1001.8900146484376,24800.0,1.2405829429626465,2.954413890838623,-0.8807190656661987,24800.0,-9.098052024841307,-3.657814741134644,0.12737710773944855,24800.0,-3.3177649974823,-5.183446884155273,0.912190854549408
389,24900.0,-27.58699989318848,-142.82899475097656,-64.71700286865234,24900.0,-0.7422012686729431,0.2623666226863861,0.01985312066972256,24900.0,1001.8400268554688,24900.0,3.76898717880249,-4.176992893218993,3.18127965927124,24900.0,-6.7203121185302725,-7.125113487243652,0.4904641509056091,24900.0,-5.479729175567627,-4.170699596405028,-0.3902548849582672
390,24500.0,0.0820000022649765,-162.10000610351562,-94.04900360107422,24500.0,1.0891727209091189,-0.8799513578414917,0.3628539443016052,24500.0,1001.8599853515624,24500.0,1.7116312980651855,-6.981948852539063,-4.214837074279785,24500.0,-8.736574172973633,-4.342986583709717,0.9905032515525818,24500.0,-11.132439613342283,-3.8402996063232417,3.273472309112549
391,24600.0,-18.108999252319336,-146.57699584960938,-97.7519989013672,24600.0,0.2696970105171204,0.08796459436416626,0.9251554012298584,24600.0,1001.77001953125,24600.0,5.78028678894043,-1.52563214302063,0.7848137617111206,24600.0,-8.633268356323242,-4.103803634643556,2.189940929412842,24600.0,-6.9216370582580575,-11.085752487182617,-2.024896144866944
392,24700.0,-30.87400054931641,-136.53999328613278,-84.55000305175781,24700.0,-0.24709498882293696,-0.5555819272994995,-1.4214833974838257,24700.0,1001.8900146484376,24700.0,1.2405829429626465,2.954413890838623,-0.8807190656661987,24700.0,-9.098052024841307,-3.657814741134644,0.12737710773944855,24700.0,-3.3177649974823,-5.183446884155273,0.912190854549408
393,24800.0,-29.274999618530273,-137.96600341796878,-72.4280014038086,24800.0,-0.24709498882293696,-0.5555819272994995,-1.4214833974838257,24800.0,1001.8900146484376,24800.0,1.2405829429626465,2.954413890838623,-0.8807190656661987,24800.0,-9.098052024841307,-3.657814741134644,0.12737710773944855,24800.0,-3.3177649974823,-5.183446884155273,0.912190854549408
394,24900.0,-27.58699989318848,-142.82899475097656,-64.71700286865234,24900.0,-0.7422012686729431,0.2623666226863861,0.01985312066972256,24900.0,1001.8400268554688,24900.0,3.76898717880249,-4.176992893218993,3.18127965927124,24900.0,-6.7203121185302725,-7.125113487243652,0.4904641509056091,24900.0,-5.479729175567627,-4.170699596405028,-0.3902548849582672
395,25000.0,-26.80299949645996,-144.56700134277344,-58.82699966430664,25000.0,-0.7422012686729431,0.2623666226863861,0.01985312066972256,25000.0,1001.8400268554688,25000.0,3.76898717880249,-4.176992893218993,3.18127965927124,25000.0,-6.7203121185302725,-7.125113487243652,0.4904641509056091,25000.0,-5.479729175567627,-4.170699596405028,-0.3902548849582672
396,25100.0,-19.158000946044922,-152.13600158691406,-58.24700164794922,25100.0,0.4688390791416168,-2.259896039962769,-0.2611449062824249,25100.0,1001.8300170898438,25100.0,-0.8763270378112793,3.277879476547241,-3.016777753829956,25100.0,-6.765929222106934,-7.06917142868042,-0.6476157903671265,25100.0,-2.996942043304444,-11.246164321899414,2.533663988113404
397,25200.0,-16.368000030517578,-154.2519989013672,-57.63299942016602,25200.0,0.4688390791416168,-2.259896039962769,-0.2611449062824249,25200.0,1001.8300170898438,25200.0,-0.8763270378112793,3.277879476547241,-3.016777753829956,25200.0,-6.765929222106934,-7.06917142868042,-0.6476157903671265,25200.0,-2.996942043304444,-11.246164321899414,2.533663988113404
398,25300.0,-14.406999588012695,-164.8070068359375,-54.70500183105469,25300.0,0.6728680729866028,0.5876523852348328,-0.1722639948129654,25300.0,1001.8200073242188,25300.0,-2.5985212326049805,3.632992029190064,-4.1473422050476065,25300.0,-6.123121738433838,-7.195990562438965,2.6259243488311768,25300.0,-6.999448776245117,-3.918111085891724,-0.3908534348011017
399,25400.0,-11.765999794006348,-167.31100463867188,-52.14899826049805,25400.0,0.6728680729866028,0.5876523852348328,-0.1722639948129654,25400.0,1001.8200073242188,25400.0,-2.5985212326049805,3.632992029190064,-4.1473422050476065,25400.0,-6.123121738433838,-7.195990562438965,2.6259243488311768,25400.0,-6.999448776245117,-3.918111085891724,-0.3908534348011017
400,25000.0,-26.80299949645996,-144.56700134277344,-58.82699966430664,25000.0,-0.7422012686729431,0.2623666226863861,0.01985312066972256,25000.0,1001.8400268554688,25000.0,3.76898717880249,-4.176992893218993,3.18127965927124,25000.0,-6.7203121185302725,-7.125113487243652,0.4904641509056091,25000.0,-5.479729175567627,-4.170699596405028,-0.3902548849582672
401,25100.0,-19.158000946044922,-152.13600158691406,-58.24700164794922,25100.0,0.4688390791416168,-2.259896039962769,-0.2611449062824249,25100.0,1001.8300170898438,25100.0,-0.8763270378112793,3.277879476547241,-3.016777753829956,25100.0,-6.765929222106934,-7.06917142868042,-0.6476157903671265,25100.0,-2.996942043304444,-11.246164321899414,2.533663988113404
402,25200.0,-16.368000030517578,-154.2519989013672,-57.63299942016602,25200.0,0.4688390791416168,-2.259896039962769,-0.2611449062824249,25200.0,1001.8300170898438,25200.0,-0.8763270378112793,3.277879476547241,-3.016777753829956,25200.0,-6.765929222106934,-7.06917142868042,-0.6476157903671265,25200.0,-2.996942043304444,-11.246164321899414,2.533663988113404
403,25300.0,-14.406999588012695,-164.8070068359375,-54.70500183105469,25300.0,0.6728680729866028,0.5876523852348328,-0.1722639948129654,25300.0,1001.8200073242188,25300.0,-2.5985212326049805,3.632992029190064,-4.1473422050476065,25300.0,-6.123121738433838,-7.195990562438965,2.6259243488311768,25300.0,-6.999448776245117,-3.918111085891724,-0.3908534348011017
404,25400.0,-11.765999794006348,-167.31100463867188,-52.14899826049805,25400.0,0.6728680729866028,0.5876523852348328,-0.1722639948129654,25400.0,1001.8200073242188,25400.0,-2.5985212326049805,3.632992029190064,-4.1473422050476065,25400.0,-6.123121738433838,-7.195990562438965,2.6259243488311768,25400.0,-6.999448776245117,-3.918111085891724,-0.3908534348011017
405,25500.0,-11.536999702453613,-169.4969940185547,-45.22000122070313,25500.0,1.225090265274048,1.6071864366531372,-0.04886921867728233,25500.0,1001.9000244140624,25500.0,-4.26094388961792,1.7858586311340332,-0.9214273691177368,25500.0,-6.3498077392578125,-6.93160343170166,2.793421030044556,25500.0,-8.948328971862793,-3.2986114025115967,-1.3539210557937622
406,25600.0,-12.734000205993652,-172.80799865722656,-36.34600067138672,25600.0,0.99876469373703,0.6298020482063293,1.056491494178772,25600.0,1001.8699951171876,25600.0,-5.4905290603637695,-1.9746570587158203,-1.851922512054444,25600.0,-7.177354335784912,-6.29354190826416,2.2466180324554443,25600.0,-11.438298225402832,-4.507683277130127,1.3251906633377075
407,25700.0,-22.183000564575195,-171.6009979248047,-27.618999481201172,25700.0,0.99876469373703,0.6298020482063293,1.056491494178772,25700.0,1001.8699951171876,25700.0,-5.4905290603637695,-1.9746570587158203,-1.851922512054444,25700.0,-7.177354335784912,-6.29354190826416,2.2466180324554443,25700.0,-11.438298225402832,-4.507683277130127,1.3251906633377075
408,25800.0,-27.03199958801269,-171.19200134277344,-21.878000259399414,25800.0,0.9572258591651917,-0.3298672437667847,2.054950714111328,25800.0,1001.6400146484376,25800.0,2.918093204498291,3.265831470489502,-1.3171943426132202,25800.0,-8.552660942077638,-4.258048534393311,2.21165132522583,25800.0,-14.043190002441404,-6.232705593109131,0.3597288131713867
409,25900.0,-30.591999053955078,-169.19500732421875,-14.454000473022461,25900.0,0.9572258591651917,-0.3298672437667847,2.054950714111328,25900.0,1001.6400146484376,25900.0,2.918093204498291,3.265831470489502,-1.3171943426132202,25900.0,-8.552660942077638,-4.258048534393311,2.21165132522583,25900.0,-14.043190002441404,-6.232705593109131,0.3597288131713867
410,25500.0,-11.536999702453613,-169.4969940185547,-45.22000122070313,25500.0,1.225090265274048,1.6071864366531372,-0.04886921867728233,25500.0,1001.9000244140624,25500.0,-4.26094388961792,1.7858586311340332,-0.9214273691177368,25500.0,-6.3498077392578125,-6.93160343170166,2.793421030044556,25500.0,-8.948328971862793,-3.2986114025115967,-1.3539210557937622
411,25600.0,-12.734000205993652,-172.80799865722656,-36.34600067138672,25600.0,0.99876469373703,0.6298020482063293,1.056491494178772,25600.0,1001.8699951171876,25600.0,-5.4905290603637695,-1.9746570587158203,-1.851922512054444,25600.0,-7.177354335784912,-6.29354190826416,2.2466180324554443,25600.0,-11.438298225402832,-4.507683277130127,1.3251906633377075
412,25700.0,-22.183000564575195,-171.6009979248047,-27.618999481201172,25700.0,0.99876469373703,0.6298020482063293,1.056491494178772,25700.0,1001.8699951171876,25700.0,-5.4905290603637695,-1.9746570587158203,-1.851922512054444,25700.0,-7.177354335784912,-6.29354190826416,2.2466180324554443,25700.0,-11.438298225402832,-4.507683277130127,1.3251906633377075
413,25800.0,-27.03199958801269,-171.19200134277344,-21.878000259399414,25800.0,0.9572258591651917,-0.3298672437667847,2.054950714111328,25800.0,1001.6400146484376,25800.0,2.918093204498291,3.265831470489502,-1.3171943426132202,25800.0,-8.552660942077638,-4.258048534393311,2.21165132522583,25800.0,-14.043190002441404,-6.232705593109131,0.3597288131713867
414,25900.0,-30.591999053955078,-169.19500732421875,-14.454000473022461,25900.0,0.9572258591651917,-0.3298672437667847,2.054950714111328,25900.0,1001.6400146484376,25900.0,2.918093204498291,3.265831470489502,-1.3171943426132202,25900.0,-8.552660942077638,-4.258048534393311,2.21165132522583,25900.0,-14.043190002441404,-6.232705593109131,0.3597288131713867
415,26000.0,-30.992000579833984,-166.6540069580078,-12.848999977111815,26000.0,-0.1982257664203644,-1.0992519855499268,-0.5549710988998413,26000.0,1001.719970703125,26000.0,1.3261370658874512,2.6654300689697266,-0.01094818115234375,26000.0,-9.274100303649902,-0.2832545638084412,3.1750948429107666,26000.0,-6.356007099151611,2.982576847076416,1.8579005002975464
416,26100.0,-30.541000366210927,-167.73599243164062,-14.15999984741211,26100.0,-0.1982257664203644,-1.0992519855499268,-0.5549710988998413,26100.0,1001.719970703125,26100.0,1.3261370658874512,2.6654300689697266,-0.01094818115234375,26100.0,-9.274100303649902,-0.2832545638084412,3.1750948429107666,26100.0,-6.356007099151611,2.982576847076416,1.8579005002975464
417,26200.0,-30.05900001525879,-169.38400268554688,-14.564000129699707,26200.0,0.9990701079368592,1.2892310619354248,-1.3701707124710083,26200.0,1001.8200073242188,26200.0,-5.035475730895996,-2.0969803333282457,-4.1701927185058585,26200.0,-8.377659797668457,-1.1594771146774292,4.963953018188477,26200.0,-7.051522731781006,1.5059528350830078,4.953004837036133
418,26300.0,-27.020000457763672,-174.49000549316406,-15.092000007629395,26300.0,0.9990701079368592,1.2892310619354248,-1.3701707124710083,26300.0,1001.8200073242188,26300.0,-5.035475730895996,-2.0969803333282457,-4.1701927185058585,26300.0,-8.377659797668457,-1.1594771146774292,4.963953018188477,26300.0,-14.02224063873291,-4.573523998260498,-1.12467622756958
419,26400.0,-21.69099998474121,-176.2310028076172,-15.725000381469727,26400.0,0.3756821155548096,2.7391197681427,-0.9239336848258972,26400.0,1001.7999877929688,26400.0,-4.845675468444824,0.4913222789764404,-0.2351336479187012,26400.0,-8.986764907836914,-2.476543664932251,3.0455167293548584,26400.0,-14.02224063873291,-4.573523998260498,-1.12467622756958
420,26000.0,-30.992000579833984,-166.6540069580078,-12.848999977111815,26000.0,-0.1982257664203644,-1.0992519855499268,-0.5549710988998413,26000.0,1001.719970703125,26000.0,1.3261370658874512,2.6654300689697266,-0.01094818115234375,26000.0,-9.274100303649902,-0.2832545638084412,3.1750948429107666,26000.0,-6.356007099151611,2.982576847076416,1.8579005002975464
421,26100.0,-30.541000366210927,-167.73599243164062,-14.15999984741211,26100.0,-0.1982257664203644,-1.0992519855499268,-0.5549710988998413,26100.0,1001.719970703125,26100.0,1.3261370658874512,2.6654300689697266,-0.01094818115234375,26100.0,-9.274100303649902,-0.2832545638084412,3.1750948429107666,26100.0,-6.356007099151611,2.982576847076416,1.8579005002975464
422,26200.0,-30.05900001525879,-169.38400268554688,-14.564000129699707,26200.0,0.9990701079368592,1.2892310619354248,-1.3701707124710083,26200.0,1001.8200073242188,26200.0,-5.035475730895996,-2.0969803333282457,-4.1701927185058585,26200.0,-8.377659797668457,-1.1594771146774292,4.963953018188477,26200.0,-7.051522731781006,1.5059528350830078,4.953004837036133
423,26300.0,-27.020000457763672,-174.49000549316406,-15.092000007629395,26300.0,0.9990701079368592,1.2892310619354248,-1.3701707124710083,26300.0,1001.8200073242188,26300.0,-5.035475730895996,-2.0969803333282457,-4.1701927185058585,26300.0,-8.377659797668457,-1.1594771146774292,4.963953018188477,26300.0,-14.02224063873291,-4.573523998260498,-1.12467622756958
424,26400.0,-21.69099998474121,-176.2310028076172,-15.725000381469727,26400.0,0.3756821155548096,2.7391197681427,-0.9239336848258972,26400.0,1001.7999877929688,26400.0,-4.845675468444824,0.4913222789764404,-0.2351336479187012,26400.0,-8.986764907836914,-2.476543664932251,3.0455167293548584,26400.0,-14.02224063873291,-4.573523998260498,-1.12467622756958
425,26500.0,-18.770999908447266,-177.26400756835938,-16.232000350952152,26500.0,0.7987062931060791,0.8170322775840759,0.10567969083786012,26500.0,1001.8099975585938,26500.0,1.1420907974243164,-0.4578788280487061,1.7477421760559082,26500.0,-8.92517375946045,-3.8174669742584233,-1.392324924468994,26500.0,-13.770849227905273,-3.3261446952819824,-1.627458572387695
426,26600.0,-17.87700080871582,-177.35699462890625,-17.079999923706055,26600.0,0.7987062931060791,0.8170322775840759,0.10567969083786012,26600.0,1001.8099975585938,26600.0,1.1420907974243164,-0.4578788280487061,1.7477421760559082,26600.0,-8.92517375946045,-3.8174669742584233,-1.392324924468994,26600.0,-13.770849227905273,-3.3261446952819824,-1.627458572387695
427,26700.0,-17.87700080871582,-177.35699462890625,-17.427000045776367,26700.0,0.5528330206871033,0.8463537693023682,-0.5784893631935121,26700.0,1001.8200073242188,26700.0,-3.886052131652832,-0.431368350982666,3.0323429107666016,26700.0,-8.798748016357422,-3.787639379501343,-2.0990912914276123,26700.0,-7.6566572189331055,-4.245518207550049,-0.3513490855693817
428,26800.0,-17.87700080871582,-178.218994140625,-17.427000045776367,26800.0,0.5528330206871033,0.8463537693023682,-0.5784893631935121,26800.0,1001.8200073242188,26800.0,-3.886052131652832,-0.431368350982666,3.0323429107666016,26800.0,-8.798748016357422,-3.787639379501343,-2.0990912914276123,26800.0,-7.6566572189331055,-4.245518207550049,-0.3513490855693817
429,26900.0,-17.091999053955078,-178.61900329589844,-14.04800033569336,26900.0,2.392453670501709,0.432187169790268,0.816726803779602,26900.0,1001.8200073242188,26900.0,0.4414138793945313,0.769566535949707,-0.6951957941055298,26900.0,-8.069394111633299,-4.798166751861572,-2.8342227935791016,26900.0,-11.955446243286133,-5.229535102844238,0.19812019169330605
430,26500.0,-18.770999908447266,-177.26400756835938,-16.232000350952152,26500.0,0.7987062931060791,0.8170322775840759,0.10567969083786012,26500.0,1001.8099975585938,26500.0,1.1420907974243164,-0.4578788280487061,1.7477421760559082,26500.0,-8.92517375946045,-3.8174669742584233,-1.392324924468994,26500.0,-13.770849227905273,-3.3261446952819824,-1.627458572387695
431,26600.0,-17.87700080871582,-177.35699462890625,-17.079999923706055,26600.0,0.7987062931060791,0.8170322775840759,0.10567969083786012,26600.0,1001.8099975585938,26600.0,1.1420907974243164,-0.4578788280487061,1.7477421760559082,26600.0,-8.92517375946045,-3.8174669742584233,-1.392324924468994,26600.0,-13.770849227905273,-3.3261446952819824,-1.627458572387695
432,26700.0,-17.87700080871582,-177.35699462890625,-17.427000045776367,26700.0,0.5528330206871033,0.8463537693023682,-0.5784893631935121,26700.0,1001.8200073242188,26700.0,-3.886052131652832,-0.431368350982666,3.0323429107666016,26700.0,-8.798748016357422,-3.787639379501343,-2.0990912914276123,26700.0,-7.6566572189331055,-4.245518207550049,-0.3513490855693817
433,26800.0,-17.87700080871582,-178.218994140625,-17.427000045776367,26800.0,0.5528330206871033,0.8463537693023682,-0.5784893631935121,26800.0,1001.8200073242188,26800.0,-3.886052131652832,-0.431368350982666,3.0323429107666016,26800.0,-8.798748016357422,-3.787639379501343,-2.0990912914276123,26800.0,-7.6566572189331055,-4.245518207550049,-0.3513490855693817
434,26900.0,-17.091999053955078,-178.61900329589844,-14.04800033569336,26900.0,2.392453670501709,0.432187169790268,0.816726803779602,26900.0,1001.8200073242188,26900.0,0.4414138793945313,0.769566535949707,-0.6951957941055298,26900.0,-8.069394111633299,-4.798166751861572,-2.8342227935791016,26900.0,-11.955446243286133,-5.229535102844238,0.19812019169330605
435,27000.0,-16.750999450683597,-178.95899963378906,-3.9149999618530273,27000.0,2.392453670501709,0.432187169790268,0.816726803779602,27000.0,1001.8200073242188,27000.0,0.4414138793945313,0.769566535949707,-0.6951957941055298,27000.0,-8.069394111633299,-4.798166751861572,-2.8342227935791016,27000.0,-11.955446243286133,-5.229535102844238,0.19812019169330605
436,27100.0,-19.56999969482422,-175.1479949951172,1.712000012397766,27100.0,0.23457226157188416,-0.9593638777732848,1.0626001358032229,27100.0,1001.8099975585938,27100.0,3.838268280029297,-2.849606275558472,0.8229841589927673,27100.0,-8.654723167419434,-4.377029895782472,-1.451804518699646,27100.0,-8.213309288024902,-3.607463359832764,-2.1470003128051762
437,27200.0,-20.729999542236328,-172.23500061035156,4.639999866485597,27200.0,0.23457226157188416,-0.9593638777732848,1.0626001358032229,27200.0,1001.8099975585938,27200.0,3.838268280029297,-2.849606275558472,0.8229841589927673,27200.0,-8.654723167419434,-4.377029895782472,-1.451804518699646,27200.0,-8.213309288024902,-3.607463359832764,-2.1470003128051762
438,27300.0,-21.746000289916992,-171.36900329589844,5.9079999923706055,27300.0,-0.6957755088806152,-0.9954048991203308,-0.5051855444908142,27300.0,1001.8099975585938,27300.0,4.617358684539795,3.7321836948394775,-0.6633627414703369,27300.0,-9.457459449768066,-2.5774505138397217,0.2891225218772888,27300.0,-5.6191911697387695,-5.427056789398193,1.1121066808700562
439,27400.0,-21.423999786376953,-173.0780029296875,3.713000059127808,27400.0,-1.463938593864441,0.5146539807319641,-1.4422528743743896,27400.0,1001.77001953125,27400.0,3.1413183212280287,-0.4606842994689941,1.6063001155853271,27400.0,-9.050223350524902,-3.413156270980835,1.6168535947799685,27400.0,-4.4328646659851065,0.3190273642539978,0.9534908533096312
440,27000.0,-16.750999450683597,-178.95899963378906,-3.9149999618530273,27000.0,2.392453670501709,0.432187169790268,0.816726803779602,27000.0,1001.8200073242188,27000.0,0.4414138793945313,0.769566535949707,-0.6951957941055298,27000.0,-8.069394111633299,-4.798166751861572,-2.8342227935791016,27000.0,-11.955446243286133,-5.229535102844238,0.19812019169330605
441,27100.0,-19.56999969482422,-175.1479949951172,1.712000012397766,27100.0,0.23457226157188416,-0.9593638777732848,1.0626001358032229,27100.0,1001.8099975585938,27100.0,3.838268280029297,-2.849606275558472,0.8229841589927673,27100.0,-8.654723167419434,-4.377029895782472,-1.451804518699646,27100.0,-8.213309288024902,-3.607463359832764,-2.1470003128051762
442,27200.0,-20.729999542236328,-172.23500061035156,4.639999866485597,27200.0,0.23457226157188416,-0.9593638777732848,1.0626001358032229,27200.0,1001.8099975585938,27200.0,3.838268280029297,-2.849606275558472,0.8229841589927673,27200.0,-8.654723167419434,-4.377029895782472,-1.451804518699646,27200.0,-8.213309288024902,-3.607463359832764,-2.1470003128051762
443,27300.0,-21.746000289916992,-171.36900329589844,5.9079999923706055,27300.0,-0.6957755088806152,-0.9954048991203308,-0.5051855444908142,27300.0,1001.8099975585938,27300.0,4.617358684539795,3.7321836948394775,-0.6633627414703369,27300.0,-9.457459449768066,-2.5774505138397217,0.2891225218772888,27300.0,-5.6191911697387695,-5.427056789398193,1.1121066808700562
444,27400.0,-21.423999786376953,-173.0780029296875,3.713000059127808,27400.0,-1.463938593864441,0.5146539807319641,-1.4422528743743896,27400.0,1001.77001953125,27400.0,3.1413183212280287,-0.4606842994689941,1.6063001155853271,27400.0,-9.050223350524902,-3.413156270980835,1.6168535947799685,27400.0,-4.4328646659851065,0.3190273642539978,0.9534908533096312
445,27500.0,-22.142000198364254,-175.5659942626953,2.6070001125335693,27500.0,-1.463938593864441,0.5146539807319641,-1.4422528743743896,27500.0,1001.77001953125,27500.0,3.1413183212280287,-0.4606842994689941,1.6063001155853271,27500.0,-9.050223350524902,-3.413156270980835,1.6168535947799685,27500.0,-4.4328646659851065,0.3190273642539978,0.9534908533096312
446,27600.0,-22.142000198364254,-178.80799865722656,-1.8980000019073489,27600.0,0.07635815441608429,-0.3203988075256348,-0.23029619455337524,27600.0,1001.72998046875,27600.0,1.3265023231506348,1.3661370277404783,-2.632786512374878,27600.0,-7.421552181243896,-6.126363277435303,-1.8864216804504401,27600.0,-4.280233860015868,-6.587047576904298,-0.2801215946674347
447,27700.0,-21.82099914550781,-178.80799865722656,-2.5390000343322754,27700.0,0.07635815441608429,-0.3203988075256348,-0.23029619455337524,27700.0,1001.72998046875,27700.0,1.3265023231506348,1.3661370277404783,-2.632786512374878,27700.0,-7.421552181243896,-6.126363277435303,-1.8864216804504401,27700.0,-4.280233860015868,-6.587047576904298,-0.2801215946674347
448,27800.0,-21.163000106811523,-179.343994140625,-3.5360000133514404,27800.0,0.5403103232383728,0.11423180252313615,-0.34697145223617554,27800.0,1001.7899780273438,27800.0,-0.9728212356567384,1.258725643157959,-0.7669188976287842,27800.0,-8.673708915710451,-4.542045593261719,0.554020881652832,27800.0,-7.3472065925598145,-3.17590856552124,-2.078765630722046
449,27900.0,-20.82299995422364,-179.343994140625,-2.8929998874664307,27900.0,0.5403103232383728,0.11423180252313615,-0.34697145223617554,27900.0,1001.7899780273438,27900.0,-0.9728212356567384,1.258725643157959,-0.7669188976287842,27900.0,-8.673708915710451,-4.542045593261719,0.554020881652832,27900.0,-7.3472065925598145,-3.17590856552124,-2.078765630722046
450,27500.0,-22.142000198364254,-175.5659942626953,2.6070001125335693,27500.0,-1.463938593864441,0.5146539807319641,-1.4422528743743896,27500.0,1001.77001953125,27500.0,3.1413183212280287,-0.4606842994689941,1.6063001155853271,27500.0,-9.050223350524902,-3.413156270980835,1.6168535947799685,27500.0,-4.4328646659851065,0.3190273642539978,0.9534908533096312
451,27600.0,-22.142000198364254,-178.80799865722656,-1.8980000019073489,27600.0,0.07635815441608429,-0.3203988075256348,-0.23029619455337524,27600.0,1001.72998046875,27600.0,1.3265023231506348,1.3661370277404783,-2.632786512374878,27600.0,-7.421552181243896,-6.126363277435303,-1.8864216804504401,27600.0,-4.280233860015868,-6.587047576904298,-0.2801215946674347
452,27700.0,-21.82099914550781,-178.80799865722656,-2.5390000343322754,27700.0,0.07635815441608429,-0.3203988075256348,-0.23029619455337524,27700.0,1001.72998046875,27700.0,1.3265023231506348,1.3661370277404783,-2.632786512374878,27700.0,-7.421552181243896,-6.126363277435303,-1.8864216804504401,27700.0,-4.280233860015868,-6.587047576904298,-0.2801215946674347
453,27800.0,-21.163000106811523,-179.343994140625,-3.5360000133514404,27800.0,0.5403103232383728,0.11423180252313615,-0.34697145223617554,27800.0,1001.7899780273438,27800.0,-0.9728212356567384,1.258725643157959,-0.7669188976287842,27800.0,-8.673708915710451,-4.542045593261719,0.554020881652832,27800.0,-7.3472065925598145,-3.17590856552124,-2.078765630722046
454,27900.0,-20.82299995422364,-179.343994140625,-2.8929998874664307,27900.0,0.5403103232383728,0.11423180252313615,-0.34697145223617554,27900.0,1001.7899780273438,27900.0,-0.9728212356567384,1.258725643157959,-0.7669188976287842,27900.0,-8.673708915710451,-4.542045593261719,0.554020881652832,27900.0,-7.3472065925598145,-3.17590856552124,-2.078765630722046
455,28000.0,-20.82299995422364,-179.343994140625,-1.5989999771118164,28000.0,0.7211264371871948,0.8387179970741272,0.5170974135398865,28000.0,1001.7899780273438,28000.0,-1.0754070281982422,-5.742560386657715,2.4067859649658203,28000.0,-8.654263496398926,-4.60881233215332,0.18153657019138336,28000.0,-9.627084732055664,-3.3500866889953613,-0.585382342338562
456,28100.0,-20.82299995422364,-178.27999877929688,6.861000061035156,28100.0,0.7211264371871948,0.8387179970741272,0.5170974135398865,28100.0,1001.7899780273438,28100.0,-1.0754070281982422,-5.742560386657715,2.4067859649658203,28100.0,-8.654263496398926,-4.60881233215332,0.18153657019138336,28100.0,-9.627084732055664,-3.3500866889953613,-0.585382342338562
457,28200.0,-21.200000762939453,-167.15499877929688,15.376999855041506,28200.0,-0.7617489695549011,-1.6160440444946291,1.2095131874084473,28200.0,1001.6599731445312,28200.0,0.6599903106689453,-2.019662857055664,-1.5250898599624634,28200.0,-9.070022583007812,-3.6666529178619385,-0.6787709593772888,28200.0,-10.145429611206056,-9.409213066101074,1.7280150651931765
458,28300.0,-21.200000762939453,-164.5260009765625,18.58799934387207,28300.0,0.03878994286060333,-2.3890938758850098,0.3521638214588165,28300.0,1001.6599731445312,28300.0,4.421690940856934,2.906967163085937,-4.515165328979492,28300.0,-9.148632049560547,-2.702301502227783,2.273876428604126,28300.0,-8.488641738891603,-4.721964359283447,0.7487865686416626
459,28400.0,-19.33099937438965,-160.88699340820312,21.492000579833984,28400.0,0.03878994286060333,-2.3890938758850098,0.3521638214588165,28400.0,1001.6599731445312,28400.0,4.421690940856934,2.906967163085937,-4.515165328979492,28400.0,-9.148632049560547,-2.702301502227783,2.273876428604126,28400.0,-8.488641738891603,-4.721964359283447,0.7487865686416626
460,28000.0,-20.82299995422364,-179.343994140625,-1.5989999771118164,28000.0,0.7211264371871948,0.8387179970741272,0.5170974135398865,28000.0,1001.7899780273438,28000.0,-1.0754070281982422,-5.742560386657715,2.4067859649658203,28000.0,-8.654263496398926,-4.60881233215332,0.18153657019138336,28000.0,-9.627084732055664,-3.3500866889953613,-0.585382342338562
461,28100.0,-20.82299995422364,-178.27999877929688,6.861000061035156,28100.0,0.7211264371871948,0.8387179970741272,0.5170974135398865,28100.0,1001.7899780273438,28100.0,-1.0754070281982422,-5.742560386657715,2.4067859649658203,28100.0,-8.654263496398926,-4.60881233215332,0.18153657019138336,28100.0,-9.627084732055664,-3.3500866889953613,-0.585382342338562
462,28200.0,-21.200000762939453,-167.15499877929688,15.376999855041506,28200.0,-0.7617489695549011,-1.6160440444946291,1.2095131874084473,28200.0,1001.6599731445312,28200.0,0.6599903106689453,-2.019662857055664,-1.5250898599624634,28200.0,-9.070022583007812,-3.6666529178619385,-0.6787709593772888,28200.0,-10.145429611206056,-9.409213066101074,1.7280150651931765
463,28300.0,-21.200000762939453,-164.5260009765625,18.58799934387207,28300.0,0.03878994286060333,-2.3890938758850098,0.3521638214588165,28300.0,1001.6599731445312,28300.0,4.421690940856934,2.906967163085937,-4.515165328979492,28300.0,-9.148632049560547,-2.702301502227783,2.273876428604126,28300.0,-8.488641738891603,-4.721964359283447,0.7487865686416626
464,28400.0,-19.33099937438965,-160.88699340820312,21.492000579833984,28400.0,0.03878994286060333,-2.3890938758850098,0.3521638214588165,28400.0,1001.6599731445312,28400.0,4.421690940856934,2.906967163085937,-4.515165328979492,28400.0,-9.148632049560547,-2.702301502227783,2.273876428604126,28400.0,-8.488641738891603,-4.721964359283447,0.7487865686416626
465,28500.0,-18.405000686645508,-162.4550018310547,21.492000579833984,28500.0,1.0036516189575195,-0.5015203952789307,0.3949243724346161,28500.0,1001.7100219726564,28500.0,-0.7104425430297852,6.6170406341552725,-3.9299588203430176,28500.0,-7.539540290832519,-1.993579149246216,5.945700645446777,28500.0,-3.117849111557007,0.9133879542350768,1.4305355548858645
466,28600.0,-21.465999603271484,-164.1959991455078,21.25200080871582,28600.0,1.0036516189575195,-0.5015203952789307,0.3949243724346161,28600.0,1001.7100219726564,28600.0,-0.7104425430297852,6.6170406341552725,-3.9299588203430176,28600.0,-7.539540290832519,-1.993579149246216,5.945700645446777,28600.0,-3.117849111557007,0.9133879542350768,1.4305355548858645
467,28700.0,-21.263999938964844,-168.7740020751953,21.25200080871582,28700.0,-0.40164390206336975,2.206750631332397,-0.4807509481906891,28700.0,1001.6699829101564,28700.0,-2.386836051940918,0.7070686817169191,1.4877676963806152,28700.0,-9.34520435333252,-2.6187241077423096,1.4070688486099243,28700.0,-10.055646896362305,3.998316764831543,-2.522890090942384
468,28800.0,-19.93099975585937,-171.60699462890625,19.319000244140625,28800.0,-0.40164390206336975,2.206750631332397,-0.4807509481906891,28800.0,1001.6699829101564,28800.0,-2.386836051940918,0.7070686817169191,1.4877676963806152,28800.0,-9.34520435333252,-2.6187241077423096,1.4070688486099243,28800.0,-10.055646896362305,3.998316764831543,-2.522890090942384
469,28900.0,-20.249000549316406,-174.7259979248047,15.875,28900.0,0.21105393767356875,1.3228286504745483,0.013439035043120384,28900.0,1001.77001953125,28900.0,1.1521530151367188,-2.020589590072632,1.2400671243667605,28900.0,-8.074627876281737,-3.9374454021453857,-3.9328460693359375,28900.0,-10.461463928222656,-3.230376720428467,-2.4450783729553223
470,28500.0,-18.405000686645508,-162.4550018310547,21.492000579833984,28500.0,1.0036516189575195,-0.5015203952789307,0.3949243724346161,28500.0,1001.7100219726564,28500.0,-0.7104425430297852,6.6170406341552725,-3.9299588203430176,28500.0,-7.539540290832519,-1.993579149246216,5.945700645446777,28500.0,-3.117849111557007,0.9133879542350768,1.4305355548858645
471,28600.0,-21.465999603271484,-164.1959991455078,21.25200080871582,28600.0,1.0036516189575195,-0.5015203952789307,0.3949243724346161,28600.0,1001.7100219726564,28600.0,-0.7104425430297852,6.6170406341552725,-3.9299588203430176,28600.0,-7.539540290832519,-1.993579149246216,5.945700645446777,28600.0,-3.117849111557007,0.9133879542350768,1.4305355548858645
472,28700.0,-21.263999938964844,-168.7740020751953,21.25200080871582,28700.0,-0.40164390206336975,2.206750631332397,-0.4807509481906891,28700.0,1001.6699829101564,28700.0,-2.386836051940918,0.7070686817169191,1.4877676963806152,28700.0,-9.34520435333252,-2.6187241077423096,1.4070688486099243,28700.0,-10.055646896362305,3.998316764831543,-2.522890090942384
473,28800.0,-19.93099975585937,-171.60699462890625,19.319000244140625,28800.0,-0.40164390206336975,2.206750631332397,-0.4807509481906891,28800.0,1001.6699829101564,28800.0,-2.386836051940918,0.7070686817169191,1.4877676963806152,28800.0,-9.34520435333252,-2.6187241077423096,1.4070688486099243,28800.0,-10.055646896362305,3.998316764831543,-2.522890090942384
474,28900.0,-20.249000549316406,-174.7259979248047,15.875,28900.0,0.21105393767356875,1.3228286504745483,0.013439035043120384,28900.0,1001.77001953125,28900.0,1.1521530151367188,-2.020589590072632,1.2400671243667605,28900.0,-8.074627876281737,-3.9374454021453857,-3.9328460693359375,28900.0,-10.461463928222656,-3.230376720428467,-2.4450783729553223
475,29000.0,-20.99399948120117,-175.46600341796875,15.753999710083008,29000.0,0.21105393767356875,1.3228286504745483,0.013439035043120384,29000.0,1001.77001953125,29000.0,1.1521530151367188,-2.020589590072632,1.2400671243667605,29000.0,-8.074627876281737,-3.9374454021453857,-3.9328460693359375,29000.0,-10.461463928222656,-3.230376720428467,-2.4450783729553223
476,29100.0,-20.648000717163086,-175.56100463867188,15.442999839782715,29100.0,0.2675589919090271,0.5659666657447815,-0.24587325751781464,29100.0,1001.6500244140624,29100.0,-3.9392013549804688,0.09310293197631836,-0.6908196210861206,29100.0,-8.804021835327148,-3.62852931022644,-2.3437941074371342,29100.0,-7.65186882019043,-5.649118900299072,-1.1037269830703735
477,29200.0,-20.648000717163086,-175.56100463867188,15.534000396728516,29200.0,1.245248794555664,-0.08643743395805359,0.5958990454673767,29200.0,1001.6699829101564,29200.0,0.7973423004150391,-3.083790063858032,-1.9450287818908687,29200.0,-8.914070129394531,-3.902277946472168,-1.217359185218811,29200.0,-12.853271484375,-3.8091750144958496,-1.908178806304932
478,29300.0,-19.577999114990234,-172.84500122070312,18.51099967956543,29300.0,1.245248794555664,-0.08643743395805359,0.5958990454673767,29300.0,1001.6699829101564,29300.0,0.7973423004150391,-3.083790063858032,-1.9450287818908687,29300.0,-8.914070129394531,-3.902277946472168,-1.217359185218811,29300.0,-12.853271484375,-3.8091750144958496,-1.908178806304932
479,29400.0,-19.716999053955078,-164.0760040283203,23.985000610351573,29400.0,0.04978551715612412,-0.6524040699005127,1.3393220901489258,29400.0,1001.510009765625,29400.0,5.725664615631104,-4.041287422180177,1.1359360218048096,29400.0,-9.414073944091797,-2.7341201305389404,0.2648977041244507,29400.0,-8.616731643676758,-5.817910194396973,-1.6801310777664185
480,29000.0,-20.99399948120117,-175.46600341796875,15.753999710083008,29000.0,0.21105393767356875,1.3228286504745483,0.013439035043120384,29000.0,1001.77001953125,29000.0,1.1521530151367188,-2.020589590072632,1.2400671243667605,29000.0,-8.074627876281737,-3.9374454021453857,-3.9328460693359375,29000.0,-10.461463928222656,-3.230376720428467,-2.4450783729553223
481,29100.0,-20.648000717163086,-175.56100463867188,15.442999839782715,29100.0,0.2675589919090271,0.5659666657447815,-0.24587325751781464,29100.0,1001.6500244140624,29100.0,-3.9392013549804688,0.09310293197631836,-0.6908196210861206,29100.0,-8.804021835327148,-3.62852931022644,-2.3437941074371342,29100.0,-7.65186882019043,-5.649118900299072,-1.1037269830703735
482,29200.0,-20.648000717163086,-175.56100463867188,15.534000396728516,29200.0,1.245248794555664,-0.08643743395805359,0.5958990454673767,29200.0,1001.6699829101564,29200.0,0.7973423004150391,-3.083790063858032,-1.9450287818908687,29200.0,-8.914070129394531,-3.902277946472168,-1.217359185218811,29200.0,-12.853271484375,-3.8091750144958496,-1.908178806304932
483,29300.0,-19.577999114990234,-172.84500122070312,18.51099967956543,29300.0,1.245248794555664,-0.08643743395805359,0.5958990454673767,29300.0,1001.6699829101564,29300.0,0.7973423004150391,-3.083790063858032,-1.9450287818908687,29300.0,-8.914070129394531,-3.902277946472168,-1.217359185218811,29300.0,-12.853271484375,-3.8091750144958496,-1.908178806304932
484,29400.0,-19.716999053955078,-164.0760040283203,23.985000610351573,29400.0,0.04978551715612412,-0.6524040699005127,1.3393220901489258,29400.0,1001.510009765625,29400.0,5.725664615631104,-4.041287422180177,1.1359360218048096,29400.0,-9.414073944091797,-2.7341201305389404,0.2648977041244507,29400.0,-8.616731643676758,-5.817910194396973,-1.6801310777664185
485,29500.0,-16.871000289916992,-162.79400634765625,24.18199920654297,29500.0,0.04978551715612412,-0.6524040699005127,1.3393220901489258,29500.0,1001.510009765625,29500.0,5.725664615631104,-4.041287422180177,1.1359360218048096,29500.0,-9.414073944091797,-2.7341201305389404,0.2648977041244507,29500.0,-8.616731643676758,-5.817910194396973,-1.6801310777664185
486,29600.0,-14.616999626159668,-160.49099731445312,24.79199981689453,29600.0,0.08888089656829834,-1.2501357793807983,-1.9346102476119995,29600.0,1001.7100219726564,29600.0,1.739086627960205,4.007645606994629,4.8937764167785645,29600.0,-9.609658241271973,-1.7975720167160034,0.7704470753669739,29600.0,-3.8839936256408687,-5.838859558105469,1.906383156776428
487,29700.0,-16.030000686645508,-162.90199279785156,24.43199920654297,29700.0,0.08888089656829834,-1.2501357793807983,-1.9346102476119995,29700.0,1001.7100219726564,29700.0,1.739086627960205,4.007645606994629,4.8937764167785645,29700.0,-9.609658241271973,-1.7975720167160034,0.7704470753669739,29700.0,-3.8839936256408687,-5.838859558105469,1.906383156776428
488,29800.0,-20.000999450683594,-164.447998046875,24.819000244140625,29800.0,-0.4642575979232788,1.4031574726104736,-0.8946121335029602,29800.0,1001.6799926757812,29800.0,-3.911287784576416,-4.572866439819336,-1.205092191696167,29800.0,-6.6801204681396475,-6.789708137512207,2.3337197303771973,29800.0,-4.941033840179443,-2.782062292098999,7.227496147155763
489,29900.0,-18.5049991607666,-168.70700073242188,24.819000244140625,29900.0,-0.4642575979232788,1.4031574726104736,-0.8946121335029602,29900.0,1001.6799926757812,29900.0,-3.911287784576416,-4.572866439819336,-1.205092191696167,29900.0,-6.6801204681396475,-6.789708137512207,2.3337197303771973,29900.0,-4.941033840179443,-2.782062292098999,7.227496147155763
490,29500.0,-16.871000289916992,-162.79400634765625,24.18199920654297,29500.0,0.04978551715612412,-0.6524040699005127,1.3393220901489258,29500.0,1001.510009765625,29500.0,5.725664615631104,-4.041287422180177,1.1359360218048096,29500.0,-9.414073944091797,-2.7341201305389404,0.2648977041244507,29500.0,-8.616731643676758,-5.817910194396973,-1.6801310777664185
491,29600.0,-14.616999626159668,-160.49099731445312,24.79199981689453,29600.0,0.08888089656829834,-1.2501357793807983,-1.9346102476119995,29600.0,1001.7100219726564,29600.0,1.739086627960205,4.007645606994629,4.8937764167785645,29600.0,-9.609658241271973,-1.7975720167160034,0.7704470753669739,29600.0,-3.8839936256408687,-5.838859558105469,1.906383156776428
492,29700.0,-16.030000686645508,-162.90199279785156,24.43199920654297,29700.0,0.08888089656829834,-1.2501357793807983,-1.9346102476119995,29700.0,1001.7100219726564,29700.0,1.739086627960205,4.007645606994629,4.8937764167785645,29700.0,-9.609658241271973,-1.7975720167160034,0.7704470753669739,29700.0,-3.8839936256408687,-5.838859558105469,1.906383156776428
493,29800.0,-20.000999450683594,-164.447998046875,24.819000244140625,29800.0,-0.4642575979232788,1.4031574726104736,-0.8946121335029602,29800.0,1001.6799926757812,29800.0,-3.911287784576416,-4.572866439819336,-1.205092191696167,29800.0,-6.6801204681396475,-6.789708137512207,2.3337197303771973,29800.0,-4.941033840179443,-2.782062292098999,7.227496147155763
494,29900.0,-18.5049991607666,-168.70700073242188,24.819000244140625,29900.0,-0.4642575979232788,1.4031574726104736,-0.8946121335029602,29900.0,1001.6799926757812,29900.0,-3.911287784576416,-4.572866439819336,-1.205092191696167,29900.0,-6.6801204681396475,-6.789708137512207,2.3337197303771973,29900.0,-4.941033840179443,-2.782062292098999,7.227496147155763
495,30000.0,-19.840999603271484,-170.4219970703125,20.663000106811523,30000.0,-0.8298604488372803,0.16798794269561768,-0.2025018334388733,30000.0,1001.7000122070312,30000.0,-0.270841121673584,1.5981450080871582,3.011263132095337,30000.0,-7.5832743644714355,-5.72818660736084,-2.419130563735962,30000.0,-11.494562149047852,-10.301053047180176,-3.624222755432129
496,30100.0,-19.840999603271484,-173.2220001220703,18.90399932861328,30100.0,0.1258382350206375,-0.2394591718912125,-0.6582072973251343,30100.0,1001.77001953125,30100.0,-3.52553653717041,3.0526456832885738,2.4179723262786865,30100.0,-7.401976585388184,-5.477350234985352,-3.373386144638061,30100.0,-7.672817707061768,-3.879205226898194,-0.3621230125427246
497,30200.0,-20.239999771118164,-173.56399536132812,18.51799964904785,30200.0,0.1258382350206375,-0.2394591718912125,-0.6582072973251343,30200.0,1001.77001953125,30200.0,-3.52553653717041,3.0526456832885738,2.4179723262786865,30200.0,-7.401976585388184,-5.477350234985352,-3.373386144638061,30200.0,-7.672817707061768,-3.879205226898194,-0.3621230125427246
498,30300.0,-20.562000274658203,-173.56399536132812,18.86899948120117,30300.0,0.8552113175392151,0.15424346923828125,0.5109887719154358,30300.0,1001.8499755859376,30300.0,-2.8153247833251966,-3.702742099761963,5.193287372589111,30300.0,-7.001170158386231,-6.302774429321289,-2.725627183914185,30300.0,-10.52670669555664,-3.250128746032715,-0.3076549172401428
499,30400.0,-20.90699958801269,-173.56399536132812,18.559999465942386,30400.0,0.8552113175392151,0.15424346923828125,0.5109887719154358,30400.0,1001.8499755859376,30400.0,-2.8153247833251966,-3.702742099761963,5.193287372589111,30400.0,-7.001170158386231,-6.302774429321289,-2.725627183914185,30400.0,-10.52670669555664,-3.250128746032715,-0.3076549172401428
500,30000.0,-19.840999603271484,-170.4219970703125,20.663000106811523,30000.0,-0.8298604488372803,0.16798794269561768,-0.2025018334388733,30000.0,1001.7000122070312,30000.0,-0.270841121673584,1.5981450080871582,3.011263132095337,30000.0,-7.5832743644714355,-5.72818660736084,-2.419130563735962,30000.0,-11.494562149047852,-10.301053047180176,-3.624222755432129
501,30100.0,-19.840999603271484,-173.2220001220703,18.90399932861328,30100.0,0.1258382350206375,-0.2394591718912125,-0.6582072973251343,30100.0,1001.77001953125,30100.0,-3.52553653717041,3.0526456832885738,2.4179723262786865,30100.0,-7.401976585388184,-5.477350234985352,-3.373386144638061,30100.0,-7.672817707061768,-3.879205226898194,-0.3621230125427246
502,30200.0,-20.239999771118164,-173.56399536132812,18.51799964904785,30200.0,0.1258382350206375,-0.2394591718912125,-0.6582072973251343,30200.0,1001.77001953125,30200.0,-3.52553653717041,3.0526456832885738,2.4179723262786865,30200.0,-7.401976585388184,-5.477350234985352,-3.373386144638061,30200.0,-7.672817707061768,-3.879205226898194,-0.3621230125427246
503,30300.0,-20.562000274658203,-173.56399536132812,18.86899948120117,30300.0,0.8552113175392151,0.15424346923828125,0.5109887719154358,30300.0,1001.8499755859376,30300.0,-2.8153247833251966,-3.702742099761963,5.193287372589111,30300.0,-7.001170158386231,-6.302774429321289,-2.725627183914185,30300.0,-10.52670669555664,-3.250128746032715,-0.3076549172401428
504,30400.0,-20.90699958801269,-173.56399536132812,18.559999465942386,30400.0,0.8552113175392151,0.15424346923828125,0.5109887719154358,30400.0,1001.8499755859376,30400.0,-2.8153247833251966,-3.702742099761963,5.193287372589111,30400.0,-7.001170158386231,-6.302774429321289,-2.725627183914185,30400.0,-10.52670669555664,-3.250128746032715,-0.3076549172401428
505,30500.0,-18.292999267578125,-162.6750030517578,24.341999053955078,30500.0,0.5580254197120667,-1.3930782079696655,1.4471397399902344,30500.0,1001.5800170898438,30500.0,-0.5657148361206055,0.2892220020294189,-0.15171802043914795,30500.0,-7.721556663513184,-5.845334529876709,-1.5427285432815552,30500.0,-10.53688144683838,-9.548076629638672,3.6505589485168457
506,30600.0,-17.11400032043457,-155.6820068359375,26.04599952697754,30600.0,0.5580254197120667,-1.3930782079696655,1.4471397399902344,30600.0,1001.5800170898438,30600.0,-0.5657148361206055,0.2892220020294189,-0.15171802043914795,30600.0,-7.721556663513184,-5.845334529876709,-1.5427285432815552,30600.0,-10.53688144683838,-9.548076629638672,3.6505589485168457
507,30700.0,-12.678000450134276,-151.35400390625,25.61100006103516,30700.0,0.03176499158143997,-1.3100005388259888,0.28557950258255005,30700.0,1001.6400146484376,30700.0,6.136855602264402,2.71170973777771,-1.9313220977783203,30700.0,-9.078727722167967,-3.4980509281158447,1.229108810424805,30700.0,-9.644442558288574,-3.2088289260864262,1.0773907899856567
508,30800.0,-11.779000282287598,-150.63299560546875,25.71199989318848,30800.0,0.03176499158143997,-1.3100005388259888,0.28557950258255005,30800.0,1001.6400146484376,30800.0,6.136855602264402,2.71170973777771,-1.9313220977783203,30800.0,-9.078727722167967,-3.4980509281158447,1.229108810424805,30800.0,-9.644442558288574,-3.2088289260864262,1.0773907899856567
509,30900.0,-17.398000717163086,-152.4199981689453,26.14800071716309,30900.0,-0.07452555745840073,-0.03023782931268215,-0.19486601650714874,30900.0,1001.7000122070312,30900.0,5.131653308868408,3.0186984539031982,-3.249504804611206,30900.0,-8.738754272460938,-2.8936691284179688,3.381011247634888,30900.0,-2.601898670196533,-0.18195933103561399,1.4496891498565674
510,30500.0,-18.292999267578125,-162.6750030517578,24.341999053955078,30500.0,0.5580254197120667,-1.3930782079696655,1.4471397399902344,30500.0,1001.5800170898438,30500.0,-0.5657148361206055,0.2892220020294189,-0.15171802043914795,30500.0,-7.721556663513184,-5.845334529876709,-1.5427285432815552,30500.0,-10.53688144683838,-9.548076629638672,3.6505589485168457
511,30600.0,-17.11400032043457,-155.6820068359375,26.04599952697754,30600.0,0.5580254197120667,-1.3930782079696655,1.4471397399902344,30600.0,1001.5800170898438,30600.0,-0.5657148361206055,0.2892220020294189,-0.15171802043914795,30600.0,-7.721556663513184,-5.845334529876709,-1.5427285432815552,30600.0,-10.53688144683838,-9.548076629638672,3.6505589485168457
512,30700.0,-12.678000450134276,-151.35400390625,25.61100006103516,30700.0,0.03176499158143997,-1.3100005388259888,0.28557950258255005,30700.0,1001.6400146484376,30700.0,6.136855602264402,2.71170973777771,-1.9313220977783203,30700.0,-9.078727722167967,-3.4980509281158447,1.229108810424805,30700.0,-9.644442558288574,-3.2088289260864262,1.0773907899856567
513,30800.0,-11.779000282287598,-150.63299560546875,25.71199989318848,30800.0,0.03176499158143997,-1.3100005388259888,0.28557950258255005,30800.0,1001.6400146484376,30800.0,6.136855602264402,2.71170973777771,-1.9313220977783203,30800.0,-9.078727722167967,-3.4980509281158447,1.229108810424805,30800.0,-9.644442558288574,-3.2088289260864262,1.0773907899856567
514,30900.0,-17.398000717163086,-152.4199981689453,26.14800071716309,30900.0,-0.07452555745840073,-0.03023782931268215,-0.19486601650714874,30900.0,1001.7000122070312,30900.0,5.131653308868408,3.0186984539031982,-3.249504804611206,30900.0,-8.738754272460938,-2.8936691284179688,3.381011247634888,30900.0,-2.601898670196533,-0.18195933103561399,1.4496891498565674
515,31000.0,-19.30599975585937,-154.07400512695312,26.51000022888184,31000.0,0.2165517359972,1.5222761631011963,-0.2974913716316223,31000.0,1001.739990234375,31000.0,-1.3900642395019531,2.76808762550354,-0.3343846797943115,31000.0,-8.643348693847656,-3.1012983322143555,3.4416394233703613,31000.0,-3.511695384979248,-0.08259996026754379,0.19213469326496124
516,31100.0,-21.089000701904297,-155.38299560546875,26.51000022888184,31100.0,0.2165517359972,1.5222761631011963,-0.2974913716316223,31100.0,1001.739990234375,31100.0,-1.3900642395019531,2.76808762550354,-0.3343846797943115,31100.0,-8.643348693847656,-3.1012983322143555,3.4416394233703613,31100.0,-3.511695384979248,-0.08259996026754379,0.19213469326496124
517,31200.0,-22.07999992370605,-155.81900024414062,26.1560001373291,31200.0,0.07177666574716568,1.1264355182647705,-0.16554448008537292,31200.0,1001.719970703125,31200.0,1.3558335304260254,-1.1979780197143557,0.5791147947311401,31200.0,-8.53031063079834,-4.424875259399414,-1.9556691646575928,31200.0,-9.920374870300293,-1.656787633895874,-2.2900538444519043
518,31300.0,-21.722999572753906,-157.56199645996094,25.743999481201172,31300.0,0.07177666574716568,1.1264355182647705,-0.16554448008537292,31300.0,1001.719970703125,31300.0,1.3558335304260254,-1.1979780197143557,0.5791147947311401,31300.0,-8.53031063079834,-4.424875259399414,-1.9556691646575928,31300.0,-9.920374870300293,-1.656787633895874,-2.2900538444519043
519,31400.0,-23.27700042724609,-156.82200622558594,24.56800079345703,31400.0,0.15027284622192386,0.7220427393913269,-0.27091872692108154,31400.0,1001.719970703125,31400.0,-3.52335262298584,1.113219976425171,1.581505537033081,31400.0,-8.621038436889647,-4.408045291900635,-1.554751992225647,31400.0,-7.265204906463622,-5.60602331161499,-0.9756371974945068
520,31000.0,-19.30599975585937,-154.07400512695312,26.51000022888184,31000.0,0.2165517359972,1.5222761631011963,-0.2974913716316223,31000.0,1001.739990234375,31000.0,-1.3900642395019531,2.76808762550354,-0.3343846797943115,31000.0,-8.643348693847656,-3.1012983322143555,3.4416394233703613,31000.0,-3.511695384979248,-0.08259996026754379,0.19213469326496124
521,31100.0,-21.089000701904297,-155.38299560546875,26.51000022888184,31100.0,0.2165517359972,1.5222761631011963,-0.2974913716316223,31100.0,1001.739990234375,31100.0,-1.3900642395019531,2.76808762550354,-0.3343846797943115,31100.0,-8.643348693847656,-3.1012983322143555,3.4416394233703613,31100.0,-3.511695384979248,-0.08259996026754379,0.19213469326496124
522,31200.0,-22.07999992370605,-155.81900024414062,26.1560001373291,31200.0,0.07177666574716568,1.1264355182647705,-0.16554448008537292,31200.0,1001.719970703125,31200.0,1.3558335304260254,-1.1979780197143557,0.5791147947311401,31200.0,-8.53031063079834,-4.424875259399414,-1.9556691646575928,31200.0,-9.920374870300293,-1.656787633895874,-2.2900538444519043
523,31300.0,-21.722999572753906,-157.56199645996094,25.743999481201172,31300.0,0.07177666574716568,1.1264355182647705,-0.16554448008537292,31300.0,1001.719970703125,31300.0,1.3558335304260254,-1.1979780197143557,0.5791147947311401,31300.0,-8.53031063079834,-4.424875259399414,-1.9556691646575928,31300.0,-9.920374870300293,-1.656787633895874,-2.2900538444519043
524,31400.0,-23.27700042724609,-156.82200622558594,24.56800079345703,31400.0,0.15027284622192386,0.7220427393913269,-0.27091872692108154,31400.0,1001.719970703125,31400.0,-3.52335262298584,1.113219976425171,1.581505537033081,31400.0,-8.621038436889647,-4.408045291900635,-1.554751992225647,31400.0,-7.265204906463622,-5.60602331161499,-0.9756371974945068
525,31500.0,-23.27700042724609,-157.16400146484375,24.18899917602539,31500.0,0.15027284622192386,0.7220427393913269,-0.27091872692108154,31500.0,1001.719970703125,31500.0,-3.52335262298584,1.113219976425171,1.581505537033081,31500.0,-8.621038436889647,-4.408045291900635,-1.554751992225647,31500.0,-7.265204906463622,-5.60602331161499,-0.9756371974945068
526,31600.0,-17.952999114990234,-157.48199462890625,24.18899917602539,31600.0,1.4926491975784302,-0.17470745742321014,0.7107416987419128,31600.0,1001.75,31600.0,-1.469768524169922,-2.54110074043274,-0.6715244054794312,31600.0,-8.75291633605957,-4.342399597167969,-0.8369088172912598,31600.0,-12.27626895904541,-3.2291796207427983,0.7445967197418213
527,31700.0,-12.935999870300293,-150.06500244140625,24.49600028991699,31700.0,1.4926491975784302,-0.17470745742321014,0.7107416987419128,31700.0,1001.75,31700.0,-1.469768524169922,-2.54110074043274,-0.6715244054794312,31700.0,-8.75291633605957,-4.342399597167969,-0.8369088172912598,31700.0,-12.27626895904541,-3.2291796207427983,0.7445967197418213
528,31800.0,-6.938000202178955,-150.802001953125,25.26000022888184,31800.0,0.4996877610683441,-0.7718282341957092,1.560455322265625,31800.0,1001.5900268554688,31800.0,3.819666862487793,-2.0119400024414062,-0.069724440574646,31800.0,-9.371176719665527,-2.510664701461792,1.4310848712921145,31800.0,-10.84094524383545,-5.051765441894531,0.7595604658126831
529,31900.0,-0.6629999876022339,-151.6199951171875,25.63999938964844,31900.0,0.16523905098438266,-1.2415835857391355,0.032681290060281754,31900.0,1001.5900268554688,31900.0,2.9934630393981934,5.1219587326049805,0.6426591873168945,31900.0,-9.522056579589844,-1.2872698307037354,1.9605451822280884,31900.0,-5.702389717102051,-3.2992098331451416,1.8908207416534424
530,31500.0,-23.27700042724609,-157.16400146484375,24.18899917602539,31500.0,0.15027284622192386,0.7220427393913269,-0.27091872692108154,31500.0,1001.719970703125,31500.0,-3.52335262298584,1.113219976425171,1.581505537033081,31500.0,-8.621038436889647,-4.408045291900635,-1.554751992225647,31500.0,-7.265204906463622,-5.60602331161499,-0.9756371974945068
531,31600.0,-17.952999114990234,-157.48199462890625,24.18899917602539,31600.0,1.4926491975784302,-0.17470745742321014,0.7107416987419128,31600.0,1001.75,31600.0,-1.469768524169922,-2.54110074043274,-0.6715244054794312,31600.0,-8.75291633605957,-4.342399597167969,-0.8369088172912598,31600.0,-12.27626895904541,-3.2291796207427983,0.7445967197418213
532,31700.0,-12.935999870300293,-150.06500244140625,24.49600028991699,31700.0,1.4926491975784302,-0.17470745742321014,0.7107416987419128,31700.0,1001.75,31700.0,-1.469768524169922,-2.54110074043274,-0.6715244054794312,31700.0,-8.75291633605957,-4.342399597167969,-0.8369088172912598,31700.0,-12.27626895904541,-3.2291796207427983,0.7445967197418213
533,31800.0,-6.938000202178955,-150.802001953125,25.26000022888184,31800.0,0.4996877610683441,-0.7718282341957092,1.560455322265625,31800.0,1001.5900268554688,31800.0,3.819666862487793,-2.0119400024414062,-0.069724440574646,31800.0,-9.371176719665527,-2.510664701461792,1.4310848712921145,31800.0,-10.84094524383545,-5.051765441894531,0.7595604658126831
534,31900.0,-0.6629999876022339,-151.6199951171875,25.63999938964844,31900.0,0.16523905098438266,-1.2415835857391355,0.032681290060281754,31900.0,1001.5900268554688,31900.0,2.9934630393981934,5.1219587326049805,0.6426591873168945,31900.0,-9.522056579589844,-1.2872698307037354,1.9605451822280884,31900.0,-5.702389717102051,-3.2992098331451416,1.8908207416534424
535,32000.0,3.663000106811523,-151.21600341796875,25.33799934387207,32000.0,0.16523905098438266,-1.2415835857391355,0.032681290060281754,32000.0,1001.5900268554688,32000.0,2.9934630393981934,5.1219587326049805,0.6426591873168945,32000.0,-9.522056579589844,-1.2872698307037354,1.9605451822280884,32000.0,-5.702389717102051,-3.2992098331451416,1.8908207416534424
536,32100.0,2.1050000190734863,-154.5970001220703,24.069000244140625,32100.0,0.12400564551353455,-0.08032877743244171,-1.3750576972961426,32100.0,1001.6900024414064,32100.0,-11.981929779052734,-12.644939422607422,3.649969100952149,32100.0,-8.698246955871582,-3.429257869720459,2.9582202434539795,32100.0,-5.704783916473389,1.6927006244659424,3.6008794307708736
537,32200.0,-1.2640000581741333,-160.86199951171875,23.32900047302246,32200.0,0.12400564551353455,-0.08032877743244171,-1.3750576972961426,32200.0,1001.6900024414064,32200.0,-11.981929779052734,-12.644939422607422,3.649969100952149,32200.0,-8.698246955871582,-3.429257869720459,2.9582202434539795,32200.0,-5.704783916473389,1.6927006244659424,3.6008794307708736
538,32300.0,-11.843000411987305,-163.71400451660156,23.0049991607666,32300.0,1.4468343257904053,3.2980613708496094,-0.10873401165008544,32300.0,1001.719970703125,32300.0,1.4218254089355469,0.8511643409729004,-0.4886887073516846,32300.0,-7.627180576324463,-5.246929168701172,3.235156536102295,32300.0,-19.60910987854004,-17.891868591308594,6.8851256370544425
539,32400.0,-23.558000564575195,-162.56100463867188,23.0049991607666,32400.0,1.4468343257904053,3.2980613708496094,-0.10873401165008544,32400.0,1001.719970703125,32400.0,1.4218254089355469,0.8511643409729004,-0.4886887073516846,32400.0,-7.627180576324463,-5.246929168701172,3.235156536102295,32400.0,-19.60910987854004,-17.891868591308594,6.8851256370544425
540,32000.0,3.663000106811523,-151.21600341796875,25.33799934387207,32000.0,0.16523905098438266,-1.2415835857391355,0.032681290060281754,32000.0,1001.5900268554688,32000.0,2.9934630393981934,5.1219587326049805,0.6426591873168945,32000.0,-9.522056579589844,-1.2872698307037354,1.9605451822280884,32000.0,-5.702389717102051,-3.2992098331451416,1.8908207416534424
541,32100.0,2.1050000190734863,-154.5970001220703,24.069000244140625,32100.0,0.12400564551353455,-0.08032877743244171,-1.3750576972961426,32100.0,1001.6900024414064,32100.0,-11.981929779052734,-12.644939422607422,3.649969100952149,32100.0,-8.698246955871582,-3.429257869720459,2.9582202434539795,32100.0,-5.704783916473389,1.6927006244659424,3.6008794307708736
542,32200.0,-1.2640000581741333,-160.86199951171875,23.32900047302246,32200.0,0.12400564551353455,-0.08032877743244171,-1.3750576972961426,32200.0,1001.6900024414064,32200.0,-11.981929779052734,-12.644939422607422,3.649969100952149,32200.0,-8.698246955871582,-3.429257869720459,2.9582202434539795,32200.0,-5.704783916473389,1.6927006244659424,3.6008794307708736
543,32300.0,-11.843000411987305,-163.71400451660156,23.0049991607666,32300.0,1.4468343257904053,3.2980613708496094,-0.10873401165008544,32300.0,1001.719970703125,32300.0,1.4218254089355469,0.8511643409729004,-0.4886887073516846,32300.0,-7.627180576324463,-5.246929168701172,3.235156536102295,32300.0,-19.60910987854004,-17.891868591308594,6.8851256370544425
544,32400.0,-23.558000564575195,-162.56100463867188,23.0049991607666,32400.0,1.4468343257904053,3.2980613708496094,-0.10873401165008544,32400.0,1001.719970703125,32400.0,1.4218254089355469,0.8511643409729004,-0.4886887073516846,32400.0,-7.627180576324463,-5.246929168701172,3.235156536102295,32400.0,-19.60910987854004,-17.891868591308594,6.8851256370544425
545,32500.0,-30.8700008392334,-155.6790008544922,28.90399932861328,32500.0,1.2580770254135132,2.5085182189941406,0.3790418803691864,32500.0,1001.7000122070312,32500.0,2.252504348754884,0.8339743614196777,0.26224327087402344,32500.0,-8.038800239562987,-4.837510108947754,-2.854215383529663,32500.0,-6.616974830627441,-3.9863457679748535,-3.342904090881348
546,32600.0,-40.92399978637695,-149.593994140625,28.48900032043457,32600.0,1.2580770254135132,2.5085182189941406,0.3790418803691864,32600.0,1001.7000122070312,32600.0,2.252504348754884,0.8339743614196777,0.26224327087402344,32600.0,-8.038800239562987,-4.837510108947754,-2.854215383529663,32600.0,-6.616974830627441,-3.9863457679748535,-3.342904090881348
547,32700.0,-48.77899932861328,-152.04299926757812,25.93899917602539,32700.0,0.923628270626068,1.8961256742477417,-0.5870414972305298,32700.0,1001.6799926757812,32700.0,-0.1126694679260254,-0.6923832893371582,1.285926103591919,32700.0,-8.640832901000978,-4.009882926940918,-2.329636335372925,32700.0,-6.388328552246094,-3.17590856552124,-2.0673930644989014
548,32800.0,-53.13800048828125,-157.49000549316406,26.058000564575195,32800.0,1.2819007635116575,0.5839871764183044,2.606867551803589,32800.0,1001.75,32800.0,-0.3777990341186523,-9.555612564086914,-1.3344626426696775,32800.0,-7.991104602813723,-5.506205081939697,-1.4122202396392822,32800.0,-8.103774070739746,-6.198588371276856,-0.12629413604736328
549,32900.0,-45.67399978637695,-165.91700744628906,24.809999465942386,32900.0,1.2819007635116575,0.5839871764183044,2.606867551803589,32900.0,1001.75,32900.0,-0.3777990341186523,-9.555612564086914,-1.3344626426696775,32900.0,-7.991104602813723,-5.506205081939697,-1.4122202396392822,32900.0,-8.103774070739746,-6.198588371276856,-0.12629413604736328
550,32500.0,-30.8700008392334,-155.6790008544922,28.90399932861328,32500.0,1.2580770254135132,2.5085182189941406,0.3790418803691864,32500.0,1001.7000122070312,32500.0,2.252504348754884,0.8339743614196777,0.26224327087402344,32500.0,-8.038800239562987,-4.837510108947754,-2.854215383529663,32500.0,-6.616974830627441,-3.9863457679748535,-3.342904090881348
551,32600.0,-40.92399978637695,-149.593994140625,28.48900032043457,32600.0,1.2580770254135132,2.5085182189941406,0.3790418803691864,32600.0,1001.7000122070312,32600.0,2.252504348754884,0.8339743614196777,0.26224327087402344,32600.0,-8.038800239562987,-4.837510108947754,-2.854215383529663,32600.0,-6.616974830627441,-3.9863457679748535,-3.342904090881348
552,32700.0,-48.77899932861328,-152.04299926757812,25.93899917602539,32700.0,0.923628270626068,1.8961256742477417,-0.5870414972305298,32700.0,1001.6799926757812,32700.0,-0.1126694679260254,-0.6923832893371582,1.285926103591919,32700.0,-8.640832901000978,-4.009882926940918,-2.329636335372925,32700.0,-6.388328552246094,-3.17590856552124,-2.0673930644989014
553,32800.0,-53.13800048828125,-157.49000549316406,26.058000564575195,32800.0,1.2819007635116575,0.5839871764183044,2.606867551803589,32800.0,1001.75,32800.0,-0.3777990341186523,-9.555612564086914,-1.3344626426696775,32800.0,-7.991104602813723,-5.506205081939697,-1.4122202396392822,32800.0,-8.103774070739746,-6.198588371276856,-0.12629413604736328
554,32900.0,-45.67399978637695,-165.91700744628906,24.809999465942386,32900.0,1.2819007635116575,0.5839871764183044,2.606867551803589,32900.0,1001.75,32900.0,-0.3777990341186523,-9.555612564086914,-1.3344626426696775,32900.0,-7.991104602813723,-5.506205081939697,-1.4122202396392822,32900.0,-8.103774070739746,-6.198588371276856,-0.12629413604736328
555,33000.0,-35.959999084472656,-161.33700561523438,25.62700080871582,33000.0,1.4199562072753906,-1.310305953025818,0.8316930532455444,33000.0,1001.7000122070312,33000.0,3.9218111038208012,-3.291803359985352,-3.5815720558166504,33000.0,-9.792769432067873,-0.5209840536117554,0.02543283998966217,33000.0,-10.170568466186523,-10.0765962600708,-1.3090298175811768
556,33100.0,-24.71299934387207,-158.88600158691406,23.65399932861328,33100.0,1.4199562072753906,-1.310305953025818,0.8316930532455444,33100.0,1001.7000122070312,33100.0,3.9218111038208012,-3.291803359985352,-3.5815720558166504,33100.0,-9.792769432067873,-0.5209840536117554,0.02543283998966217,33100.0,-10.170568466186523,-10.0765962600708,-1.3090298175811768
557,33200.0,-17.443000793457028,-153.07400512695312,16.496000289916992,33200.0,0.13408492505550385,-1.2403619289398191,-1.2898420095443726,33200.0,1001.5900268554688,33200.0,1.3738293647766109,5.209981918334961,0.04171919822692871,33200.0,-8.522868156433105,-3.451465606689453,3.4085910320281982,33200.0,-4.601057052612305,-6.743268966674805,-0.17298106849193573
558,33300.0,-19.05500030517578,-141.66400146484375,11.583999633789064,33300.0,0.13408492505550385,-1.2403619289398191,-1.2898420095443726,33300.0,1001.5900268554688,33300.0,1.3738293647766109,5.209981918334961,0.04171919822692871,33300.0,-8.522868156433105,-3.451465606689453,3.4085910320281982,33300.0,-4.601057052612305,-6.743268966674805,-0.17298106849193573
559,33400.0,-22.88500022888184,-140.75100708007812,8.652999877929688,33400.0,-0.4831944108009338,0.33475416898727417,0.14905111491680145,33400.0,1001.7100219726564,33400.0,5.67402982711792,-6.519623756408691,3.0338869094848637,33400.0,-6.7152934074401855,-6.741074085235598,2.37343168258667,33400.0,-5.341464042663574,-1.5310919284820557,2.415150880813598
560,33000.0,-35.959999084472656,-161.33700561523438,25.62700080871582,33000.0,1.4199562072753906,-1.310305953025818,0.8316930532455444,33000.0,1001.7000122070312,33000.0,3.9218111038208012,-3.291803359985352,-3.5815720558166504,33000.0,-9.792769432067873,-0.5209840536117554,0.02543283998966217,33000.0,-10.170568466186523,-10.0765962600708,-1.3090298175811768
561,33100.0,-24.71299934387207,-158.88600158691406,23.65399932861328,33100.0,1.4199562072753906,-1.310305953025818,0.8316930532455444,33100.0,1001.7000122070312,33100.0,3.9218111038208012,-3.291803359985352,-3.5815720558166504,33100.0,-9.792769432067873,-0.5209840536117554,0.02543283998966217,33100.0,-10.170568466186523,-10.0765962600708,-1.3090298175811768
562,33200.0,-17.443000793457028,-153.07400512695312,16.496000289916992,33200.0,0.13408492505550385,-1.2403619289398191,-1.2898420095443726,33200.0,1001.5900268554688,33200.0,1.3738293647766109,5.209981918334961,0.04171919822692871,33200.0,-8.522868156433105,-3.451465606689453,3.4085910320281982,33200.0,-4.601057052612305,-6.743268966674805,-0.17298106849193573
563,33300.0,-19.05500030517578,-141.66400146484375,11.583999633789064,33300.0,0.13408492505550385,-1.2403619289398191,-1.2898420095443726,33300.0,1001.5900268554688,33300.0,1.3738293647766109,5.209981918334961,0.04171919822692871,33300.0,-8.522868156433105,-3.451465606689453,3.4085910320281982,33300.0,-4.601057052612305,-6.743268966674805,-0.17298106849193573
564,33400.0,-22.88500022888184,-140.75100708007812,8.652999877929688,33400.0,-0.4831944108009338,0.33475416898727417,0.14905111491680145,33400.0,1001.7100219726564,33400.0,5.67402982711792,-6.519623756408691,3.0338869094848637,33400.0,-6.7152934074401855,-6.741074085235598,2.37343168258667,33400.0,-5.341464042663574,-1.5310919284820557,2.415150880813598
565,33500.0,-21.427000045776367,-137.93699645996094,2.303999900817871,33500.0,-0.4831944108009338,0.33475416898727417,0.14905111491680145,33500.0,1001.7100219726564,33500.0,5.67402982711792,-6.519623756408691,3.0338869094848637,33500.0,-6.7152934074401855,-6.741074085235598,2.37343168258667,33500.0,-5.341464042663574,-1.5310919284820557,2.415150880813598
566,33600.0,-21.492000579833984,-134.9530029296875,-3.651000022888184,33600.0,0.25564709305763245,1.1154398918151855,-0.7574729323387146,33600.0,1001.6500244140624,33600.0,1.3829574584960938,5.9204468727111825,-2.5016896724700928,33600.0,-8.029924392700195,-5.626760482788086,-0.17401297390460968,33600.0,-2.3558945655822754,-12.146384239196776,2.85987401008606
567,33700.0,-21.492000579833984,-135.302001953125,-4.919000148773193,33700.0,1.3869695663452148,0.10323622822761536,0.1160643994808197,33700.0,1001.5800170898438,33700.0,-1.4409623146057131,2.7200098037719727,-4.01489782333374,33700.0,-7.181714057922362,-6.626137733459473,-0.8292433619499207,33700.0,-5.7987565994262695,-0.7056909799575806,-3.330933094024658
568,33800.0,-21.947999954223643,-134.00399780273438,-9.840999603271484,33800.0,1.3869695663452148,0.10323622822761536,0.1160643994808197,33800.0,1001.5800170898438,33800.0,-1.4409623146057131,2.7200098037719727,-4.01489782333374,33800.0,-7.181714057922362,-6.626137733459473,-0.8292433619499207,33800.0,-5.7987565994262695,-0.7056909799575806,-3.330933094024658
569,33900.0,-21.947999954223643,-134.00399780273438,-12.687000274658205,33900.0,1.3109167814254759,0.9282097220420836,0.6130032539367676,33900.0,1001.6199951171876,33900.0,-3.607615470886232,-1.860100269317627,1.2961736917495728,33900.0,-7.426561832427978,-6.3681745529174805,0.6803732514381409,33900.0,-8.867524147033691,-3.6481647491455083,-3.334524393081665
570,33500.0,-21.427000045776367,-137.93699645996094,2.303999900817871,33500.0,-0.4831944108009338,0.33475416898727417,0.14905111491680145,33500.0,1001.7100219726564,33500.0,5.67402982711792,-6.519623756408691,3.0338869094848637,33500.0,-6.7152934074401855,-6.741074085235598,2.37343168258667,33500.0,-5.341464042663574,-1.5310919284820557,2.415150880813598
571,33600.0,-21.492000579833984,-134.9530029296875,-3.651000022888184,33600.0,0.25564709305763245,1.1154398918151855,-0.7574729323387146,33600.0,1001.6500244140624,33600.0,1.3829574584960938,5.9204468727111825,-2.5016896724700928,33600.0,-8.029924392700195,-5.626760482788086,-0.17401297390460968,33600.0,-2.3558945655822754,-12.146384239196776,2.85987401008606
572,33700.0,-21.492000579833984,-135.302001953125,-4.919000148773193,33700.0,1.3869695663452148,0.10323622822761536,0.1160643994808197,33700.0,1001.5800170898438,33700.0,-1.4409623146057131,2.7200098037719727,-4.01489782333374,33700.0,-7.181714057922362,-6.626137733459473,-0.8292433619499207,33700.0,-5.7987565994262695,-0.7056909799575806,-3.330933094024658
573,33800.0,-21.947999954223643,-134.00399780273438,-9.840999603271484,33800.0,1.3869695663452148,0.10323622822761536,0.1160643994808197,33800.0,1001.5800170898438,33800.0,-1.4409623146057131,2.7200098037719727,-4.01489782333374,33800.0,-7.181714057922362,-6.626137733459473,-0.8292433619499207,33800.0,-5.7987565994262695,-0.7056909799575806,-3.330933094024658
574,33900.0,-21.947999954223643,-134.00399780273438,-12.687000274658205,33900.0,1.3109167814254759,0.9282097220420836,0.6130032539367676,33900.0,1001.6199951171876,33900.0,-3.607615470886232,-1.860100269317627,1.2961736917495728,33900.0,-7.426561832427978,-6.3681745529174805,0.6803732514381409,33900.0,-8.867524147033691,-3.6481647491455083,-3.334524393081665
575,34000.0,-19.333999633789066,-133.69500732421878,-17.378999710083008,34000.0,1.3109167814254759,0.9282097220420836,0.6130032539367676,34000.0,1001.6199951171876,34000.0,-3.607615470886232,-1.860100269317627,1.2961736917495728,34000.0,-7.426561832427978,-6.3681745529174805,0.6803732514381409,34000.0,-8.867524147033691,-3.6481647491455083,-3.334524393081665
576,34100.0,-11.52299976348877,-133.69500732421878,-21.98699951171875,34100.0,0.5033529400825499,-0.4486805200576782,0.8775079250335693,34100.0,1001.6900024414064,34100.0,-5.050314903259277,-3.343381643295288,-4.424412727355957,34100.0,-8.299347877502441,-5.159100532531738,0.8214977979660034,34100.0,-11.906963348388672,-7.019200801849365,2.1176714897155757
577,34200.0,-7.064000129699707,-139.83999633789065,-29.360000610351573,34200.0,0.5033529400825499,-0.4486805200576782,0.8775079250335693,34200.0,1001.6900024414064,34200.0,-5.050314903259277,-3.343381643295288,-4.424412727355957,34200.0,-8.299347877502441,-5.159100532531738,0.8214977979660034,34200.0,-11.906963348388672,-7.019200801849365,2.1176714897155757
578,34300.0,-9.37600040435791,-142.43299865722656,-32.29199981689453,34300.0,0.1912008225917816,-0.5274821519851685,1.0152580738067627,34300.0,1001.510009765625,34300.0,4.477667331695557,0.7599343061447144,-1.663648009300232,34300.0,-8.95157527923584,-3.5279772281646733,1.895537257194519,34300.0,-14.001890182495115,-6.871358871459961,-2.5288755893707275
579,34400.0,-10.595000267028807,-143.97999572753906,-33.96699905395508,34400.0,0.1912008225917816,-0.5274821519851685,1.0152580738067627,34400.0,1001.510009765625,34400.0,4.477667331695557,0.7599343061447144,-1.663648009300232,34400.0,-8.95157527923584,-3.5279772281646733,1.895537257194519,34400.0,-14.001890182495115,-6.871358871459961,-2.5288755893707275
580,34000.0,-19.333999633789066,-133.69500732421878,-17.378999710083008,34000.0,1.3109167814254759,0.9282097220420836,0.6130032539367676,34000.0,1001.6199951171876,34000.0,-3.607615470886232,-1.860100269317627,1.2961736917495728,34000.0,-7.426561832427978,-6.3681745529174805,0.6803732514381409,34000.0,-8.867524147033691,-3.6481647491455083,-3.334524393081665
581,34100.0,-11.52299976348877,-133.69500732421878,-21.98699951171875,34100.0,0.5033529400825499,-0.4486805200576782,0.8775079250335693,34100.0,1001.6900024414064,34100.0,-5.050314903259277,-3.343381643295288,-4.424412727355957,34100.0,-8.299347877502441,-5.159100532531738,0.8214977979660034,34100.0,-11.906963348388672,-7.019200801849365,2.1176714897155757
582,34200.0,-7.064000129699707,-139.83999633789065,-29.360000610351573,34200.0,0.5033529400825499,-0.4486805200576782,0.8775079250335693,34200.0,1001.6900024414064,34200.0,-5.050314903259277,-3.343381643295288,-4.424412727355957,34200.0,-8.299347877502441,-5.159100532531738,0.8214977979660034,34200.0,-11.906963348388672,-7.019200801849365,2.1176714897155757
583,34300.0,-9.37600040435791,-142.43299865722656,-32.29199981689453,34300.0,0.1912008225917816,-0.5274821519851685,1.0152580738067627,34300.0,1001.510009765625,34300.0,4.477667331695557,0.7599343061447144,-1.663648009300232,34300.0,-8.95157527923584,-3.5279772281646733,1.895537257194519,34300.0,-14.001890182495115,-6.871358871459961,-2.5288755893707275
584,34400.0,-10.595000267028807,-143.97999572753906,-33.96699905395508,34400.0,0.1912008225917816,-0.5274821519851685,1.0152580738067627,34400.0,1001.510009765625,34400.0,4.477667331695557,0.7599343061447144,-1.663648009300232,34400.0,-8.95157527923584,-3.5279772281646733,1.895537257194519,34400.0,-14.001890182495115,-6.871358871459961,-2.5288755893707275
585,34500.0,-9.826000213623047,-144.1580047607422,-35.57699966430664,34500.0,0.1563815027475357,-0.9767735004425048,-1.7397441864013672,34500.0,1001.6500244140624,34500.0,-8.046540260314941,1.2726445198059082,-1.3319013118743896,34500.0,-9.223573684692383,-1.637409210205078,2.9008517265319824,34500.0,-4.745906352996826,-0.8774749040603638,1.2372037172317505
586,34600.0,-8.411999702453612,-144.52499389648438,-35.57699966430664,34600.0,-0.3869831264019013,1.0516045093536377,-0.9352346658706664,34600.0,1001.6699829101564,34600.0,-6.957874774932861,-4.095318794250488,-1.0229251384735107,34600.0,-6.562878608703612,-7.104321479797362,1.621001124382019,34600.0,-14.609418869018555,-5.831676959991455,0.2890998423099518
587,34700.0,-7.625999927520753,-144.93099975585938,-36.45899963378906,34700.0,-0.3869831264019013,1.0516045093536377,-0.9352346658706664,34700.0,1001.6699829101564,34700.0,-6.957874774932861,-4.095318794250488,-1.0229251384735107,34700.0,-6.562878608703612,-7.104321479797362,1.621001124382019,34700.0,-14.609418869018555,-5.831676959991455,0.2890998423099518
588,34800.0,-5.5349998474121085,-144.93099975585938,-36.78400039672852,34800.0,-0.5968153476715088,0.18936823308467865,-0.3906483352184296,34800.0,1001.5800170898438,34800.0,0.34653282165527344,1.890564441680908,0.6334201097488403,34800.0,-7.364240169525146,-6.151864051818848,-2.02309799194336,34800.0,-14.322114944458008,-10.247182846069336,-3.04602313041687
589,34900.0,-5.8379998207092285,-144.93099975585938,-37.52199935913086,34900.0,-0.5968153476715088,0.18936823308467865,-0.3906483352184296,34900.0,1001.5800170898438,34900.0,0.34653282165527344,1.890564441680908,0.6334201097488403,34900.0,-7.364240169525146,-6.151864051818848,-2.02309799194336,34900.0,-14.322114944458008,-10.247182846069336,-3.04602313041687
590,34500.0,-9.826000213623047,-144.1580047607422,-35.57699966430664,34500.0,0.1563815027475357,-0.9767735004425048,-1.7397441864013672,34500.0,1001.6500244140624,34500.0,-8.046540260314941,1.2726445198059082,-1.3319013118743896,34500.0,-9.223573684692383,-1.637409210205078,2.9008517265319824,34500.0,-4.745906352996826,-0.8774749040603638,1.2372037172317505
591,34600.0,-8.411999702453612,-144.52499389648438,-35.57699966430664,34600.0,-0.3869831264019013,1.0516045093536377,-0.9352346658706664,34600.0,1001.6699829101564,34600.0,-6.957874774932861,-4.095318794250488,-1.0229251384735107,34600.0,-6.562878608703612,-7.104321479797362,1.621001124382019,34600.0,-14.609418869018555,-5.831676959991455,0.2890998423099518
592,34700.0,-7.625999927520753,-144.93099975585938,-36.45899963378906,34700.0,-0.3869831264019013,1.0516045093536377,-0.9352346658706664,34700.0,1001.6699829101564,34700.0,-6.957874774932861,-4.095318794250488,-1.0229251384735107,34700.0,-6.562878608703612,-7.104321479797362,1.621001124382019,34700.0,-14.609418869018555,-5.831676959991455,0.2890998423099518
593,34800.0,-5.5349998474121085,-144.93099975585938,-36.78400039672852,34800.0,-0.5968153476715088,0.18936823308467865,-0.3906483352184296,34800.0,1001.5800170898438,34800.0,0.34653282165527344,1.890564441680908,0.6334201097488403,34800.0,-7.364240169525146,-6.151864051818848,-2.02309799194336,34800.0,-14.322114944458008,-10.247182846069336,-3.04602313041687
594,34900.0,-5.8379998207092285,-144.93099975585938,-37.52199935913086,34900.0,-0.5968153476715088,0.18936823308467865,-0.3906483352184296,34900.0,1001.5800170898438,34900.0,0.34653282165527344,1.890564441680908,0.6334201097488403,34900.0,-7.364240169525146,-6.151864051818848,-2.02309799194336,34900.0,-14.322114944458008,-10.247182846069336,-3.04602313041687
595,35000.0,-5.508999824523926,-144.25599670410156,-38.26100158691406,35000.0,0.30115658044815063,0.23518311977386475,-0.6178901791572571,35000.0,1001.6900024414064,35000.0,-2.707988739013672,2.267092704772949,-0.4927956461906433,35000.0,-8.159411430358888,-5.343003273010254,-1.023076415061951,35000.0,-7.812878608703612,-3.4524388313293457,-0.3896563351154328
596,35100.0,-4.7280001640319815,-143.56300354003906,-38.5620002746582,35100.0,0.30115658044815063,0.23518311977386475,-0.6178901791572571,35100.0,1001.6900024414064,35100.0,-2.707988739013672,2.267092704772949,-0.4927956461906433,35100.0,-8.159411430358888,-5.343003273010254,-1.023076415061951,35100.0,-7.812878608703612,-3.4524388313293457,-0.3896563351154328
597,35200.0,-4.077000141143799,-143.25799560546875,-38.9119987487793,35200.0,1.996002197265625,0.2950479090213776,0.5546656250953674,35200.0,1001.7000122070312,35200.0,-0.8466567993164062,-2.416545152664185,1.65878427028656,35200.0,-8.076094627380371,-5.554930210113525,-0.29968512058258057,35200.0,-10.784083366394043,-3.287837505340576,-0.7924807667732239
598,35300.0,-4.077000141143799,-144.4929962158203,-40.472999572753906,35300.0,1.996002197265625,0.2950479090213776,0.5546656250953674,35300.0,1001.7000122070312,35300.0,-0.8466567993164062,-2.416545152664185,1.65878427028656,35300.0,-8.076094627380371,-5.554930210113525,-0.29968512058258057,35300.0,-10.784083366394043,-3.287837505340576,-0.7924807667732239
599,35400.0,-8.772000312805176,-150.96200561523438,-41.3650016784668,35400.0,-0.7376197576522827,-1.6694947481155396,1.014647126197815,35400.0,1001.5800170898438,35400.0,1.570183277130127,-0.9177446365356444,-1.7920947074890137,35400.0,-9.06773281097412,-3.577937364578247,1.0700072050094604,35400.0,-9.914389610290527,-5.9944825172424325,2.7287914752960205
600,35000.0,-5.508999824523926,-144.25599670410156,-38.26100158691406,35000.0,0.30115658044815063,0.23518311977386475,-0.6178901791572571,35000.0,1001.6900024414064,35000.0,-2.707988739013672,2.267092704772949,-0.4927956461906433,35000.0,-8.159411430358888,-5.343003273010254,-1.023076415061951,35000.0,-7.812878608703612,-3.4524388313293457,-0.3896563351154328
601,35100.0,-4.7280001640319815,-143.56300354003906,-38.5620002746582,35100.0,0.30115658044815063,0.23518311977386475,-0.6178901791572571,35100.0,1001.6900024414064,35100.0,-2.707988739013672,2.267092704772949,-0.4927956461906433,35100.0,-8.159411430358888,-5.343003273010254,-1.023076415061951,35100.0,-7.812878608703612,-3.4524388313293457,-0.3896563351154328
602,35200.0,-4.077000141143799,-143.25799560546875,-38.9119987487793,35200.0,1.996002197265625,0.2950479090213776,0.5546656250953674,35200.0,1001.7000122070312,35200.0,-0.8466567993164062,-2.416545152664185,1.65878427028656,35200.0,-8.076094627380371,-5.554930210113525,-0.29968512058258057,35200.0,-10.784083366394043,-3.287837505340576,-0.7924807667732239
603,35300.0,-4.077000141143799,-144.4929962158203,-40.472999572753906,35300.0,1.996002197265625,0.2950479090213776,0.5546656250953674,35300.0,1001.7000122070312,35300.0,-0.8466567993164062,-2.416545152664185,1.65878427028656,35300.0,-8.076094627380371,-5.554930210113525,-0.29968512058258057,35300.0,-10.784083366394043,-3.287837505340576,-0.7924807667732239
604,35400.0,-8.772000312805176,-150.96200561523438,-41.3650016784668,35400.0,-0.7376197576522827,-1.6694947481155396,1.014647126197815,35400.0,1001.5800170898438,35400.0,1.570183277130127,-0.9177446365356444,-1.7920947074890137,35400.0,-9.06773281097412,-3.577937364578247,1.0700072050094604,35400.0,-9.914389610290527,-5.9944825172424325,2.7287914752960205
605,35500.0,-14.722999572753904,-152.36599731445312,-42.24499893188477,35500.0,-0.5421429276466371,-1.3668110370635986,-0.06750060617923738,35500.0,1001.5599975585938,35500.0,5.211801052093506,2.408209562301636,-2.8694548606872563,35500.0,-9.014354705810547,-3.1721506118774414,2.202101707458496,35500.0,-7.44417142868042,-4.089895248413087,0.4100070297718048
606,35600.0,-17.03700065612793,-151.1840057373047,-42.62200164794922,35600.0,-0.5421429276466371,-1.3668110370635986,-0.06750060617923738,35600.0,1001.5599975585938,35600.0,5.211801052093506,2.408209562301636,-2.8694548606872563,35600.0,-9.014354705810547,-3.1721506118774414,2.202101707458496,35600.0,-7.44417142868042,-4.089895248413087,0.4100070297718048
607,35700.0,-16.194999694824222,-151.1909942626953,-42.62200164794922,35700.0,-1.1737775802612305,0.1472185254096985,-0.7354817390441895,35700.0,1001.52001953125,35700.0,3.0787839889526367,2.6677160263061523,-3.0236632823944087,35700.0,-8.227896690368652,-3.441307544708252,4.077928066253662,35700.0,-3.0160956382751465,-1.0330979824066162,1.2084733247756958
608,35800.0,-13.63599967956543,-151.57899475097656,-43.354000091552734,35800.0,-1.1737775802612305,0.1472185254096985,-0.7354817390441895,35800.0,1001.52001953125,35800.0,3.0787839889526367,2.6677160263061523,-3.0236632823944087,35800.0,-8.227896690368652,-3.441307544708252,4.077928066253662,35800.0,-3.0160956382751465,-1.0330979824066162,1.2084733247756958
609,35900.0,-13.07800006866455,-149.5659942626953,-45.07500076293945,35900.0,-0.4355469346046448,0.26145032048225403,-0.12767083942890167,35900.0,1001.5399780273438,35900.0,-0.9334421157836914,1.7462315559387207,-0.6736680269241333,35900.0,-7.807930946350098,-5.097830772399902,3.0362329483032227,35900.0,-4.729146957397461,-2.43011474609375,0.012569558806717396
610,35500.0,-14.722999572753904,-152.36599731445312,-42.24499893188477,35500.0,-0.5421429276466371,-1.3668110370635986,-0.06750060617923738,35500.0,1001.5599975585938,35500.0,5.211801052093506,2.408209562301636,-2.8694548606872563,35500.0,-9.014354705810547,-3.1721506118774414,2.202101707458496,35500.0,-7.44417142868042,-4.089895248413087,0.4100070297718048
611,35600.0,-17.03700065612793,-151.1840057373047,-42.62200164794922,35600.0,-0.5421429276466371,-1.3668110370635986,-0.06750060617923738,35600.0,1001.5599975585938,35600.0,5.211801052093506,2.408209562301636,-2.8694548606872563,35600.0,-9.014354705810547,-3.1721506118774414,2.202101707458496,35600.0,-7.44417142868042,-4.089895248413087,0.4100070297718048
612,35700.0,-16.194999694824222,-151.1909942626953,-42.62200164794922,35700.0,-1.1737775802612305,0.1472185254096985,-0.7354817390441895,35700.0,1001.52001953125,35700.0,3.0787839889526367,2.6677160263061523,-3.0236632823944087,35700.0,-8.227896690368652,-3.441307544708252,4.077928066253662,35700.0,-3.0160956382751465,-1.0330979824066162,1.2084733247756958
613,35800.0,-13.63599967956543,-151.57899475097656,-43.354000091552734,35800.0,-1.1737775802612305,0.1472185254096985,-0.7354817390441895,35800.0,1001.52001953125,35800.0,3.0787839889526367,2.6677160263061523,-3.0236632823944087,35800.0,-8.227896690368652,-3.441307544708252,4.077928066253662,35800.0,-3.0160956382751465,-1.0330979824066162,1.2084733247756958
614,35900.0,-13.07800006866455,-149.5659942626953,-45.07500076293945,35900.0,-0.4355469346046448,0.26145032048225403,-0.12767083942890167,35900.0,1001.5399780273438,35900.0,-0.9334421157836914,1.7462315559387207,-0.6736680269241333,35900.0,-7.807930946350098,-5.097830772399902,3.0362329483032227,35900.0,-4.729146957397461,-2.43011474609375,0.012569558806717396
615,36000.0,-12.170999526977539,-147.968994140625,-45.49100112915039,36000.0,-0.4355469346046448,0.26145032048225403,-0.12767083942890167,36000.0,1001.5399780273438,36000.0,-0.9334421157836914,1.7462315559387207,-0.6736680269241333,36000.0,-7.807930946350098,-5.097830772399902,3.0362329483032227,36000.0,-4.729146957397461,-2.43011474609375,0.012569558806717396
616,36100.0,-12.097000122070312,-145.83399963378906,-45.49100112915039,36100.0,0.05406157299876213,0.0403171069920063,-0.10323622822761536,36100.0,1001.5900268554688,36100.0,0.4763765335083008,0.4392595291137695,-0.8526781797409058,36100.0,-8.653539657592772,-4.5558271408081055,-0.7287355661392212,36100.0,-9.586981773376463,-2.8095955848693848,-1.4024035930633545
617,36200.0,-11.746000289916992,-145.40699768066406,-45.81900024414063,36200.0,0.05406157299876213,0.0403171069920063,-0.10323622822761536,36200.0,1001.5900268554688,36200.0,0.4763765335083008,0.4392595291137695,-0.8526781797409058,36200.0,-8.653539657592772,-4.5558271408081055,-0.7287355661392212,36200.0,-9.586981773376463,-2.8095955848693848,-1.4024035930633545
618,36300.0,-11.072999954223633,-145.40699768066406,-45.50899887084961,36300.0,0.2379320114850998,0.3927863538265228,-0.04978551715612412,36300.0,1001.5900268554688,36300.0,-3.1937894821166988,-2.159789085388184,-0.08715295791625978,36300.0,-8.696269989013674,-4.532147407531738,-0.07028656452894211,36300.0,-8.219893455505371,-4.092887878417969,-0.9229647517204284
619,36400.0,-10.729000091552734,-144.99899291992188,-45.11999893188477,36400.0,2.249816656112671,0.10293079167604446,0.6053674817085266,36400.0,1001.530029296875,36400.0,-0.6075916290283203,-2.3031773567199707,-2.895829677581787,36400.0,-8.694619178771973,-4.506865501403809,-0.5119960308074951,36400.0,-11.888408660888672,-6.666654586791992,-0.5991489887237549
620,36000.0,-12.170999526977539,-147.968994140625,-45.49100112915039,36000.0,-0.4355469346046448,0.26145032048225403,-0.12767083942890167,36000.0,1001.5399780273438,36000.0,-0.9334421157836914,1.7462315559387207,-0.6736680269241333,36000.0,-7.807930946350098,-5.097830772399902,3.0362329483032227,36000.0,-4.729146957397461,-2.43011474609375,0.012569558806717396
621,36100.0,-12.097000122070312,-145.83399963378906,-45.49100112915039,36100.0,0.05406157299876213,0.0403171069920063,-0.10323622822761536,36100.0,1001.5900268554688,36100.0,0.4763765335083008,0.4392595291137695,-0.8526781797409058,36100.0,-8.653539657592772,-4.5558271408081055,-0.7287355661392212,36100.0,-9.586981773376463,-2.8095955848693848,-1.4024035930633545
622,36200.0,-11.746000289916992,-145.40699768066406,-45.81900024414063,36200.0,0.05406157299876213,0.0403171069920063,-0.10323622822761536,36200.0,1001.5900268554688,36200.0,0.4763765335083008,0.4392595291137695,-0.8526781797409058,36200.0,-8.653539657592772,-4.5558271408081055,-0.7287355661392212,36200.0,-9.586981773376463,-2.8095955848693848,-1.4024035930633545
623,36300.0,-11.072999954223633,-145.40699768066406,-45.50899887084961,36300.0,0.2379320114850998,0.3927863538265228,-0.04978551715612412,36300.0,1001.5900268554688,36300.0,-3.1937894821166988,-2.159789085388184,-0.08715295791625978,36300.0,-8.696269989013674,-4.532147407531738,-0.07028656452894211,36300.0,-8.219893455505371,-4.092887878417969,-0.9229647517204284
624,36400.0,-10.729000091552734,-144.99899291992188,-45.11999893188477,36400.0,2.249816656112671,0.10293079167604446,0.6053674817085266,36400.0,1001.530029296875,36400.0,-0.6075916290283203,-2.3031773567199707,-2.895829677581787,36400.0,-8.694619178771973,-4.506865501403809,-0.5119960308074951,36400.0,-11.888408660888672,-6.666654586791992,-0.5991489887237549
625,36500.0,-12.71500015258789,-144.62100219726562,-45.11999893188477,36500.0,2.249816656112671,0.10293079167604446,0.6053674817085266,36500.0,1001.530029296875,36500.0,-0.6075916290283203,-2.3031773567199707,-2.895829677581787,36500.0,-8.694619178771973,-4.506865501403809,-0.5119960308074951,36500.0,-11.888408660888672,-6.666654586791992,-0.5991489887237549
626,36600.0,-15.234999656677244,-151.50999450683594,-44.78300094604492,36600.0,0.27580565214157104,-0.36224308609962463,1.0998629331588743,36600.0,1001.489990234375,36600.0,5.842522621154785,-2.452526092529297,-0.1414968967437744,36600.0,-9.16135025024414,-3.293867588043213,1.1791870594024658,36600.0,-9.768941879272461,-5.597044944763184,-1.7166426181793213
627,36700.0,-19.983999252319336,-150.6719970703125,-44.78300094604492,36700.0,0.27580565214157104,-0.36224308609962463,1.0998629331588743,36700.0,1001.489990234375,36700.0,5.842522621154785,-2.452526092529297,-0.1414968967437744,36700.0,-9.16135025024414,-3.293867588043213,1.1791870594024658,36700.0,-9.768941879272461,-5.597044944763184,-1.7166426181793213
628,36800.0,-22.73699951171875,-149.53700256347656,-44.02299880981445,36800.0,-0.5592471361160278,-0.816421389579773,-1.336878538131714,36800.0,1001.469970703125,36800.0,4.617743492126465,2.9305689334869385,-1.3412551879882812,36800.0,-9.533782958984377,-1.1974344253540041,1.96049165725708,36800.0,-3.691260576248169,-3.6499605178833012,1.8189947605133057
629,36900.0,-21.275999069213867,-149.33399963378906,-43.30400085449219,36900.0,-0.5592471361160278,-0.816421389579773,-1.336878538131714,36900.0,1001.469970703125,36900.0,4.617743492126465,2.9305689334869385,-1.3412551879882812,36900.0,-9.533782958984377,-1.1974344253540041,1.96049165725708,36900.0,-3.691260576248169,-3.6499605178833012,1.8189947605133057
630,36500.0,-12.71500015258789,-144.62100219726562,-45.11999893188477,36500.0,2.249816656112671,0.10293079167604446,0.6053674817085266,36500.0,1001.530029296875,36500.0,-0.6075916290283203,-2.3031773567199707,-2.895829677581787,36500.0,-8.694619178771973,-4.506865501403809,-0.5119960308074951,36500.0,-11.888408660888672,-6.666654586791992,-0.5991489887237549
631,36600.0,-15.234999656677244,-151.50999450683594,-44.78300094604492,36600.0,0.27580565214157104,-0.36224308609962463,1.0998629331588743,36600.0,1001.489990234375,36600.0,5.842522621154785,-2.452526092529297,-0.1414968967437744,36600.0,-9.16135025024414,-3.293867588043213,1.1791870594024658,36600.0,-9.768941879272461,-5.597044944763184,-1.7166426181793213
632,36700.0,-19.983999252319336,-150.6719970703125,-44.78300094604492,36700.0,0.27580565214157104,-0.36224308609962463,1.0998629331588743,36700.0,1001.489990234375,36700.0,5.842522621154785,-2.452526092529297,-0.1414968967437744,36700.0,-9.16135025024414,-3.293867588043213,1.1791870594024658,36700.0,-9.768941879272461,-5.597044944763184,-1.7166426181793213
633,36800.0,-22.73699951171875,-149.53700256347656,-44.02299880981445,36800.0,-0.5592471361160278,-0.816421389579773,-1.336878538131714,36800.0,1001.469970703125,36800.0,4.617743492126465,2.9305689334869385,-1.3412551879882812,36800.0,-9.533782958984377,-1.1974344253540041,1.96049165725708,36800.0,-3.691260576248169,-3.6499605178833012,1.8189947605133057
634,36900.0,-21.275999069213867,-149.33399963378906,-43.30400085449219,36900.0,-0.5592471361160278,-0.816421389579773,-1.336878538131714,36900.0,1001.469970703125,36900.0,4.617743492126465,2.9305689334869385,-1.3412551879882812,36900.0,-9.533782958984377,-1.1974344253540041,1.96049165725708,36900.0,-3.691260576248169,-3.6499605178833012,1.8189947605133057
635,37000.0,-16.95199966430664,-148.92999267578125,-43.30400085449219,37000.0,-1.2104294300079346,1.1062769889831543,-1.0332785844802856,37000.0,1001.52001953125,37000.0,-0.0225520133972168,-2.9915256500244136,0.2258882522583008,37000.0,-8.619052886962889,-3.493804931640625,3.110570192337036,37000.0,-4.001309394836427,-0.5632359385490417,1.7693150043487549
636,37100.0,-17.599000930786133,-145.7969970703125,-43.30400085449219,37100.0,-1.2104294300079346,1.1062769889831543,-1.0332785844802856,37100.0,1001.52001953125,37100.0,-0.0225520133972168,-2.9915256500244136,0.2258882522583008,37100.0,-8.619052886962889,-3.493804931640625,3.110570192337036,37100.0,-4.001309394836427,-0.5632359385490417,1.7693150043487549
637,37200.0,-16.829999923706055,-144.51699829101562,-43.65800094604492,37200.0,-0.6194173693656921,0.2131919711828232,-0.22602014243602755,37200.0,1001.4199829101564,37200.0,1.0514693260192869,1.9146127700805664,0.8239901661872864,37200.0,-7.1768126487731925,-6.02503776550293,-2.891831874847412,37200.0,-7.19936466217041,-9.016563415527344,-2.6659436225891118
638,37300.0,-17.294000625610348,-142.99000549316406,-43.65800094604492,37300.0,0.4221078753471375,0.03634648025035858,-0.4770857691764832,37300.0,1001.4600219726564,37300.0,-3.1019992828369136,0.5730047225952148,-1.3877164125442505,37300.0,-8.329842567443848,-5.073761940002441,-1.0203146934509275,37300.0,-7.27837324142456,-3.159149169921875,-0.19632454216480247
639,37400.0,-16.937999725341793,-142.593994140625,-43.96799850463867,37400.0,0.4221078753471375,0.03634648025035858,-0.4770857691764832,37400.0,1001.4600219726564,37400.0,-3.1019992828369136,0.5730047225952148,-1.3877164125442505,37400.0,-8.329842567443848,-5.073761940002441,-1.0203146934509275,37400.0,-7.27837324142456,-3.159149169921875,-0.19632454216480247
640,37000.0,-16.95199966430664,-148.92999267578125,-43.30400085449219,37000.0,-1.2104294300079346,1.1062769889831543,-1.0332785844802856,37000.0,1001.52001953125,37000.0,-0.0225520133972168,-2.9915256500244136,0.2258882522583008,37000.0,-8.619052886962889,-3.493804931640625,3.110570192337036,37000.0,-4.001309394836427,-0.5632359385490417,1.7693150043487549
641,37100.0,-17.599000930786133,-145.7969970703125,-43.30400085449219,37100.0,-1.2104294300079346,1.1062769889831543,-1.0332785844802856,37100.0,1001.52001953125,37100.0,-0.0225520133972168,-2.9915256500244136,0.2258882522583008,37100.0,-8.619052886962889,-3.493804931640625,3.110570192337036,37100.0,-4.001309394836427,-0.5632359385490417,1.7693150043487549
642,37200.0,-16.829999923706055,-144.51699829101562,-43.65800094604492,37200.0,-0.6194173693656921,0.2131919711828232,-0.22602014243602755,37200.0,1001.4199829101564,37200.0,1.0514693260192869,1.9146127700805664,0.8239901661872864,37200.0,-7.1768126487731925,-6.02503776550293,-2.891831874847412,37200.0,-7.19936466217041,-9.016563415527344,-2.6659436225891118
643,37300.0,-17.294000625610348,-142.99000549316406,-43.65800094604492,37300.0,0.4221078753471375,0.03634648025035858,-0.4770857691764832,37300.0,1001.4600219726564,37300.0,-3.1019992828369136,0.5730047225952148,-1.3877164125442505,37300.0,-8.329842567443848,-5.073761940002441,-1.0203146934509275,37300.0,-7.27837324142456,-3.159149169921875,-0.19632454216480247
644,37400.0,-16.937999725341793,-142.593994140625,-43.96799850463867,37400.0,0.4221078753471375,0.03634648025035858,-0.4770857691764832,37400.0,1001.4600219726564,37400.0,-3.1019992828369136,0.5730047225952148,-1.3877164125442505,37400.0,-8.329842567443848,-5.073761940002441,-1.0203146934509275,37400.0,-7.27837324142456,-3.159149169921875,-0.19632454216480247
645,37500.0,-16.569000244140625,-142.593994140625,-43.2400016784668,37500.0,0.4963280260562897,0.41813725233078,0.4773911833763122,37500.0,1001.52001953125,37500.0,0.285308837890625,-3.927439212799072,3.3525884151458736,37500.0,-8.194442749023438,-5.386547088623047,0.08108078688383102,37500.0,-11.296442031860352,-4.813542366027832,-1.3066356182098389
646,37600.0,-16.569000244140625,-142.593994140625,-42.512001037597656,37600.0,0.4963280260562897,0.41813725233078,0.4773911833763122,37600.0,1001.52001953125,37600.0,0.285308837890625,-3.927439212799072,3.3525884151458736,37600.0,-8.194442749023438,-5.386547088623047,0.08108078688383102,37600.0,-11.296442031860352,-4.813542366027832,-1.3066356182098389
647,37700.0,-20.400999069213867,-145.44500732421875,-39.43299865722656,37700.0,0.29596421122550964,-1.1206322908401491,1.2382239103317259,37700.0,1001.3900146484376,37700.0,-0.772064208984375,-1.2506263256072998,-2.104388236999512,37700.0,-8.872113227844238,-4.176334857940674,-0.1192190870642662,37700.0,-8.586804389953612,-8.103774070739746,3.2333693504333496
648,37800.0,-24.118999481201172,-146.8090057373047,-34.625,37800.0,0.29596421122550964,-1.1206322908401491,1.2382239103317259,37800.0,1001.3900146484376,37800.0,-0.772064208984375,-1.2506263256072998,-2.104388236999512,37800.0,-8.872113227844238,-4.176334857940674,-0.1192190870642662,37800.0,-8.586804389953612,-8.103774070739746,3.2333693504333496
649,37900.0,-27.343000411987305,-145.9320068359375,-30.39299964904785,37900.0,-0.16737708449363708,-1.59374737739563,0.4746423065662384,37900.0,1001.4199829101564,37900.0,5.736262321472168,2.063194990158081,-3.417084217071533,37900.0,-9.18362522125244,-2.7369165420532227,2.083438873291016,37900.0,-9.955689430236816,-3.9875428676605225,-0.020949264988303185
650,37500.0,-16.569000244140625,-142.593994140625,-43.2400016784668,37500.0,0.4963280260562897,0.41813725233078,0.4773911833763122,37500.0,1001.52001953125,37500.0,0.285308837890625,-3.927439212799072,3.3525884151458736,37500.0,-8.194442749023438,-5.386547088623047,0.08108078688383102,37500.0,-11.296442031860352,-4.813542366027832,-1.3066356182098389
651,37600.0,-16.569000244140625,-142.593994140625,-42.512001037597656,37600.0,0.4963280260562897,0.41813725233078,0.4773911833763122,37600.0,1001.52001953125,37600.0,0.285308837890625,-3.927439212799072,3.3525884151458736,37600.0,-8.194442749023438,-5.386547088623047,0.08108078688383102,37600.0,-11.296442031860352,-4.813542366027832,-1.3066356182098389
652,37700.0,-20.400999069213867,-145.44500732421875,-39.43299865722656,37700.0,0.29596421122550964,-1.1206322908401491,1.2382239103317259,37700.0,1001.3900146484376,37700.0,-0.772064208984375,-1.2506263256072998,-2.104388236999512,37700.0,-8.872113227844238,-4.176334857940674,-0.1192190870642662,37700.0,-8.586804389953612,-8.103774070739746,3.2333693504333496
653,37800.0,-24.118999481201172,-146.8090057373047,-34.625,37800.0,0.29596421122550964,-1.1206322908401491,1.2382239103317259,37800.0,1001.3900146484376,37800.0,-0.772064208984375,-1.2506263256072998,-2.104388236999512,37800.0,-8.872113227844238,-4.176334857940674,-0.1192190870642662,37800.0,-8.586804389953612,-8.103774070739746,3.2333693504333496
654,37900.0,-27.343000411987305,-145.9320068359375,-30.39299964904785,37900.0,-0.16737708449363708,-1.59374737739563,0.4746423065662384,37900.0,1001.4199829101564,37900.0,5.736262321472168,2.063194990158081,-3.417084217071533,37900.0,-9.18362522125244,-2.7369165420532227,2.083438873291016,37900.0,-9.955689430236816,-3.9875428676605225,-0.020949264988303185
655,38000.0,-27.52199935913086,-145.5290069580078,-26.65699958801269,38000.0,-0.16737708449363708,-1.59374737739563,0.4746423065662384,38000.0,1001.4199829101564,38000.0,5.736262321472168,2.063194990158081,-3.417084217071533,38000.0,-9.18362522125244,-2.7369165420532227,2.083438873291016,38000.0,-9.955689430236816,-3.9875428676605225,-0.020949264988303185
656,38100.0,-26.606000900268555,-145.84800720214844,-27.56800079345703,38100.0,0.07757988572120668,-0.29535335302352905,-0.8500189781188965,38100.0,1001.47998046875,38100.0,-4.889386177062988,2.1553199291229252,1.723050832748413,38100.0,-8.436323165893555,-1.9285210371017456,4.612987995147705,38100.0,-2.700061082839966,0.1346738487482071,1.195903778076172
657,38200.0,-27.01799964904785,-145.84800720214844,-27.684999465942386,38200.0,-0.05833763256669045,1.4611896276474,-0.6734789609909058,38200.0,1001.3900146484376,38200.0,-2.6759653091430664,2.621199607849121,0.7634115219116211,38200.0,-7.999199867248535,-5.580225467681885,1.0219013690948486,38200.0,-12.888586044311525,-3.42490553855896,2.7449522018432617
658,38300.0,-27.01799964904785,-146.33599853515625,-27.35400009155273,38300.0,-0.05833763256669045,1.4611896276474,-0.6734789609909058,38300.0,1001.3900146484376,38300.0,-2.6759653091430664,2.621199607849121,0.7634115219116211,38300.0,-7.999199867248535,-5.580225467681885,1.0219013690948486,38300.0,-12.888586044311525,-3.42490553855896,2.7449522018432617
659,38400.0,-26.290000915527344,-146.76800537109375,-27.35400009155273,38400.0,-0.34086281061172485,1.0403034687042236,-0.2070833146572113,38400.0,1001.4400024414064,38400.0,0.2399282455444336,-0.3794670104980469,1.4313056468963623,38400.0,-8.150614738464355,-5.096205711364746,-1.9407602548599243,38400.0,-10.826580047607422,-2.475006103515625,-1.1773487329483032
660,38000.0,-27.52199935913086,-145.5290069580078,-26.65699958801269,38000.0,-0.16737708449363708,-1.59374737739563,0.4746423065662384,38000.0,1001.4199829101564,38000.0,5.736262321472168,2.063194990158081,-3.417084217071533,38000.0,-9.18362522125244,-2.7369165420532227,2.083438873291016,38000.0,-9.955689430236816,-3.9875428676605225,-0.020949264988303185
661,38100.0,-26.606000900268555,-145.84800720214844,-27.56800079345703,38100.0,0.07757988572120668,-0.29535335302352905,-0.8500189781188965,38100.0,1001.47998046875,38100.0,-4.889386177062988,2.1553199291229252,1.723050832748413,38100.0,-8.436323165893555,-1.9285210371017456,4.612987995147705,38100.0,-2.700061082839966,0.1346738487482071,1.195903778076172
662,38200.0,-27.01799964904785,-145.84800720214844,-27.684999465942386,38200.0,-0.05833763256669045,1.4611896276474,-0.6734789609909058,38200.0,1001.3900146484376,38200.0,-2.6759653091430664,2.621199607849121,0.7634115219116211,38200.0,-7.999199867248535,-5.580225467681885,1.0219013690948486,38200.0,-12.888586044311525,-3.42490553855896,2.7449522018432617
663,38300.0,-27.01799964904785,-146.33599853515625,-27.35400009155273,38300.0,-0.05833763256669045,1.4611896276474,-0.6734789609909058,38300.0,1001.3900146484376,38300.0,-2.6759653091430664,2.621199607849121,0.7634115219116211,38300.0,-7.999199867248535,-5.580225467681885,1.0219013690948486,38300.0,-12.888586044311525,-3.42490553855896,2.7449522018432617
664,38400.0,-26.290000915527344,-146.76800537109375,-27.35400009155273,38400.0,-0.34086281061172485,1.0403034687042236,-0.2070833146572113,38400.0,1001.4400024414064,38400.0,0.2399282455444336,-0.3794670104980469,1.4313056468963623,38400.0,-8.150614738464355,-5.096205711364746,-1.9407602548599243,38400.0,-10.826580047607422,-2.475006103515625,-1.1773487329483032
665,38500.0,-25.51099967956543,-147.218994140625,-27.66399955749512,38500.0,-0.34086281061172485,1.0403034687042236,-0.2070833146572113,38500.0,1001.4400024414064,38500.0,0.2399282455444336,-0.3794670104980469,1.4313056468963623,38500.0,-8.150614738464355,-5.096205711364746,-1.9407602548599243,38500.0,-10.826580047607422,-2.475006103515625,-1.1773487329483032
666,38600.0,-25.191999435424805,-147.5500030517578,-27.66399955749512,38600.0,0.04214970022439957,0.7058547735214233,0.1258382350206375,38600.0,1001.5800170898438,38600.0,-3.1534862518310547,-1.4780185222625732,0.2086051106452942,38600.0,-8.597487449645996,-4.4298858642578125,-1.6216446161270142,38600.0,-8.357559204101562,-4.8093528747558585,-0.19033902883529666
667,38700.0,-24.88999938964844,-148.3070068359375,-27.66399955749512,38700.0,0.04214970022439957,0.7058547735214233,0.1258382350206375,38700.0,1001.5800170898438,38700.0,-3.1534862518310547,-1.4780185222625732,0.2086051106452942,38700.0,-8.597487449645996,-4.4298858642578125,-1.6216446161270142,38700.0,-8.357559204101562,-4.8093528747558585,-0.19033902883529666
668,38800.0,-24.88999938964844,-148.7010040283203,-25.447999954223643,38800.0,2.339003086090088,-0.19303341209888453,0.5488623976707458,38800.0,1001.530029296875,38800.0,-2.7931480407714844,-2.576761245727539,-1.1900858879089355,38800.0,-8.948006629943848,-3.906541109085083,-0.9178873896598816,38800.0,-12.101492881774902,-5.384559631347656,-0.7092822790145874
669,38900.0,-25.858999252319336,-149.09500122070312,-20.316999435424805,38900.0,2.339003086090088,-0.19303341209888453,0.5488623976707458,38900.0,1001.530029296875,38900.0,-2.7931480407714844,-2.576761245727539,-1.1900858879089355,38900.0,-8.948006629943848,-3.906541109085083,-0.9178873896598816,38900.0,-12.101492881774902,-5.384559631347656,-0.7092822790145874
670,38500.0,-25.51099967956543,-147.218994140625,-27.66399955749512,38500.0,-0.34086281061172485,1.0403034687042236,-0.2070833146572113,38500.0,1001.4400024414064,38500.0,0.2399282455444336,-0.3794670104980469,1.4313056468963623,38500.0,-8.150614738464355,-5.096205711364746,-1.9407602548599243,38500.0,-10.826580047607422,-2.475006103515625,-1.1773487329483032
671,38600.0,-25.191999435424805,-147.5500030517578,-27.66399955749512,38600.0,0.04214970022439957,0.7058547735214233,0.1258382350206375,38600.0,1001.5800170898438,38600.0,-3.1534862518310547,-1.4780185222625732,0.2086051106452942,38600.0,-8.597487449645996,-4.4298858642578125,-1.6216446161270142,38600.0,-8.357559204101562,-4.8093528747558585,-0.19033902883529666
672,38700.0,-24.88999938964844,-148.3070068359375,-27.66399955749512,38700.0,0.04214970022439957,0.7058547735214233,0.1258382350206375,38700.0,1001.5800170898438,38700.0,-3.1534862518310547,-1.4780185222625732,0.2086051106452942,38700.0,-8.597487449645996,-4.4298858642578125,-1.6216446161270142,38700.0,-8.357559204101562,-4.8093528747558585,-0.19033902883529666
673,38800.0,-24.88999938964844,-148.7010040283203,-25.447999954223643,38800.0,2.339003086090088,-0.19303341209888453,0.5488623976707458,38800.0,1001.530029296875,38800.0,-2.7931480407714844,-2.576761245727539,-1.1900858879089355,38800.0,-8.948006629943848,-3.906541109085083,-0.9178873896598816,38800.0,-12.101492881774902,-5.384559631347656,-0.7092822790145874
674,38900.0,-25.858999252319336,-149.09500122070312,-20.316999435424805,38900.0,2.339003086090088,-0.19303341209888453,0.5488623976707458,38900.0,1001.530029296875,38900.0,-2.7931480407714844,-2.576761245727539,-1.1900858879089355,38900.0,-8.948006629943848,-3.906541109085083,-0.9178873896598816,38900.0,-12.101492881774902,-5.384559631347656,-0.7092822790145874
675,39000.0,-26.266000747680664,-145.4810028076172,-16.333999633789066,39000.0,0.4505131244659424,1.2116512060165403,1.2030991315841677,39000.0,1001.27001953125,39000.0,6.089725494384768,-0.7998135685920715,1.106988549232483,39000.0,-9.209583282470703,-2.7114319801330566,2.0005230903625493,39000.0,-12.002731323242188,-5.288193225860597,0.8104372620582581
676,39100.0,-26.582000732421875,-140.9080047607422,-14.140000343322756,39100.0,-0.3619376718997955,-1.4669928550720217,-1.8005253076553345,39100.0,1001.4400024414064,39100.0,4.5477023124694815,4.897963047027588,9.12653636932373,39100.0,-9.79774570465088,-0.4092583060264587,0.0841268002986908,39100.0,-3.7080199718475337,-1.2090718746185305,1.1911153793334959
677,39200.0,-26.02799987792969,-140.30400085449222,-13.324999809265135,39200.0,-0.3619376718997955,-1.4669928550720217,-1.8005253076553345,39200.0,1001.4400024414064,39200.0,4.5477023124694815,4.897963047027588,9.12653636932373,39200.0,-9.79774570465088,-0.4092583060264587,0.0841268002986908,39200.0,-3.7080199718475337,-1.2090718746185305,1.1911153793334959
678,39300.0,-25.711000442504893,-143.03500366210938,-14.343999862670898,39300.0,0.23273965716362,1.406822681427002,-1.062294602394104,39300.0,1001.5,39300.0,-0.9426555633544922,-5.213939189910889,-2.9417917728424072,39300.0,-6.3577189445495605,-6.661890983581543,3.3717947006225586,39300.0,-1.8100165128707888,-1.7639280557632446,12.498331069946287
679,39400.0,-25.381999969482425,-143.46600341796875,-13.991999626159668,39400.0,0.23273965716362,1.406822681427002,-1.062294602394104,39400.0,1001.5,39400.0,-0.9426555633544922,-5.213939189910889,-2.9417917728424072,39400.0,-6.3577189445495605,-6.661890983581543,3.3717947006225586,39400.0,-1.8100165128707888,-1.7639280557632446,12.498331069946287
680,39000.0,-26.266000747680664,-145.4810028076172,-16.333999633789066,39000.0,0.4505131244659424,1.2116512060165403,1.2030991315841677,39000.0,1001.27001953125,39000.0,6.089725494384768,-0.7998135685920715,1.106988549232483,39000.0,-9.209583282470703,-2.7114319801330566,2.0005230903625493,39000.0,-12.002731323242188,-5.288193225860597,0.8104372620582581
681,39100.0,-26.582000732421875,-140.9080047607422,-14.140000343322756,39100.0,-0.3619376718997955,-1.4669928550720217,-1.8005253076553345,39100.0,1001.4400024414064,39100.0,4.5477023124694815,4.897963047027588,9.12653636932373,39100.0,-9.79774570465088,-0.4092583060264587,0.0841268002986908,39100.0,-3.7080199718475337,-1.2090718746185305,1.1911153793334959
682,39200.0,-26.02799987792969,-140.30400085449222,-13.324999809265135,39200.0,-0.3619376718997955,-1.4669928550720217,-1.8005253076553345,39200.0,1001.4400024414064,39200.0,4.5477023124694815,4.897963047027588,9.12653636932373,39200.0,-9.79774570465088,-0.4092583060264587,0.0841268002986908,39200.0,-3.7080199718475337,-1.2090718746185305,1.1911153793334959
683,39300.0,-25.711000442504893,-143.03500366210938,-14.343999862670898,39300.0,0.23273965716362,1.406822681427002,-1.062294602394104,39300.0,1001.5,39300.0,-0.9426555633544922,-5.213939189910889,-2.9417917728424072,39300.0,-6.3577189445495605,-6.661890983581543,3.3717947006225586,39300.0,-1.8100165128707888,-1.7639280557632446,12.498331069946287
684,39400.0,-25.381999969482425,-143.46600341796875,-13.991999626159668,39400.0,0.23273965716362,1.406822681427002,-1.062294602394104,39400.0,1001.5,39400.0,-0.9426555633544922,-5.213939189910889,-2.9417917728424072,39400.0,-6.3577189445495605,-6.661890983581543,3.3717947006225586,39400.0,-1.8100165128707888,-1.7639280557632446,12.498331069946287
685,39500.0,-25.381999969482425,-144.65699768066406,-15.102999687194824,39500.0,-0.36010506749153137,2.1142046451568604,-0.21563543379306802,39500.0,1001.489990234375,39500.0,-0.6675357818603516,2.1493177413940434,3.003298282623291,39500.0,-7.538804054260254,-6.236929416656494,-0.6614817976951599,39500.0,-8.481459617614746,-11.450868606567385,-3.603273630142212
686,39600.0,-25.381999969482425,-144.65699768066406,-16.760000228881836,39600.0,-0.36010506749153137,2.1142046451568604,-0.21563543379306802,39600.0,1001.489990234375,39600.0,-0.6675357818603516,2.1493177413940434,3.003298282623291,39600.0,-7.538804054260254,-6.236929416656494,-0.6614817976951599,39600.0,-8.481459617614746,-11.450868606567385,-3.603273630142212
687,39700.0,-25.381999969482425,-144.65699768066406,-16.399999618530273,39700.0,-0.06780604273080826,0.037568211555480964,0.33475416898727417,39700.0,1001.3300170898438,39700.0,2.8285908699035645,-0.592376708984375,-1.6289052963256836,39700.0,-8.203579902648926,-4.8086771965026855,-2.3975651264190674,39700.0,-8.871115684509277,-2.6593594551086426,0.6057330369949341
688,39800.0,-25.381999969482425,-144.96099853515625,-17.15999984741211,39800.0,-0.06780604273080826,0.037568211555480964,0.33475416898727417,39800.0,1001.3300170898438,39800.0,2.8285908699035645,-0.592376708984375,-1.6289052963256836,39800.0,-8.203579902648926,-4.8086771965026855,-2.3975651264190674,39800.0,-8.871115684509277,-2.6593594551086426,0.6057330369949341
689,39900.0,-25.381999969482425,-145.3070068359375,-17.520999908447266,39900.0,1.75776469707489,0.5006040930747986,-2.141693592071533,39900.0,1001.4500122070312,39900.0,-8.748194694519043,3.235489845275879,-4.794039726257324,39900.0,-8.863176345825195,-4.1206092834472665,0.796920120716095,39900.0,-6.034585475921631,-4.7129859924316415,-0.8319851160049438
690,39500.0,-25.381999969482425,-144.65699768066406,-15.102999687194824,39500.0,-0.36010506749153137,2.1142046451568604,-0.21563543379306802,39500.0,1001.489990234375,39500.0,-0.6675357818603516,2.1493177413940434,3.003298282623291,39500.0,-7.538804054260254,-6.236929416656494,-0.6614817976951599,39500.0,-8.481459617614746,-11.450868606567385,-3.603273630142212
691,39600.0,-25.381999969482425,-144.65699768066406,-16.760000228881836,39600.0,-0.36010506749153137,2.1142046451568604,-0.21563543379306802,39600.0,1001.489990234375,39600.0,-0.6675357818603516,2.1493177413940434,3.003298282623291,39600.0,-7.538804054260254,-6.236929416656494,-0.6614817976951599,39600.0,-8.481459617614746,-11.450868606567385,-3.603273630142212
692,39700.0,-25.381999969482425,-144.65699768066406,-16.399999618530273,39700.0,-0.06780604273080826,0.037568211555480964,0.33475416898727417,39700.0,1001.3300170898438,39700.0,2.8285908699035645,-0.592376708984375,-1.6289052963256836,39700.0,-8.203579902648926,-4.8086771965026855,-2.3975651264190674,39700.0,-8.871115684509277,-2.6593594551086426,0.6057330369949341
693,39800.0,-25.381999969482425,-144.96099853515625,-17.15999984741211,39800.0,-0.06780604273080826,0.037568211555480964,0.33475416898727417,39800.0,1001.3300170898438,39800.0,2.8285908699035645,-0.592376708984375,-1.6289052963256836,39800.0,-8.203579902648926,-4.8086771965026855,-2.3975651264190674,39800.0,-8.871115684509277,-2.6593594551086426,0.6057330369949341
694,39900.0,-25.381999969482425,-145.3070068359375,-17.520999908447266,39900.0,1.75776469707489,0.5006040930747986,-2.141693592071533,39900.0,1001.4500122070312,39900.0,-8.748194694519043,3.235489845275879,-4.794039726257324,39900.0,-8.863176345825195,-4.1206092834472665,0.796920120716095,39900.0,-6.034585475921631,-4.7129859924316415,-0.8319851160049438
695,40000.0,-25.381999969482425,-147.3459930419922,-20.18400001525879,40000.0,1.75776469707489,0.5006040930747986,-2.141693592071533,40000.0,1001.4500122070312,40000.0,-8.748194694519043,3.235489845275879,-4.794039726257324,40000.0,-6.7554588317871085,-6.940516948699951,1.5373269319534302,40000.0,-15.503653526306152,-3.705027103424072,-3.256712913513184
696,40100.0,-25.711000442504893,-145.9759979248047,-24.78700065612793,40100.0,-0.13377949595451355,0.8368853926658629,2.005165100097656,40100.0,1001.4500122070312,40100.0,1.9552359580993648,-10.42062759399414,4.857157707214356,40100.0,-6.7554588317871085,-6.940516948699951,1.5373269319534302,40100.0,-15.503653526306152,-3.705027103424072,-3.256712913513184
697,40200.0,-26.018999099731445,-140.84100341796875,-28.583999633789066,40200.0,0.3588833212852478,-1.0115928649902344,1.2696833610534668,40200.0,1001.3900146484376,40200.0,4.698521614074707,-3.542924404144287,0.6859526634216309,40200.0,-9.649003028869627,-1.632382035255432,-0.63438481092453,40200.0,-7.693767070770264,-12.05300998687744,4.22277307510376
698,40300.0,-25.285999298095703,-136.41499328613278,-30.10700035095215,40300.0,0.3588833212852478,-1.0115928649902344,1.2696833610534668,40300.0,1001.3900146484376,40300.0,4.698521614074707,-3.542924404144287,0.6859526634216309,40300.0,-9.649003028869627,-1.632382035255432,-0.63438481092453,40300.0,-7.693767070770264,-12.05300998687744,4.22277307510376
699,40400.0,-22.42799949645996,-134.63800048828122,-33.062000274658196,40400.0,0.7828238010406494,-1.5949691534042358,-1.2476922273635864,40400.0,1001.2999877929688,40400.0,1.3613791465759275,3.0516490936279297,-7.768413543701173,40400.0,-8.8267240524292,-3.0985913276672363,2.942460060119629,40400.0,-4.128202438354491,-6.6415157318115225,3.62841272354126
700,40000.0,-25.381999969482425,-147.3459930419922,-20.18400001525879,40000.0,1.75776469707489,0.5006040930747986,-2.141693592071533,40000.0,1001.4500122070312,40000.0,-8.748194694519043,3.235489845275879,-4.794039726257324,40000.0,-6.7554588317871085,-6.940516948699951,1.5373269319534302,40000.0,-15.503653526306152,-3.705027103424072,-3.256712913513184
701,40100.0,-25.711000442504893,-145.9759979248047,-24.78700065612793,40100.0,-0.13377949595451355,0.8368853926658629,2.005165100097656,40100.0,1001.4500122070312,40100.0,1.9552359580993648,-10.42062759399414,4.857157707214356,40100.0,-6.7554588317871085,-6.940516948699951,1.5373269319534302,40100.0,-15.503653526306152,-3.705027103424072,-3.256712913513184
702,40200.0,-26.018999099731445,-140.84100341796875,-28.583999633789066,40200.0,0.3588833212852478,-1.0115928649902344,1.2696833610534668,40200.0,1001.3900146484376,40200.0,4.698521614074707,-3.542924404144287,0.6859526634216309,40200.0,-9.649003028869627,-1.632382035255432,-0.63438481092453,40200.0,-7.693767070770264,-12.05300998687744,4.22277307510376
703,40300.0,-25.285999298095703,-136.41499328613278,-30.10700035095215,40300.0,0.3588833212852478,-1.0115928649902344,1.2696833610534668,40300.0,1001.3900146484376,40300.0,4.698521614074707,-3.542924404144287,0.6859526634216309,40300.0,-9.649003028869627,-1.632382035255432,-0.63438481092453,40300.0,-7.693767070770264,-12.05300998687744,4.22277307510376
704,40400.0,-22.42799949645996,-134.63800048828122,-33.062000274658196,40400.0,0.7828238010406494,-1.5949691534042358,-1.2476922273635864,40400.0,1001.2999877929688,40400.0,1.3613791465759275,3.0516490936279297,-7.768413543701173,40400.0,-8.8267240524292,-3.0985913276672363,2.942460060119629,40400.0,-4.128202438354491,-6.6415157318115225,3.62841272354126
705,40500.0,-19.27400016784668,-137.46400451660156,-34.15800094604492,40500.0,0.7828238010406494,-1.5949691534042358,-1.2476922273635864,40500.0,1001.2999877929688,40500.0,1.3613791465759275,3.0516490936279297,-7.768413543701173,40500.0,-8.8267240524292,-3.0985913276672363,2.942460060119629,40500.0,-4.128202438354491,-6.6415157318115225,3.62841272354126
706,40600.0,-18.249000549316406,-136.8489990234375,-32.74300003051758,40600.0,-1.8264870643615725,0.9068294763565063,-0.20341812074184407,40600.0,1001.3099975585938,40600.0,-1.33298921585083,-12.050023078918455,-0.6177208423614502,40600.0,-6.7770633697509775,-4.104499340057373,5.778831958770753,40600.0,-5.415684223175049,-1.0528502464294434,-1.98958158493042
707,40700.0,-11.263999938964846,-136.52299499511722,-32.43399810791016,40700.0,-1.8264870643615725,0.9068294763565063,-0.20341812074184407,40700.0,1001.3099975585938,40700.0,-1.33298921585083,-12.050023078918455,-0.6177208423614502,40700.0,-6.7770633697509775,-4.104499340057373,5.778831958770753,40700.0,-5.415684223175049,-1.0528502464294434,-1.98958158493042
708,40800.0,-5.7249999046325675,-138.83299255371094,-32.78900146484375,40800.0,0.7092145681381226,-1.9407188892364504,-0.9376781582832336,40800.0,1001.3200073242188,40800.0,-2.8228259086608887,7.572467803955077,-4.564380168914795,40800.0,-7.373525142669678,-5.686821937561035,3.07596755027771,40800.0,-8.706514358520508,-17.736845016479492,2.45824670791626
709,40900.0,-4.765999794006348,-141.9290008544922,-32.37400054931641,40900.0,1.7537940740585327,-0.489608496427536,0.2938261926174164,40900.0,1001.469970703125,40900.0,-2.8228259086608887,7.572467803955077,-4.564380168914795,40900.0,-6.381083965301514,-6.2155537605285645,4.101102352142334,40900.0,-9.203909873962402,1.3569138050079346,-0.4632780253887177
710,40500.0,-19.27400016784668,-137.46400451660156,-34.15800094604492,40500.0,0.7828238010406494,-1.5949691534042358,-1.2476922273635864,40500.0,1001.2999877929688,40500.0,1.3613791465759275,3.0516490936279297,-7.768413543701173,40500.0,-8.8267240524292,-3.0985913276672363,2.942460060119629,40500.0,-4.128202438354491,-6.6415157318115225,3.62841272354126
711,40600.0,-18.249000549316406,-136.8489990234375,-32.74300003051758,40600.0,-1.8264870643615725,0.9068294763565063,-0.20341812074184407,40600.0,1001.3099975585938,40600.0,-1.33298921585083,-12.050023078918455,-0.6177208423614502,40600.0,-6.7770633697509775,-4.104499340057373,5.778831958770753,40600.0,-5.415684223175049,-1.0528502464294434,-1.98958158493042
712,40700.0,-11.263999938964846,-136.52299499511722,-32.43399810791016,40700.0,-1.8264870643615725,0.9068294763565063,-0.20341812074184407,40700.0,1001.3099975585938,40700.0,-1.33298921585083,-12.050023078918455,-0.6177208423614502,40700.0,-6.7770633697509775,-4.104499340057373,5.778831958770753,40700.0,-5.415684223175049,-1.0528502464294434,-1.98958158493042
713,40800.0,-5.7249999046325675,-138.83299255371094,-32.78900146484375,40800.0,0.7092145681381226,-1.9407188892364504,-0.9376781582832336,40800.0,1001.3200073242188,40800.0,-2.8228259086608887,7.572467803955077,-4.564380168914795,40800.0,-7.373525142669678,-5.686821937561035,3.07596755027771,40800.0,-8.706514358520508,-17.736845016479492,2.45824670791626
714,40900.0,-4.765999794006348,-141.9290008544922,-32.37400054931641,40900.0,1.7537940740585327,-0.489608496427536,0.2938261926174164,40900.0,1001.469970703125,40900.0,-2.8228259086608887,7.572467803955077,-4.564380168914795,40900.0,-6.381083965301514,-6.2155537605285645,4.101102352142334,40900.0,-9.203909873962402,1.3569138050079346,-0.4632780253887177
715,41000.0,-1.8229999542236328,-147.63299560546875,-32.37400054931641,41000.0,1.7537940740585327,-0.489608496427536,0.2938261926174164,41000.0,1001.469970703125,41000.0,-0.8312807083129883,0.6887691020965576,-4.341562271118163,41000.0,-6.381083965301514,-6.2155537605285645,4.101102352142334,41000.0,-9.203909873962402,1.3569138050079346,-0.4632780253887177
716,41100.0,0.07999999821186066,-149.09300231933594,-31.283000946044922,41100.0,2.1813998222351074,0.19608774781227112,1.8753563165664675,41100.0,1001.52001953125,41100.0,-1.3064804077148438,-4.503100395202637,-0.07223391532897949,41100.0,-8.424104690551758,-4.125645637512207,2.860748291015625,41100.0,-9.255385398864746,-3.4368765354156494,-1.48081374168396
717,41200.0,1.0750000476837158,-151.08299255371094,-27.08699989318848,41200.0,2.1813998222351074,0.19608774781227112,1.8753563165664675,41200.0,1001.52001953125,41200.0,-1.3064804077148438,-4.503100395202637,-0.07223391532897949,41200.0,-8.424104690551758,-4.125645637512207,2.860748291015625,41200.0,-9.255385398864746,-3.4368765354156494,-1.48081374168396
718,41300.0,0.7689999938011169,-155.7220001220703,-24.37100028991699,41300.0,-0.2391537427902221,-1.9627100229263303,1.924530982971192,41300.0,1001.3800048828124,41300.0,1.7556567192077637,-2.5281445980072017,-3.8726100921630864,41300.0,-9.526084899902344,-1.5656020641326904,1.7242330312728882,41300.0,-10.832565307617188,-6.068702697753906,1.6519991159439087
719,41400.0,0.7689999938011169,-159.6060028076172,-20.667999267578125,41400.0,-0.2391537427902221,-1.9627100229263303,1.924530982971192,41400.0,1001.3800048828124,41400.0,1.7556567192077637,-2.5281445980072017,-3.8726100921630864,41400.0,-9.526084899902344,-1.5656020641326904,1.7242330312728882,41400.0,-10.832565307617188,-6.068702697753906,1.6519991159439087
720,41000.0,-1.8229999542236328,-147.63299560546875,-32.37400054931641,41000.0,1.7537940740585327,-0.489608496427536,0.2938261926174164,41000.0,1001.469970703125,41000.0,-0.8312807083129883,0.6887691020965576,-4.341562271118163,41000.0,-6.381083965301514,-6.2155537605285645,4.101102352142334,41000.0,-9.203909873962402,1.3569138050079346,-0.4632780253887177
721,41100.0,0.07999999821186066,-149.09300231933594,-31.283000946044922,41100.0,2.1813998222351074,0.19608774781227112,1.8753563165664675,41100.0,1001.52001953125,41100.0,-1.3064804077148438,-4.503100395202637,-0.07223391532897949,41100.0,-8.424104690551758,-4.125645637512207,2.860748291015625,41100.0,-9.255385398864746,-3.4368765354156494,-1.48081374168396
722,41200.0,1.0750000476837158,-151.08299255371094,-27.08699989318848,41200.0,2.1813998222351074,0.19608774781227112,1.8753563165664675,41200.0,1001.52001953125,41200.0,-1.3064804077148438,-4.503100395202637,-0.07223391532897949,41200.0,-8.424104690551758,-4.125645637512207,2.860748291015625,41200.0,-9.255385398864746,-3.4368765354156494,-1.48081374168396
723,41300.0,0.7689999938011169,-155.7220001220703,-24.37100028991699,41300.0,-0.2391537427902221,-1.9627100229263303,1.924530982971192,41300.0,1001.3800048828124,41300.0,1.7556567192077637,-2.5281445980072017,-3.8726100921630864,41300.0,-9.526084899902344,-1.5656020641326904,1.7242330312728882,41300.0,-10.832565307617188,-6.068702697753906,1.6519991159439087
724,41400.0,0.7689999938011169,-159.6060028076172,-20.667999267578125,41400.0,-0.2391537427902221,-1.9627100229263303,1.924530982971192,41400.0,1001.3800048828124,41400.0,1.7556567192077637,-2.5281445980072017,-3.8726100921630864,41400.0,-9.526084899902344,-1.5656020641326904,1.7242330312728882,41400.0,-10.832565307617188,-6.068702697753906,1.6519991159439087
725,41500.0,0.7689999938011169,-162.69500732421875,-18.496000289916992,41500.0,-0.7574729323387146,-2.7351491451263428,-0.07941248267889023,41500.0,1001.2999877929688,41500.0,1.273564338684082,6.8656373023986825,-1.6721863746643066,41500.0,-8.904743194580078,-2.212374925613404,3.4614059925079346,41500.0,-7.1490864753723145,-4.7405195236206055,-0.41120412945747375
726,41600.0,0.4480000138282776,-163.7899932861328,-18.13800048828125,41600.0,-0.7574729323387146,-2.7351491451263428,-0.07941248267889023,41600.0,1001.2999877929688,41600.0,1.273564338684082,6.8656373023986825,-1.6721863746643066,41600.0,-8.904743194580078,-2.212374925613404,3.4614059925079346,41600.0,-7.1490864753723145,-4.7405195236206055,-0.41120412945747375
727,41700.0,0.10199999809265137,-164.40499877929688,-18.799999237060547,41700.0,-0.8839219808578491,0.01924225501716137,-1.6462818384170532,41700.0,1001.3200073242188,41700.0,3.3995909690856934,4.1327905654907235,-1.6008760929107666,41700.0,-7.299171447753906,-5.095125198364258,4.114870548248291,41700.0,-6.025607109069824,1.7705121040344238,2.4426841735839844
728,41800.0,0.902999997138977,-165.02200317382812,-18.35099983215332,41800.0,0.8469646573066711,1.0784826278686523,-0.7889324426651001,41800.0,1001.3300170898438,41800.0,3.3995909690856934,4.1327905654907235,-1.6008760929107666,41800.0,-5.524445056915283,-7.45833683013916,3.1660854816436768,41800.0,-2.1248540878295903,-3.325546264648437,1.5652093887329102
729,41900.0,1.625,-165.02200317382812,-16.583999633789066,41900.0,0.8469646573066711,1.0784826278686523,-0.7889324426651001,41900.0,1001.3300170898438,41900.0,-2.3764524459838867,-0.2843432426452637,-5.403580188751222,41900.0,-5.524445056915283,-7.45833683013916,3.1660854816436768,41900.0,-2.1248540878295903,-3.325546264648437,1.5652093887329102
730,41500.0,0.7689999938011169,-162.69500732421875,-18.496000289916992,41500.0,-0.7574729323387146,-2.7351491451263428,-0.07941248267889023,41500.0,1001.2999877929688,41500.0,1.273564338684082,6.8656373023986825,-1.6721863746643066,41500.0,-8.904743194580078,-2.212374925613404,3.4614059925079346,41500.0,-7.1490864753723145,-4.7405195236206055,-0.41120412945747375
731,41600.0,0.4480000138282776,-163.7899932861328,-18.13800048828125,41600.0,-0.7574729323387146,-2.7351491451263428,-0.07941248267889023,41600.0,1001.2999877929688,41600.0,1.273564338684082,6.8656373023986825,-1.6721863746643066,41600.0,-8.904743194580078,-2.212374925613404,3.4614059925079346,41600.0,-7.1490864753723145,-4.7405195236206055,-0.41120412945747375
732,41700.0,0.10199999809265137,-164.40499877929688,-18.799999237060547,41700.0,-0.8839219808578491,0.01924225501716137,-1.6462818384170532,41700.0,1001.3200073242188,41700.0,3.3995909690856934,4.1327905654907235,-1.6008760929107666,41700.0,-7.299171447753906,-5.095125198364258,4.114870548248291,41700.0,-6.025607109069824,1.7705121040344238,2.4426841735839844
733,41800.0,0.902999997138977,-165.02200317382812,-18.35099983215332,41800.0,0.8469646573066711,1.0784826278686523,-0.7889324426651001,41800.0,1001.3300170898438,41800.0,3.3995909690856934,4.1327905654907235,-1.6008760929107666,41800.0,-5.524445056915283,-7.45833683013916,3.1660854816436768,41800.0,-2.1248540878295903,-3.325546264648437,1.5652093887329102
734,41900.0,1.625,-165.02200317382812,-16.583999633789066,41900.0,0.8469646573066711,1.0784826278686523,-0.7889324426651001,41900.0,1001.3300170898438,41900.0,-2.3764524459838867,-0.2843432426452637,-5.403580188751222,41900.0,-5.524445056915283,-7.45833683013916,3.1660854816436768,41900.0,-2.1248540878295903,-3.325546264648437,1.5652093887329102
735,42000.0,2.303999900817871,-165.02200317382812,-13.034000396728516,42000.0,0.8579602241516113,1.5286902189254759,0.10567969083786012,42000.0,1001.3599853515624,42000.0,2.0139813423156743,-0.6322474479675293,0.3521723747253418,42000.0,-7.6911659240722665,-6.065079689025879,-0.4807690382003784,42000.0,-10.067618370056152,-6.349422931671143,-5.884349346160889
736,42100.0,3.066999912261963,-165.02200317382812,-10.881999969482422,42100.0,0.8579602241516113,1.5286902189254759,0.10567969083786012,42100.0,1001.3599853515624,42100.0,2.0139813423156743,-0.6322474479675293,0.3521723747253418,42100.0,-7.6911659240722665,-6.065079689025879,-0.4807690382003784,42100.0,-10.067618370056152,-6.349422931671143,-5.884349346160889
737,42200.0,3.066999912261963,-164.25900268554688,-8.711999893188478,42200.0,0.5170974135398865,0.7302893996238708,-0.055894169956445694,42200.0,1001.4199829101564,42200.0,-3.3109445571899414,-0.33151817321777344,-0.8177732825279236,42200.0,-8.322104454040527,-4.994725227355957,-1.4020298719406128,42200.0,-6.3081231117248535,-5.626972675323486,-1.049857497215271
738,42300.0,3.066999912261963,-163.35899353027344,-6.250999927520753,42300.0,0.5170974135398865,0.7302893996238708,-0.055894169956445694,42300.0,1001.4199829101564,42300.0,-3.3109445571899414,-0.33151817321777344,-0.8177732825279236,42300.0,-8.322104454040527,-4.994725227355957,-1.4020298719406128,42300.0,-6.3081231117248535,-5.626972675323486,-1.049857497215271
739,42400.0,2.6989998817443848,-162.9770050048828,-4.576000213623047,42400.0,1.0732902288436892,-0.009162978269159794,0.6811147332191467,42400.0,1001.4099731445312,42400.0,-2.308539390563965,-1.9730095863342283,0.8716644644737244,42400.0,-8.393709182739258,-5.02311372756958,-0.6959607005119324,42400.0,-11.7046537399292,-5.3546319007873535,-1.513733983039856
740,42000.0,2.303999900817871,-165.02200317382812,-13.034000396728516,42000.0,0.8579602241516113,1.5286902189254759,0.10567969083786012,42000.0,1001.3599853515624,42000.0,2.0139813423156743,-0.6322474479675293,0.3521723747253418,42000.0,-7.6911659240722665,-6.065079689025879,-0.4807690382003784,42000.0,-10.067618370056152,-6.349422931671143,-5.884349346160889
741,42100.0,3.066999912261963,-165.02200317382812,-10.881999969482422,42100.0,0.8579602241516113,1.5286902189254759,0.10567969083786012,42100.0,1001.3599853515624,42100.0,2.0139813423156743,-0.6322474479675293,0.3521723747253418,42100.0,-7.6911659240722665,-6.065079689025879,-0.4807690382003784,42100.0,-10.067618370056152,-6.349422931671143,-5.884349346160889
742,42200.0,3.066999912261963,-164.25900268554688,-8.711999893188478,42200.0,0.5170974135398865,0.7302893996238708,-0.055894169956445694,42200.0,1001.4199829101564,42200.0,-3.3109445571899414,-0.33151817321777344,-0.8177732825279236,42200.0,-8.322104454040527,-4.994725227355957,-1.4020298719406128,42200.0,-6.3081231117248535,-5.626972675323486,-1.049857497215271
743,42300.0,3.066999912261963,-163.35899353027344,-6.250999927520753,42300.0,0.5170974135398865,0.7302893996238708,-0.055894169956445694,42300.0,1001.4199829101564,42300.0,-3.3109445571899414,-0.33151817321777344,-0.8177732825279236,42300.0,-8.322104454040527,-4.994725227355957,-1.4020298719406128,42300.0,-6.3081231117248535,-5.626972675323486,-1.049857497215271
744,42400.0,2.6989998817443848,-162.9770050048828,-4.576000213623047,42400.0,1.0732902288436892,-0.009162978269159794,0.6811147332191467,42400.0,1001.4099731445312,42400.0,-2.308539390563965,-1.9730095863342283,0.8716644644737244,42400.0,-8.393709182739258,-5.02311372756958,-0.6959607005119324,42400.0,-11.7046537399292,-5.3546319007873535,-1.513733983039856
745,42500.0,0.36000001430511475,-162.625,-1.7990000247955322,42500.0,1.0732902288436892,-0.009162978269159794,0.6811147332191467,42500.0,1001.4099731445312,42500.0,-2.308539390563965,-1.9730095863342283,0.8716644644737244,42500.0,-8.393709182739258,-5.02311372756958,-0.6959607005119324,42500.0,-11.7046537399292,-5.3546319007873535,-1.513733983039856
746,42600.0,-2.4260001182556152,-158.0970001220703,2.127000093460083,42600.0,0.4080579876899719,-0.4056145250797272,1.2901474237442017,42600.0,1001.3099975585938,42600.0,4.443607807159424,-0.6200389862060547,0.4547257423400879,42600.0,-9.059728622436523,-3.622838497161865,0.9832432866096495,42600.0,-11.368268013000488,-5.595848083496094,1.854907751083374
747,42700.0,-2.0850000381469727,-155.4409942626953,3.4600000381469727,42700.0,-0.17073683440685272,-1.111163854598999,-1.2782355546951294,42700.0,1001.3099975585938,42700.0,4.443607807159424,-0.6200389862060547,0.4547257423400879,42700.0,-9.340947151184082,-2.713886976242065,1.2457560300827026,42700.0,-4.897339344024658,-3.33392596244812,1.7004817724227903
748,42800.0,-2.4679999351501465,-154.2989959716797,4.3909997940063485,42800.0,-0.17073683440685272,-1.111163854598999,-1.2782355546951294,42800.0,1001.3099975585938,42800.0,5.708035945892334,2.719456672668457,0.6918673515319824,42800.0,-9.340947151184082,-2.713886976242065,1.2457560300827026,42800.0,-4.897339344024658,-3.33392596244812,1.7004817724227903
749,42900.0,-3.776000022888184,-153.76800537109375,4.394000053405762,42900.0,-0.2687807083129883,1.1731667518615725,-1.2064588069915771,42900.0,1001.4099731445312,42900.0,0.8352632522583008,-0.7294235229492188,-1.0102647542953491,42900.0,-8.13096809387207,-4.635416507720947,2.9275670051574707,42900.0,-2.4229321479797363,-1.91595995426178,3.619434356689453
750,42500.0,0.36000001430511475,-162.625,-1.7990000247955322,42500.0,1.0732902288436892,-0.009162978269159794,0.6811147332191467,42500.0,1001.4099731445312,42500.0,-2.308539390563965,-1.9730095863342283,0.8716644644737244,42500.0,-8.393709182739258,-5.02311372756958,-0.6959607005119324,42500.0,-11.7046537399292,-5.3546319007873535,-1.513733983039856
751,42600.0,-2.4260001182556152,-158.0970001220703,2.127000093460083,42600.0,0.4080579876899719,-0.4056145250797272,1.2901474237442017,42600.0,1001.3099975585938,42600.0,4.443607807159424,-0.6200389862060547,0.4547257423400879,42600.0,-9.059728622436523,-3.622838497161865,0.9832432866096495,42600.0,-11.368268013000488,-5.595848083496094,1.854907751083374
752,42700.0,-2.0850000381469727,-155.4409942626953,3.4600000381469727,42700.0,-0.17073683440685272,-1.111163854598999,-1.2782355546951294,42700.0,1001.3099975585938,42700.0,4.443607807159424,-0.6200389862060547,0.4547257423400879,42700.0,-9.340947151184082,-2.713886976242065,1.2457560300827026,42700.0,-4.897339344024658,-3.33392596244812,1.7004817724227903
753,42800.0,-2.4679999351501465,-154.2989959716797,4.3909997940063485,42800.0,-0.17073683440685272,-1.111163854598999,-1.2782355546951294,42800.0,1001.3099975585938,42800.0,5.708035945892334,2.719456672668457,0.6918673515319824,42800.0,-9.340947151184082,-2.713886976242065,1.2457560300827026,42800.0,-4.897339344024658,-3.33392596244812,1.7004817724227903
754,42900.0,-3.776000022888184,-153.76800537109375,4.394000053405762,42900.0,-0.2687807083129883,1.1731667518615725,-1.2064588069915771,42900.0,1001.4099731445312,42900.0,0.8352632522583008,-0.7294235229492188,-1.0102647542953491,42900.0,-8.13096809387207,-4.635416507720947,2.9275670051574707,42900.0,-2.4229321479797363,-1.91595995426178,3.619434356689453
755,43000.0,-8.081000328063965,-153.81700134277344,5.078000068664551,43000.0,-0.2687807083129883,1.1731667518615725,-1.2064588069915771,43000.0,1001.4099731445312,43000.0,0.8352632522583008,-0.7294235229492188,-1.0102647542953491,43000.0,-8.13096809387207,-4.635416507720947,2.9275670051574707,43000.0,-2.4229321479797363,-1.91595995426178,3.619434356689453
756,43100.0,-9.906000137329102,-153.46299743652344,5.432000160217285,43100.0,-0.5775730609893799,1.0894781351089478,0.013744467869400978,43100.0,1001.27001953125,43100.0,0.7463464736938477,1.6733834743499756,1.0692743062973022,43100.0,-6.839322566986084,-6.858998775482178,-1.5323773622512815,43100.0,-6.004059314727782,-7.588422298431396,-2.542642116546631
757,43200.0,-9.944000244140623,-153.46299743652344,5.432000160217285,43200.0,-0.5775730609893799,1.0894781351089478,0.013744467869400978,43200.0,1001.27001953125,43200.0,0.7463464736938477,1.6733834743499756,1.0692743062973022,43200.0,-6.839322566986084,-6.858998775482178,-1.5323773622512815,43200.0,-6.004059314727782,-7.588422298431396,-2.542642116546631
758,43300.0,-10.362000465393066,-153.76400756835938,5.736999988555907,43300.0,0.4190535545349121,-0.4581489264965058,-0.5375614166259766,43300.0,1001.3800048828124,43300.0,-2.565124988555908,0.5373349189758301,-1.763200044631958,43300.0,-8.22044563293457,-4.995936870574951,-1.9066463708877563,43300.0,-7.474099159240723,-3.322553396224976,-0.8373720645904541
759,43400.0,-12.550000190734865,-154.08099365234375,5.736999988555907,43400.0,0.4190535545349121,-0.4581489264965058,-0.5375614166259766,43400.0,1001.3800048828124,43400.0,-2.565124988555908,0.5373349189758301,-1.763200044631958,43400.0,-8.22044563293457,-4.995936870574951,-1.9066463708877563,43400.0,-7.474099159240723,-3.322553396224976,-0.8373720645904541
760,43000.0,-8.081000328063965,-153.81700134277344,5.078000068664551,43000.0,-0.2687807083129883,1.1731667518615725,-1.2064588069915771,43000.0,1001.4099731445312,43000.0,0.8352632522583008,-0.7294235229492188,-1.0102647542953491,43000.0,-8.13096809387207,-4.635416507720947,2.9275670051574707,43000.0,-2.4229321479797363,-1.91595995426178,3.619434356689453
761,43100.0,-9.906000137329102,-153.46299743652344,5.432000160217285,43100.0,-0.5775730609893799,1.0894781351089478,0.013744467869400978,43100.0,1001.27001953125,43100.0,0.7463464736938477,1.6733834743499756,1.0692743062973022,43100.0,-6.839322566986084,-6.858998775482178,-1.5323773622512815,43100.0,-6.004059314727782,-7.588422298431396,-2.542642116546631
762,43200.0,-9.944000244140623,-153.46299743652344,5.432000160217285,43200.0,-0.5775730609893799,1.0894781351089478,0.013744467869400978,43200.0,1001.27001953125,43200.0,0.7463464736938477,1.6733834743499756,1.0692743062973022,43200.0,-6.839322566986084,-6.858998775482178,-1.5323773622512815,43200.0,-6.004059314727782,-7.588422298431396,-2.542642116546631
763,43300.0,-10.362000465393066,-153.76400756835938,5.736999988555907,43300.0,0.4190535545349121,-0.4581489264965058,-0.5375614166259766,43300.0,1001.3800048828124,43300.0,-2.565124988555908,0.5373349189758301,-1.763200044631958,43300.0,-8.22044563293457,-4.995936870574951,-1.9066463708877563,43300.0,-7.474099159240723,-3.322553396224976,-0.8373720645904541
764,43400.0,-12.550000190734865,-154.08099365234375,5.736999988555907,43400.0,0.4190535545349121,-0.4581489264965058,-0.5375614166259766,43400.0,1001.3800048828124,43400.0,-2.565124988555908,0.5373349189758301,-1.763200044631958,43400.0,-8.22044563293457,-4.995936870574951,-1.9066463708877563,43400.0,-7.474099159240723,-3.322553396224976,-0.8373720645904541
765,43500.0,-13.96399974822998,-153.14999389648438,6.446000099182129,43500.0,1.0250319242477417,0.6615670323371887,0.5375614166259766,43500.0,1001.4600219726564,43500.0,-2.389728546142578,-5.037212371826172,5.661235809326173,43500.0,-7.871200084686277,-5.717788696289063,1.2334829568862915,43500.0,-10.436325073242188,-5.1804537773132315,-0.5297171473503113
766,43600.0,-13.590999603271484,-148.41000366210938,6.804999828338622,43600.0,-0.8423831462860107,-1.4297300577163696,0.9911288619041444,43600.0,1001.1900024414064,43600.0,-2.389728546142578,-5.037212371826172,5.661235809326173,43600.0,-7.871200084686277,-5.717788696289063,1.2334829568862915,43600.0,-11.238382339477539,-9.214085578918457,6.313509941101074
767,43700.0,-13.965999603271484,-140.27200317382812,7.678999900817871,43700.0,-0.8423831462860107,-1.4297300577163696,0.9911288619041444,43700.0,1001.1900024414064,43700.0,0.9233369827270508,-0.03841567039489746,-1.6045563220977783,43700.0,-8.848653793334961,-4.176873207092285,0.6522743701934814,43700.0,-11.238382339477539,-9.214085578918457,6.313509941101074
768,43800.0,-10.286999702453613,-139.55000305175778,8.309000015258789,43800.0,-0.12339477986097334,-1.7840319871902466,0.4456261992454529,43800.0,1001.1699829101564,43800.0,4.68548583984375,2.3866312503814697,-3.5485963821411133,43800.0,-8.755369186401367,-3.7581896781921382,2.321619749069214,43800.0,-7.832032203674316,-3.796605348587036,0.7170634269714355
769,43900.0,-6.74399995803833,-138.17399597167972,9.019000053405762,43900.0,-0.12339477986097334,-1.7840319871902466,0.4456261992454529,43900.0,1001.1699829101564,43900.0,4.68548583984375,2.3866312503814697,-3.5485963821411133,43900.0,-8.755369186401367,-3.7581896781921382,2.321619749069214,43900.0,-7.832032203674316,-3.796605348587036,0.7170634269714355
770,43500.0,-13.96399974822998,-153.14999389648438,6.446000099182129,43500.0,1.0250319242477417,0.6615670323371887,0.5375614166259766,43500.0,1001.4600219726564,43500.0,-2.389728546142578,-5.037212371826172,5.661235809326173,43500.0,-7.871200084686277,-5.717788696289063,1.2334829568862915,43500.0,-10.436325073242188,-5.1804537773132315,-0.5297171473503113
771,43600.0,-13.590999603271484,-148.41000366210938,6.804999828338622,43600.0,-0.8423831462860107,-1.4297300577163696,0.9911288619041444,43600.0,1001.1900024414064,43600.0,-2.389728546142578,-5.037212371826172,5.661235809326173,43600.0,-7.871200084686277,-5.717788696289063,1.2334829568862915,43600.0,-11.238382339477539,-9.214085578918457,6.313509941101074
772,43700.0,-13.965999603271484,-140.27200317382812,7.678999900817871,43700.0,-0.8423831462860107,-1.4297300577163696,0.9911288619041444,43700.0,1001.1900024414064,43700.0,0.9233369827270508,-0.03841567039489746,-1.6045563220977783,43700.0,-8.848653793334961,-4.176873207092285,0.6522743701934814,43700.0,-11.238382339477539,-9.214085578918457,6.313509941101074
773,43800.0,-10.286999702453613,-139.55000305175778,8.309000015258789,43800.0,-0.12339477986097334,-1.7840319871902466,0.4456261992454529,43800.0,1001.1699829101564,43800.0,4.68548583984375,2.3866312503814697,-3.5485963821411133,43800.0,-8.755369186401367,-3.7581896781921382,2.321619749069214,43800.0,-7.832032203674316,-3.796605348587036,0.7170634269714355
774,43900.0,-6.74399995803833,-138.17399597167972,9.019000053405762,43900.0,-0.12339477986097334,-1.7840319871902466,0.4456261992454529,43900.0,1001.1699829101564,43900.0,4.68548583984375,2.3866312503814697,-3.5485963821411133,43900.0,-8.755369186401367,-3.7581896781921382,2.321619749069214,43900.0,-7.832032203674316,-3.796605348587036,0.7170634269714355
775,44000.0,-7.053999900817871,-138.85600280761722,9.019000053405762,44000.0,0.13775011897087094,-0.3002402782440185,-0.2321287989616394,44000.0,1001.2899780273438,44000.0,-5.800498962402344,3.579606056213379,1.065170168876648,44000.0,-7.902694225311277,-3.033065795898437,4.951598644256592,44000.0,-3.2172086238861084,-0.646434485912323,1.403002142906189
776,44100.0,-13.223999977111815,-138.85600280761722,9.373000144958496,44100.0,0.13775011897087094,-0.3002402782440185,-0.2321287989616394,44100.0,1001.2899780273438,44100.0,-5.800498962402344,3.579606056213379,1.065170168876648,44100.0,-7.902694225311277,-3.033065795898437,4.951598644256592,44100.0,-3.2172086238861084,-0.646434485912323,1.403002142906189
777,44200.0,-15.053999900817873,-138.50999450683594,9.373000144958496,44200.0,-0.8188648819923401,2.1988093852996826,-0.6264423131942749,44200.0,1001.2899780273438,44200.0,-2.584693431854248,3.0099191665649414,1.7281310558319092,44200.0,-8.467147827148438,-4.6510114669799805,1.6869646310806274,44200.0,-14.26764678955078,-1.071405291557312,2.7521347999572754
778,44300.0,-16.273000717163086,-138.96000671386722,9.373000144958496,44300.0,-0.8188648819923401,2.1988093852996826,-0.6264423131942749,44300.0,1001.2899780273438,44300.0,-2.584693431854248,3.0099191665649414,1.7281310558319092,44300.0,-8.467147827148438,-4.6510114669799805,1.6869646310806274,44300.0,-14.26764678955078,-1.071405291557312,2.7521347999572754
779,44400.0,-16.129999160766598,-140.54400634765622,9.673999786376953,44400.0,0.009773843921720982,0.6997461318969727,-0.2440406680107117,44400.0,1001.3200073242188,44400.0,1.818267822265625,-0.44358348846435547,-0.6769033670425415,44400.0,-7.934231281280518,-4.829512596130371,-3.145498514175415,44400.0,-10.518924713134766,-1.81959331035614,-1.417367458343506
780,44000.0,-7.053999900817871,-138.85600280761722,9.019000053405762,44000.0,0.13775011897087094,-0.3002402782440185,-0.2321287989616394,44000.0,1001.2899780273438,44000.0,-5.800498962402344,3.579606056213379,1.065170168876648,44000.0,-7.902694225311277,-3.033065795898437,4.951598644256592,44000.0,-3.2172086238861084,-0.646434485912323,1.403002142906189
781,44100.0,-13.223999977111815,-138.85600280761722,9.373000144958496,44100.0,0.13775011897087094,-0.3002402782440185,-0.2321287989616394,44100.0,1001.2899780273438,44100.0,-5.800498962402344,3.579606056213379,1.065170168876648,44100.0,-7.902694225311277,-3.033065795898437,4.951598644256592,44100.0,-3.2172086238861084,-0.646434485912323,1.403002142906189
782,44200.0,-15.053999900817873,-138.50999450683594,9.373000144958496,44200.0,-0.8188648819923401,2.1988093852996826,-0.6264423131942749,44200.0,1001.2899780273438,44200.0,-2.584693431854248,3.0099191665649414,1.7281310558319092,44200.0,-8.467147827148438,-4.6510114669799805,1.6869646310806274,44200.0,-14.26764678955078,-1.071405291557312,2.7521347999572754
783,44300.0,-16.273000717163086,-138.96000671386722,9.373000144958496,44300.0,-0.8188648819923401,2.1988093852996826,-0.6264423131942749,44300.0,1001.2899780273438,44300.0,-2.584693431854248,3.0099191665649414,1.7281310558319092,44300.0,-8.467147827148438,-4.6510114669799805,1.6869646310806274,44300.0,-14.26764678955078,-1.071405291557312,2.7521347999572754
784,44400.0,-16.129999160766598,-140.54400634765622,9.673999786376953,44400.0,0.009773843921720982,0.6997461318969727,-0.2440406680107117,44400.0,1001.3200073242188,44400.0,1.818267822265625,-0.44358348846435547,-0.6769033670425415,44400.0,-7.934231281280518,-4.829512596130371,-3.145498514175415,44400.0,-10.518924713134766,-1.81959331035614,-1.417367458343506
785,44500.0,-16.129999160766598,-141.44400024414062,9.673999786376953,44500.0,0.19517144560813904,0.3249803185462952,-0.2324342280626297,44500.0,1001.3300170898438,44500.0,1.818267822265625,-0.44358348846435547,-0.6769033670425415,44500.0,-8.657304763793945,-4.586634159088135,-0.4292177855968475,44500.0,-6.83903694152832,-5.03021764755249,-1.1061211824417114
786,44600.0,-16.87299919128418,-141.87899780273438,9.673999786376953,44600.0,0.19517144560813904,0.3249803185462952,-0.2324342280626297,44600.0,1001.3300170898438,44600.0,-3.904926300048828,-0.8482379913330078,-1.5025879144668581,44600.0,-8.657304763793945,-4.586634159088135,-0.4292177855968475,44600.0,-6.83903694152832,-5.03021764755249,-1.1061211824417114
787,44700.0,-17.250999450683597,-142.25399780273438,9.673999786376953,44700.0,2.535090684890747,-0.08888089656829834,0.6979135274887085,44700.0,1001.3599853515624,44700.0,0.19747543334960926,-2.567312002182007,-4.0438504219055185,44700.0,-8.713713645935059,-4.498612880706787,0.06367260962724686,44700.0,-12.618639945983887,-5.346850872039795,-1.4389152526855469
788,44800.0,-15.414999961853027,-138.92500305175778,9.982000350952148,44800.0,2.535090684890747,-0.08888089656829834,0.6979135274887085,44800.0,1001.3599853515624,44800.0,0.19747543334960926,-2.567312002182007,-4.0438504219055185,44800.0,-8.713713645935059,-4.498612880706787,0.06367260962724686,44800.0,-12.618639945983887,-5.346850872039795,-1.4389152526855469
789,44900.0,-12.105999946594238,-133.43299865722656,9.982000350952148,44900.0,0.384845107793808,-1.0335839986801147,1.1838568449020386,44900.0,1001.1400146484376,44900.0,6.229259967803955,-3.914108514785767,-2.5501208305358887,44900.0,-9.263718605041504,-2.603564977645874,1.8908644914627075,44900.0,-9.066243171691896,-5.170876979827881,-2.1529858112335205
790,44500.0,-16.129999160766598,-141.44400024414062,9.673999786376953,44500.0,0.19517144560813904,0.3249803185462952,-0.2324342280626297,44500.0,1001.3300170898438,44500.0,1.818267822265625,-0.44358348846435547,-0.6769033670425415,44500.0,-8.657304763793945,-4.586634159088135,-0.4292177855968475,44500.0,-6.83903694152832,-5.03021764755249,-1.1061211824417114
791,44600.0,-16.87299919128418,-141.87899780273438,9.673999786376953,44600.0,0.19517144560813904,0.3249803185462952,-0.2324342280626297,44600.0,1001.3300170898438,44600.0,-3.904926300048828,-0.8482379913330078,-1.5025879144668581,44600.0,-8.657304763793945,-4.586634159088135,-0.4292177855968475,44600.0,-6.83903694152832,-5.03021764755249,-1.1061211824417114
792,44700.0,-17.250999450683597,-142.25399780273438,9.673999786376953,44700.0,2.535090684890747,-0.08888089656829834,0.6979135274887085,44700.0,1001.3599853515624,44700.0,0.19747543334960926,-2.567312002182007,-4.0438504219055185,44700.0,-8.713713645935059,-4.498612880706787,0.06367260962724686,44700.0,-12.618639945983887,-5.346850872039795,-1.4389152526855469
793,44800.0,-15.414999961853027,-138.92500305175778,9.982000350952148,44800.0,2.535090684890747,-0.08888089656829834,0.6979135274887085,44800.0,1001.3599853515624,44800.0,0.19747543334960926,-2.567312002182007,-4.0438504219055185,44800.0,-8.713713645935059,-4.498612880706787,0.06367260962724686,44800.0,-12.618639945983887,-5.346850872039795,-1.4389152526855469
794,44900.0,-12.105999946594238,-133.43299865722656,9.982000350952148,44900.0,0.384845107793808,-1.0335839986801147,1.1838568449020386,44900.0,1001.1400146484376,44900.0,6.229259967803955,-3.914108514785767,-2.5501208305358887,44900.0,-9.263718605041504,-2.603564977645874,1.8908644914627075,44900.0,-9.066243171691896,-5.170876979827881,-2.1529858112335205
795,45000.0,-6.236000061035156,-133.59500122070312,9.982000350952148,45000.0,0.384845107793808,-1.0335839986801147,1.1838568449020386,45000.0,1001.1400146484376,45000.0,6.229259967803955,-3.914108514785767,-2.5501208305358887,45000.0,-9.263718605041504,-2.603564977645874,1.8908644914627075,45000.0,-9.066243171691896,-5.170876979827881,-2.1529858112335205
796,45100.0,-3.236999988555908,-134.156005859375,9.982000350952148,45100.0,-0.11636982858181,-0.9413433670997621,-1.4578299522399902,45100.0,1001.2000122070312,45100.0,3.08206844329834,6.0593976974487305,2.5797574520111084,45100.0,-9.061600685119627,-0.31105881929397583,3.736447811126709,45100.0,-2.832340717315674,-4.2251672744750985,1.1863269805908203
797,45200.0,-6.4070000648498535,-133.83900451660156,9.675000190734863,45200.0,-0.11636982858181,-0.9413433670997621,-1.4578299522399902,45200.0,1001.2000122070312,45200.0,3.08206844329834,6.0593976974487305,2.5797574520111084,45200.0,-9.061600685119627,-0.31105881929397583,3.736447811126709,45200.0,-2.832340717315674,-4.2251672744750985,1.1863269805908203
798,45300.0,-11.836999893188475,-133.48599243164065,10.039999961853027,45300.0,-0.3842342495918274,1.313360333442688,-1.2663236856460571,45300.0,1001.25,45300.0,-4.0994086265563965,-5.023791790008545,-2.0004875659942627,45300.0,-7.148021697998048,-6.3945860862731925,2.04584002494812,45300.0,-4.065953254699707,-0.3351882398128509,4.6255974769592285
799,45400.0,-14.196000099182127,-134.20100402832028,10.781000137329102,45400.0,-0.3842342495918274,1.313360333442688,-1.2663236856460571,45400.0,1001.2000122070312,45400.0,-4.0994086265563965,-5.023791790008545,-2.0004875659942627,45400.0,-7.088097095489503,-6.494114398956299,-1.937974214553833,45400.0,-11.187505722045898,-11.517906188964846,-3.938461780548096
800,45000.0,-6.236000061035156,-133.59500122070312,9.982000350952148,45000.0,0.384845107793808,-1.0335839986801147,1.1838568449020386,45000.0,1001.1400146484376,45000.0,6.229259967803955,-3.914108514785767,-2.5501208305358887,45000.0,-9.263718605041504,-2.603564977645874,1.8908644914627075,45000.0,-9.066243171691896,-5.170876979827881,-2.1529858112335205
801,45100.0,-3.236999988555908,-134.156005859375,9.982000350952148,45100.0,-0.11636982858181,-0.9413433670997621,-1.4578299522399902,45100.0,1001.2000122070312,45100.0,3.08206844329834,6.0593976974487305,2.5797574520111084,45100.0,-9.061600685119627,-0.31105881929397583,3.736447811126709,45100.0,-2.832340717315674,-4.2251672744750985,1.1863269805908203
802,45200.0,-6.4070000648498535,-133.83900451660156,9.675000190734863,45200.0,-0.11636982858181,-0.9413433670997621,-1.4578299522399902,45200.0,1001.2000122070312,45200.0,3.08206844329834,6.0593976974487305,2.5797574520111084,45200.0,-9.061600685119627,-0.31105881929397583,3.736447811126709,45200.0,-2.832340717315674,-4.2251672744750985,1.1863269805908203
803,45300.0,-11.836999893188475,-133.48599243164065,10.039999961853027,45300.0,-0.3842342495918274,1.313360333442688,-1.2663236856460571,45300.0,1001.25,45300.0,-4.0994086265563965,-5.023791790008545,-2.0004875659942627,45300.0,-7.148021697998048,-6.3945860862731925,2.04584002494812,45300.0,-4.065953254699707,-0.3351882398128509,4.6255974769592285
804,45400.0,-14.196000099182127,-134.20100402832028,10.781000137329102,45400.0,-0.3842342495918274,1.313360333442688,-1.2663236856460571,45400.0,1001.2000122070312,45400.0,-4.0994086265563965,-5.023791790008545,-2.0004875659942627,45400.0,-7.088097095489503,-6.494114398956299,-1.937974214553833,45400.0,-11.187505722045898,-11.517906188964846,-3.938461780548096
805,45500.0,-15.480999946594238,-137.56700134277344,11.592000007629395,45500.0,-0.7168503403663635,0.5033529400825499,-0.4175263941287993,45500.0,1001.2000122070312,45500.0,1.7355666160583496,0.7986979484558105,2.1401929855346684,45500.0,-7.088097095489503,-6.494114398956299,-1.937974214553833,45500.0,-11.187505722045898,-11.517906188964846,-3.938461780548096
806,45600.0,-15.869000434875488,-140.84300231933594,12.008000373840332,45600.0,0.24129177629947665,0.16493362188339233,-0.5534439086914062,45600.0,1001.2999877929688,45600.0,-3.2874650955200195,1.0788908004760742,-0.3805040121078491,45600.0,-8.091573715209961,-5.437463760375977,-1.0634008646011353,45600.0,-6.356007099151611,-4.638765811920166,1.0767922401428225
807,45700.0,-16.39699935913086,-140.31300354003906,12.409000396728516,45700.0,0.24129177629947665,0.16493362188339233,-0.5534439086914062,45700.0,1001.2999877929688,45700.0,-3.2874650955200195,1.0788908004760742,-0.3805040121078491,45700.0,-8.091573715209961,-5.437463760375977,-1.0634008646011353,45700.0,-6.356007099151611,-4.638765811920166,1.0767922401428225
808,45800.0,-18.066999435424805,-140.31300354003906,12.734000205993652,45800.0,1.4120149612426758,0.5555819272994995,0.6630942225456238,45800.0,1001.4099731445312,45800.0,-1.3882722854614258,-5.653607368469237,5.286951065063477,45800.0,-8.116117477416992,-5.496192932128906,0.301495373249054,45800.0,-11.403582572937012,-4.417302131652832,-0.07900865375995636
809,45900.0,-16.818000793457028,-140.78599548339844,13.142999649047852,45900.0,1.4120149612426758,0.5555819272994995,0.6630942225456238,45900.0,1001.4099731445312,45900.0,-1.3882722854614258,-5.653607368469237,5.286951065063477,45900.0,-8.116117477416992,-5.496192932128906,0.301495373249054,45900.0,-11.403582572937012,-4.417302131652832,-0.07900865375995636
810,45500.0,-15.480999946594238,-137.56700134277344,11.592000007629395,45500.0,-0.7168503403663635,0.5033529400825499,-0.4175263941287993,45500.0,1001.2000122070312,45500.0,1.7355666160583496,0.7986979484558105,2.1401929855346684,45500.0,-7.088097095489503,-6.494114398956299,-1.937974214553833,45500.0,-11.187505722045898,-11.517906188964846,-3.938461780548096
811,45600.0,-15.869000434875488,-140.84300231933594,12.008000373840332,45600.0,0.24129177629947665,0.16493362188339233,-0.5534439086914062,45600.0,1001.2999877929688,45600.0,-3.2874650955200195,1.0788908004760742,-0.3805040121078491,45600.0,-8.091573715209961,-5.437463760375977,-1.0634008646011353,45600.0,-6.356007099151611,-4.638765811920166,1.0767922401428225
812,45700.0,-16.39699935913086,-140.31300354003906,12.409000396728516,45700.0,0.24129177629947665,0.16493362188339233,-0.5534439086914062,45700.0,1001.2999877929688,45700.0,-3.2874650955200195,1.0788908004760742,-0.3805040121078491,45700.0,-8.091573715209961,-5.437463760375977,-1.0634008646011353,45700.0,-6.356007099151611,-4.638765811920166,1.0767922401428225
813,45800.0,-18.066999435424805,-140.31300354003906,12.734000205993652,45800.0,1.4120149612426758,0.5555819272994995,0.6630942225456238,45800.0,1001.4099731445312,45800.0,-1.3882722854614258,-5.653607368469237,5.286951065063477,45800.0,-8.116117477416992,-5.496192932128906,0.301495373249054,45800.0,-11.403582572937012,-4.417302131652832,-0.07900865375995636
814,45900.0,-16.818000793457028,-140.78599548339844,13.142999649047852,45900.0,1.4120149612426758,0.5555819272994995,0.6630942225456238,45900.0,1001.4099731445312,45900.0,-1.3882722854614258,-5.653607368469237,5.286951065063477,45900.0,-8.116117477416992,-5.496192932128906,0.301495373249054,45900.0,-11.403582572937012,-4.417302131652832,-0.07900865375995636
815,46000.0,-13.437999725341795,-135.31300354003906,13.946000099182127,46000.0,-0.6368269920349121,-2.1252002716064453,1.3051135540008545,46000.0,1001.219970703125,46000.0,4.518186569213867,-2.102675199508667,-3.1923651695251465,46000.0,-9.039074897766113,-3.626318216323853,1.1468671560287476,46000.0,-10.427347183227539,-9.279925346374512,6.433818340301514
816,46100.0,-6.420000076293945,-135.54200744628906,15.486000061035154,46100.0,-0.6368269920349121,-2.1252002716064453,1.3051135540008545,46100.0,1001.219970703125,46100.0,4.518186569213867,-2.102675199508667,-3.1923651695251465,46100.0,-9.039074897766113,-3.626318216323853,1.1468671560287476,46100.0,-10.427347183227539,-9.279925346374512,6.433818340301514
817,46200.0,-1.809000015258789,-137.03900146484378,16.049999237060547,46200.0,-0.3533855378627777,-1.6978999376296997,-0.854905903339386,46200.0,1001.22998046875,46200.0,2.4297680854797363,5.233602046966553,-6.057775020599365,46200.0,-8.445874214172362,-3.4129669666290283,3.631701231002808,46200.0,-3.927687883377075,-5.515642166137695,0.4393360018730164
818,46300.0,-4.605000019073486,-136.33799743652344,17.315000534057614,46300.0,-0.3533855378627777,-1.6978999376296997,-0.854905903339386,46300.0,1001.22998046875,46300.0,2.4297680854797363,5.233602046966553,-6.057775020599365,46300.0,-8.445874214172362,-3.4129669666290283,3.631701231002808,46300.0,-3.927687883377075,-5.515642166137695,0.4393360018730164
819,46400.0,-11.079000473022461,-136.36900329589844,19.472999572753906,46400.0,-0.7611380815505981,1.0778716802597046,-1.256549835205078,46400.0,1001.1900024414064,46400.0,0.2285900115966797,-1.369401931762695,0.2198967933654785,46400.0,-6.437063217163086,-4.712264537811278,5.703433036804199,46400.0,-4.0072951316833505,0.5213374495506287,-0.3543418645858765
820,46000.0,-13.437999725341795,-135.31300354003906,13.946000099182127,46000.0,-0.6368269920349121,-2.1252002716064453,1.3051135540008545,46000.0,1001.219970703125,46000.0,4.518186569213867,-2.102675199508667,-3.1923651695251465,46000.0,-9.039074897766113,-3.626318216323853,1.1468671560287476,46000.0,-10.427347183227539,-9.279925346374512,6.433818340301514
821,46100.0,-6.420000076293945,-135.54200744628906,15.486000061035154,46100.0,-0.6368269920349121,-2.1252002716064453,1.3051135540008545,46100.0,1001.219970703125,46100.0,4.518186569213867,-2.102675199508667,-3.1923651695251465,46100.0,-9.039074897766113,-3.626318216323853,1.1468671560287476,46100.0,-10.427347183227539,-9.279925346374512,6.433818340301514
822,46200.0,-1.809000015258789,-137.03900146484378,16.049999237060547,46200.0,-0.3533855378627777,-1.6978999376296997,-0.854905903339386,46200.0,1001.22998046875,46200.0,2.4297680854797363,5.233602046966553,-6.057775020599365,46200.0,-8.445874214172362,-3.4129669666290283,3.631701231002808,46200.0,-3.927687883377075,-5.515642166137695,0.4393360018730164
823,46300.0,-4.605000019073486,-136.33799743652344,17.315000534057614,46300.0,-0.3533855378627777,-1.6978999376296997,-0.854905903339386,46300.0,1001.22998046875,46300.0,2.4297680854797363,5.233602046966553,-6.057775020599365,46300.0,-8.445874214172362,-3.4129669666290283,3.631701231002808,46300.0,-3.927687883377075,-5.515642166137695,0.4393360018730164
824,46400.0,-11.079000473022461,-136.36900329589844,19.472999572753906,46400.0,-0.7611380815505981,1.0778716802597046,-1.256549835205078,46400.0,1001.1900024414064,46400.0,0.2285900115966797,-1.369401931762695,0.2198967933654785,46400.0,-6.437063217163086,-4.712264537811278,5.703433036804199,46400.0,-4.0072951316833505,0.5213374495506287,-0.3543418645858765
825,46500.0,-9.696000099182127,-137.17799377441406,20.48600006103516,46500.0,-1.0097602605819702,-0.04856378585100174,-0.2620611786842346,46500.0,1001.1900024414064,46500.0,-0.0254058837890625,3.5920076370239262,0.2251771986484528,46500.0,-6.782717227935791,-6.884010314941406,-1.665994644165039,46500.0,-6.554127216339111,-8.253412246704103,-1.4460978507995603
826,46600.0,-7.90500020980835,-138.97200012207028,20.48600006103516,46600.0,-1.0097602605819702,-0.04856378585100174,-0.2620611786842346,46600.0,1001.1900024414064,46600.0,-0.0254058837890625,3.5920076370239262,0.2251771986484528,46600.0,-6.782717227935791,-6.884010314941406,-1.665994644165039,46600.0,-6.554127216339111,-8.253412246704103,-1.4460978507995603
827,46700.0,-8.824000358581543,-143.87600708007812,20.900999069213867,46700.0,-0.4068362414836884,-0.3878994286060333,-0.7980954647064209,46700.0,1001.280029296875,46700.0,-3.92353630065918,2.7954680919647217,-1.8624403476715088,46700.0,-8.184909820556639,-5.3906517028808585,-0.3442887365818024,46700.0,-8.210315704345701,-1.7986440658569336,-0.1191115379333496
828,46800.0,-10.017000198364258,-146.406005859375,21.277999877929688,46800.0,-0.4068362414836884,-0.3878994286060333,-0.7980954647064209,46800.0,1001.280029296875,46800.0,-3.92353630065918,2.7954680919647217,-1.8624403476715088,46800.0,-8.184909820556639,-5.3906517028808585,-0.3442887365818024,46800.0,-8.210315704345701,-1.7986440658569336,-0.1191115379333496
829,46900.0,-9.425000190734863,-149.156005859375,21.277999877929688,46900.0,2.968499660491944,0.33689218759536743,1.2345587015151978,46900.0,1001.260009765625,46900.0,-0.8285245895385742,-6.070161819458008,2.856151342391968,46900.0,-7.83319091796875,-5.876805782318115,0.5240815281867981,46900.0,-11.75672721862793,-3.0813376903533936,-1.338358759880066
830,46500.0,-9.696000099182127,-137.17799377441406,20.48600006103516,46500.0,-1.0097602605819702,-0.04856378585100174,-0.2620611786842346,46500.0,1001.1900024414064,46500.0,-0.0254058837890625,3.5920076370239262,0.2251771986484528,46500.0,-6.782717227935791,-6.884010314941406,-1.665994644165039,46500.0,-6.554127216339111,-8.253412246704103,-1.4460978507995603
831,46600.0,-7.90500020980835,-138.97200012207028,20.48600006103516,46600.0,-1.0097602605819702,-0.04856378585100174,-0.2620611786842346,46600.0,1001.1900024414064,46600.0,-0.0254058837890625,3.5920076370239262,0.2251771986484528,46600.0,-6.782717227935791,-6.884010314941406,-1.665994644165039,46600.0,-6.554127216339111,-8.253412246704103,-1.4460978507995603
832,46700.0,-8.824000358581543,-143.87600708007812,20.900999069213867,46700.0,-0.4068362414836884,-0.3878994286060333,-0.7980954647064209,46700.0,1001.280029296875,46700.0,-3.92353630065918,2.7954680919647217,-1.8624403476715088,46700.0,-8.184909820556639,-5.3906517028808585,-0.3442887365818024,46700.0,-8.210315704345701,-1.7986440658569336,-0.1191115379333496
833,46800.0,-10.017000198364258,-146.406005859375,21.277999877929688,46800.0,-0.4068362414836884,-0.3878994286060333,-0.7980954647064209,46800.0,1001.280029296875,46800.0,-3.92353630065918,2.7954680919647217,-1.8624403476715088,46800.0,-8.184909820556639,-5.3906517028808585,-0.3442887365818024,46800.0,-8.210315704345701,-1.7986440658569336,-0.1191115379333496
834,46900.0,-9.425000190734863,-149.156005859375,21.277999877929688,46900.0,2.968499660491944,0.33689218759536743,1.2345587015151978,46900.0,1001.260009765625,46900.0,-0.8285245895385742,-6.070161819458008,2.856151342391968,46900.0,-7.83319091796875,-5.876805782318115,0.5240815281867981,46900.0,-11.75672721862793,-3.0813376903533936,-1.338358759880066
835,47000.0,-7.604000091552732,-144.70799255371094,21.60300064086914,47000.0,2.968499660491944,0.33689218759536743,1.2345587015151978,47000.0,1001.260009765625,47000.0,-0.8285245895385742,-6.070161819458008,2.856151342391968,47000.0,-7.83319091796875,-5.876805782318115,0.5240815281867981,47000.0,-11.75672721862793,-3.0813376903533936,-1.338358759880066
836,47100.0,-5.484000205993652,-139.1719970703125,21.60300064086914,47100.0,1.1743884086608891,-0.9340129494667052,2.2070560455322266,47100.0,1001.0800170898438,47100.0,5.842262268066406,-5.2221717834472665,-3.442578792572021,47100.0,-9.344438552856444,-2.0551607608795166,2.151321649551392,47100.0,-10.17296314239502,-8.125322341918945,5.0074729919433585
837,47200.0,-2.0469999313354488,-137.1929931640625,17.947999954223633,47200.0,1.1743884086608891,-0.9340129494667052,2.2070560455322266,47200.0,1001.0800170898438,47200.0,5.842262268066406,-5.2221717834472665,-3.442578792572021,47200.0,-9.344438552856444,-2.0551607608795166,2.151321649551392,47200.0,-2.96701455116272,-2.9604303836822514,0.22505496442317965
838,47300.0,4.078000068664552,-136.69200134277344,14.460000038146973,47300.0,0.3121521472930908,-0.9028588533401488,0.07024950534105301,47300.0,1001.0399780273438,47300.0,0.8315625190734863,10.149141311645508,1.1714372634887695,47300.0,-8.809276580810547,2.2617416381835938,3.6676337718963614,47300.0,-2.96701455116272,-2.9604303836822514,0.22505496442317965
839,47400.0,3.75600004196167,-137.76199340820312,15.013999938964846,47400.0,0.24953845143318176,0.4086688458919525,-0.7654141783714294,47400.0,1001.0700073242188,47400.0,2.2140092849731445,-2.5123581886291504,-1.4057424068450928,47400.0,-8.611520767211914,-3.700358867645264,2.884340286254884,47400.0,-7.779958248138428,6.448782444000244,4.0557775497436515
840,47000.0,-7.604000091552732,-144.70799255371094,21.60300064086914,47000.0,2.968499660491944,0.33689218759536743,1.2345587015151978,47000.0,1001.260009765625,47000.0,-0.8285245895385742,-6.070161819458008,2.856151342391968,47000.0,-7.83319091796875,-5.876805782318115,0.5240815281867981,47000.0,-11.75672721862793,-3.0813376903533936,-1.338358759880066
841,47100.0,-5.484000205993652,-139.1719970703125,21.60300064086914,47100.0,1.1743884086608891,-0.9340129494667052,2.2070560455322266,47100.0,1001.0800170898438,47100.0,5.842262268066406,-5.2221717834472665,-3.442578792572021,47100.0,-9.344438552856444,-2.0551607608795166,2.151321649551392,47100.0,-10.17296314239502,-8.125322341918945,5.0074729919433585
842,47200.0,-2.0469999313354488,-137.1929931640625,17.947999954223633,47200.0,1.1743884086608891,-0.9340129494667052,2.2070560455322266,47200.0,1001.0800170898438,47200.0,5.842262268066406,-5.2221717834472665,-3.442578792572021,47200.0,-9.344438552856444,-2.0551607608795166,2.151321649551392,47200.0,-2.96701455116272,-2.9604303836822514,0.22505496442317965
843,47300.0,4.078000068664552,-136.69200134277344,14.460000038146973,47300.0,0.3121521472930908,-0.9028588533401488,0.07024950534105301,47300.0,1001.0399780273438,47300.0,0.8315625190734863,10.149141311645508,1.1714372634887695,47300.0,-8.809276580810547,2.2617416381835938,3.6676337718963614,47300.0,-2.96701455116272,-2.9604303836822514,0.22505496442317965
844,47400.0,3.75600004196167,-137.76199340820312,15.013999938964846,47400.0,0.24953845143318176,0.4086688458919525,-0.7654141783714294,47400.0,1001.0700073242188,47400.0,2.2140092849731445,-2.5123581886291504,-1.4057424068450928,47400.0,-8.611520767211914,-3.700358867645264,2.884340286254884,47400.0,-7.779958248138428,6.448782444000244,4.0557775497436515
845,47500.0,4.065999984741212,-141.7259979248047,15.013999938964846,47500.0,0.24953845143318176,0.4086688458919525,-0.7654141783714294,47500.0,1001.0700073242188,47500.0,2.2140092849731445,-2.5123581886291504,-1.4057424068450928,47500.0,-8.611520767211914,-3.700358867645264,2.884340286254884,47500.0,-7.779958248138428,6.448782444000244,4.0557775497436515
846,47600.0,-7.583000183105469,-142.63299560546875,15.013999938964846,47600.0,-0.7556403279304504,3.5778377056121826,-0.7751879692077637,47600.0,1001.219970703125,47600.0,1.2276997566223145,-2.5099658966064453,4.923128604888916,47600.0,-8.047481536865233,-5.566874980926514,0.6467804908752441,47600.0,-5.83347225189209,-8.079233169555664,-0.7589619159698486
847,47700.0,-18.23699951171875,-143.7209930419922,15.013999938964846,47700.0,-0.7556403279304504,3.5778377056121826,-0.7751879692077637,47700.0,1001.219970703125,47700.0,1.2276997566223145,-2.5099658966064453,4.923128604888916,47700.0,-8.047481536865233,-5.566874980926514,0.6467804908752441,47700.0,-5.83347225189209,-8.079233169555664,-0.7589619159698486
848,47800.0,-26.40200042724609,-140.60200500488278,13.67300033569336,47800.0,3.3799173831939697,2.0949623584747314,0.10445795953273773,47800.0,1001.1900024414064,47800.0,1.6788797378540041,6.5449724197387695,-8.261194229125978,47800.0,-6.532053470611572,-5.761402130126952,-4.506537437438965,47800.0,-5.304353713989258,-8.271368026733397,0.4165911078453064
849,47900.0,-29.110000610351573,-132.86399841308594,9.722000122070312,47900.0,3.3799173831939697,2.0949623584747314,0.10445795953273773,47900.0,1001.1900024414064,47900.0,1.6788797378540041,6.5449724197387695,-8.261194229125978,47900.0,-6.532053470611572,-5.761402130126952,-4.506537437438965,47900.0,-5.304353713989258,-8.271368026733397,0.4165911078453064
850,47500.0,4.065999984741212,-141.7259979248047,15.013999938964846,47500.0,0.24953845143318176,0.4086688458919525,-0.7654141783714294,47500.0,1001.0700073242188,47500.0,2.2140092849731445,-2.5123581886291504,-1.4057424068450928,47500.0,-8.611520767211914,-3.700358867645264,2.884340286254884,47500.0,-7.779958248138428,6.448782444000244,4.0557775497436515
851,47600.0,-7.583000183105469,-142.63299560546875,15.013999938964846,47600.0,-0.7556403279304504,3.5778377056121826,-0.7751879692077637,47600.0,1001.219970703125,47600.0,1.2276997566223145,-2.5099658966064453,4.923128604888916,47600.0,-8.047481536865233,-5.566874980926514,0.6467804908752441,47600.0,-5.83347225189209,-8.079233169555664,-0.7589619159698486
852,47700.0,-18.23699951171875,-143.7209930419922,15.013999938964846,47700.0,-0.7556403279304504,3.5778377056121826,-0.7751879692077637,47700.0,1001.219970703125,47700.0,1.2276997566223145,-2.5099658966064453,4.923128604888916,47700.0,-8.047481536865233,-5.566874980926514,0.6467804908752441,47700.0,-5.83347225189209,-8.079233169555664,-0.7589619159698486
853,47800.0,-26.40200042724609,-140.60200500488278,13.67300033569336,47800.0,3.3799173831939697,2.0949623584747314,0.10445795953273773,47800.0,1001.1900024414064,47800.0,1.6788797378540041,6.5449724197387695,-8.261194229125978,47800.0,-6.532053470611572,-5.761402130126952,-4.506537437438965,47800.0,-5.304353713989258,-8.271368026733397,0.4165911078453064
854,47900.0,-29.110000610351573,-132.86399841308594,9.722000122070312,47900.0,3.3799173831939697,2.0949623584747314,0.10445795953273773,47900.0,1001.1900024414064,47900.0,1.6788797378540041,6.5449724197387695,-8.261194229125978,47900.0,-6.532053470611572,-5.761402130126952,-4.506537437438965,47900.0,-5.304353713989258,-8.271368026733397,0.4165911078453064
855,48000.0,-33.6510009765625,-132.92500305175778,1.5449999570846558,48000.0,2.014633655548096,-1.1059715747833252,1.4049900770187378,48000.0,1001.1799926757812,48000.0,-1.7502775192260742,-1.575177550315857,-2.0969173908233643,48000.0,-8.681321144104004,-4.511098384857178,-0.6745650172233582,48000.0,-7.00244140625,2.033874273300171,-8.935759544372559
856,48100.0,-28.933000564575195,-127.16899871826172,-2.46399998664856,48100.0,2.014633655548096,-1.1059715747833252,1.4049900770187378,48100.0,1001.1799926757812,48100.0,-1.7502775192260742,-1.575177550315857,-2.0969173908233643,48100.0,-8.681321144104004,-4.511098384857178,-0.6745650172233582,48100.0,-7.00244140625,2.033874273300171,-8.935759544372559
857,48200.0,-20.349000930786133,-120.74400329589844,-7.22100019454956,48200.0,2.297158718109131,0.42699480056762695,0.8338310718536377,48200.0,1001.1300048828124,48200.0,0.3710861206054688,1.0895712375640871,-1.3015040159225464,48200.0,-9.307941436767578,-1.3146239519119265,2.793630123138428,48200.0,-11.058218955993652,-2.889801502227783,0.6967126727104187
858,48300.0,-16.767000198364258,-113.2750015258789,-16.270000457763672,48300.0,-0.4877758920192719,-1.075733661651611,-0.9883799552917479,48300.0,1001.1400146484376,48300.0,3.71472692489624,4.335673332214356,3.557497501373291,48300.0,-9.499578475952148,-2.387827157974243,0.4761029779911041,48300.0,-9.12849235534668,-1.2982559204101565,-0.8254010081291199
859,48400.0,-21.524999618530273,-115.3239974975586,-17.386999130249027,48400.0,-0.4877758920192719,-1.075733661651611,-0.9883799552917479,48400.0,1001.1400146484376,48400.0,3.71472692489624,4.335673332214356,3.557497501373291,48400.0,-9.499578475952148,-2.387827157974243,0.4761029779911041,48400.0,-9.12849235534668,-1.2982559204101565,-0.8254010081291199
860,48000.0,-33.6510009765625,-132.92500305175778,1.5449999570846558,48000.0,2.014633655548096,-1.1059715747833252,1.4049900770187378,48000.0,1001.1799926757812,48000.0,-1.7502775192260742,-1.575177550315857,-2.0969173908233643,48000.0,-8.681321144104004,-4.511098384857178,-0.6745650172233582,48000.0,-7.00244140625,2.033874273300171,-8.935759544372559
861,48100.0,-28.933000564575195,-127.16899871826172,-2.46399998664856,48100.0,2.014633655548096,-1.1059715747833252,1.4049900770187378,48100.0,1001.1799926757812,48100.0,-1.7502775192260742,-1.575177550315857,-2.0969173908233643,48100.0,-8.681321144104004,-4.511098384857178,-0.6745650172233582,48100.0,-7.00244140625,2.033874273300171,-8.935759544372559
862,48200.0,-20.349000930786133,-120.74400329589844,-7.22100019454956,48200.0,2.297158718109131,0.42699480056762695,0.8338310718536377,48200.0,1001.1300048828124,48200.0,0.3710861206054688,1.0895712375640871,-1.3015040159225464,48200.0,-9.307941436767578,-1.3146239519119265,2.793630123138428,48200.0,-11.058218955993652,-2.889801502227783,0.6967126727104187
863,48300.0,-16.767000198364258,-113.2750015258789,-16.270000457763672,48300.0,-0.4877758920192719,-1.075733661651611,-0.9883799552917479,48300.0,1001.1400146484376,48300.0,3.71472692489624,4.335673332214356,3.557497501373291,48300.0,-9.499578475952148,-2.387827157974243,0.4761029779911041,48300.0,-9.12849235534668,-1.2982559204101565,-0.8254010081291199
864,48400.0,-21.524999618530273,-115.3239974975586,-17.386999130249027,48400.0,-0.4877758920192719,-1.075733661651611,-0.9883799552917479,48400.0,1001.1400146484376,48400.0,3.71472692489624,4.335673332214356,3.557497501373291,48400.0,-9.499578475952148,-2.387827157974243,0.4761029779911041,48400.0,-9.12849235534668,-1.2982559204101565,-0.8254010081291199
865,48500.0,-22.78700065612793,-122.47599792480469,-13.522000312805176,48500.0,1.6291775703430176,-0.18814650177955627,0.057726766914129264,48500.0,1001.2100219726564,48500.0,8.855772972106934,-0.4951105117797852,-4.846636295318604,48500.0,-8.032071113586426,-5.343033790588379,1.7630172967910769,48500.0,-4.3173441886901855,-1.007360339164734,5.320514678955078
866,48600.0,-21.97800064086914,-127.28199768066406,-16.673999786376953,48600.0,1.6291775703430176,-0.18814650177955627,0.057726766914129264,48600.0,1001.2100219726564,48600.0,8.855772972106934,-0.4951105117797852,-4.846636295318604,48600.0,-8.032071113586426,-5.343033790588379,1.7630172967910769,48600.0,-4.3173441886901855,-1.007360339164734,5.320514678955078
867,48700.0,-21.57200050354004,-133.88800048828122,-19.93099975585937,48700.0,0.9938777685165404,1.6401731967926023,-0.3045163154602051,48700.0,1001.1699829101564,48700.0,-4.3062219619750985,3.7342708110809326,-2.8977370262146,48700.0,-8.050723075866701,-4.341176986694337,3.537008047103882,48700.0,0.8050503134727478,-4.836287498474121,-1.3096283674240112
868,48800.0,-21.89900016784668,-136.35499572753906,-23.82600021362305,48800.0,0.9938777685165404,1.6401731967926023,-0.3045163154602051,48800.0,1001.1699829101564,48800.0,-4.3062219619750985,3.7342708110809326,-2.8977370262146,48800.0,-8.050723075866701,-4.341176986694337,3.537008047103882,48800.0,0.8050503134727478,-4.836287498474121,-1.3096283674240112
869,48900.0,-21.408000946044922,-138.55400085449222,-28.91900062561035,48900.0,1.6224581003189087,2.0992383956909184,0.27550023794174194,48900.0,1001.0700073242188,48900.0,2.223752021789551,4.374267578125,1.5567622184753418,48900.0,-8.459661483764647,-4.462108135223389,-2.1665983200073238,48900.0,-12.765883445739744,-0.7278373241424559,-5.064335346221924
870,48500.0,-22.78700065612793,-122.47599792480469,-13.522000312805176,48500.0,1.6291775703430176,-0.18814650177955627,0.057726766914129264,48500.0,1001.2100219726564,48500.0,8.855772972106934,-0.4951105117797852,-4.846636295318604,48500.0,-8.032071113586426,-5.343033790588379,1.7630172967910769,48500.0,-4.3173441886901855,-1.007360339164734,5.320514678955078
871,48600.0,-21.97800064086914,-127.28199768066406,-16.673999786376953,48600.0,1.6291775703430176,-0.18814650177955627,0.057726766914129264,48600.0,1001.2100219726564,48600.0,8.855772972106934,-0.4951105117797852,-4.846636295318604,48600.0,-8.032071113586426,-5.343033790588379,1.7630172967910769,48600.0,-4.3173441886901855,-1.007360339164734,5.320514678955078
872,48700.0,-21.57200050354004,-133.88800048828122,-19.93099975585937,48700.0,0.9938777685165404,1.6401731967926023,-0.3045163154602051,48700.0,1001.1699829101564,48700.0,-4.3062219619750985,3.7342708110809326,-2.8977370262146,48700.0,-8.050723075866701,-4.341176986694337,3.537008047103882,48700.0,0.8050503134727478,-4.836287498474121,-1.3096283674240112
873,48800.0,-21.89900016784668,-136.35499572753906,-23.82600021362305,48800.0,0.9938777685165404,1.6401731967926023,-0.3045163154602051,48800.0,1001.1699829101564,48800.0,-4.3062219619750985,3.7342708110809326,-2.8977370262146,48800.0,-8.050723075866701,-4.341176986694337,3.537008047103882,48800.0,0.8050503134727478,-4.836287498474121,-1.3096283674240112
874,48900.0,-21.408000946044922,-138.55400085449222,-28.91900062561035,48900.0,1.6224581003189087,2.0992383956909184,0.27550023794174194,48900.0,1001.0700073242188,48900.0,2.223752021789551,4.374267578125,1.5567622184753418,48900.0,-8.459661483764647,-4.462108135223389,-2.1665983200073238,48900.0,-12.765883445739744,-0.7278373241424559,-5.064335346221924
875,49000.0,-20.059999465942386,-142.9219970703125,-30.29700088500977,49000.0,1.6224581003189087,2.0992383956909184,0.27550023794174194,49000.0,1001.0700073242188,49000.0,2.223752021789551,4.374267578125,1.5567622184753418,49000.0,-8.459661483764647,-4.462108135223389,-2.1665983200073238,49000.0,-6.535572052001952,0.9929951429367064,-1.273715257644653
876,49100.0,-17.85700035095215,-148.05999755859375,-32.71699905395508,49100.0,0.9630290865898132,0.5332853794097899,-1.1169670820236206,49100.0,1001.0800170898438,49100.0,-10.40550422668457,-3.9918365478515625,-0.07964515686035156,49100.0,-8.759324073791504,-3.381272315979004,-2.830477476119995,49100.0,-6.535572052001952,0.9929951429367064,-1.273715257644653
877,49200.0,-17.25,-151.97999572753906,-35.13399887084961,49200.0,0.7015787363052368,0.4954117238521576,1.3530665636062622,49200.0,1001.1599731445312,49200.0,0.683192253112793,-3.056104183197021,2.588681697845459,49200.0,-7.659345626831055,-5.452691078186035,-2.7880098819732666,49200.0,-18.064849853515625,-9.444527626037598,-2.867655038833618
878,49300.0,-17.57900047302246,-157.16000366210938,-38.36000061035156,49300.0,0.7015787363052368,0.4954117238521576,1.3530665636062622,49300.0,1001.1599731445312,49300.0,0.683192253112793,-3.056104183197021,2.588681697845459,49300.0,-7.659345626831055,-5.452691078186035,-2.7880098819732666,49300.0,-18.064849853515625,-9.444527626037598,-2.867655038833618
879,49400.0,-23.31800079345703,-160.5399932861328,-39.45700073242188,49400.0,0.760832667350769,-0.06872233748435974,2.1389446258544917,49400.0,1001.1300048828124,49400.0,0.6650104522705078,-3.906861066818237,0.5712801814079285,49400.0,-9.654266357421877,-1.4647469520568848,-0.9055579900741576,49400.0,-8.971074104309082,-4.520851135253906,1.6831238269805908
880,49000.0,-20.059999465942386,-142.9219970703125,-30.29700088500977,49000.0,1.6224581003189087,2.0992383956909184,0.27550023794174194,49000.0,1001.0700073242188,49000.0,2.223752021789551,4.374267578125,1.5567622184753418,49000.0,-8.459661483764647,-4.462108135223389,-2.1665983200073238,49000.0,-6.535572052001952,0.9929951429367064,-1.273715257644653
881,49100.0,-17.85700035095215,-148.05999755859375,-32.71699905395508,49100.0,0.9630290865898132,0.5332853794097899,-1.1169670820236206,49100.0,1001.0800170898438,49100.0,-10.40550422668457,-3.9918365478515625,-0.07964515686035156,49100.0,-8.759324073791504,-3.381272315979004,-2.830477476119995,49100.0,-6.535572052001952,0.9929951429367064,-1.273715257644653
882,49200.0,-17.25,-151.97999572753906,-35.13399887084961,49200.0,0.7015787363052368,0.4954117238521576,1.3530665636062622,49200.0,1001.1599731445312,49200.0,0.683192253112793,-3.056104183197021,2.588681697845459,49200.0,-7.659345626831055,-5.452691078186035,-2.7880098819732666,49200.0,-18.064849853515625,-9.444527626037598,-2.867655038833618
883,49300.0,-17.57900047302246,-157.16000366210938,-38.36000061035156,49300.0,0.7015787363052368,0.4954117238521576,1.3530665636062622,49300.0,1001.1599731445312,49300.0,0.683192253112793,-3.056104183197021,2.588681697845459,49300.0,-7.659345626831055,-5.452691078186035,-2.7880098819732666,49300.0,-18.064849853515625,-9.444527626037598,-2.867655038833618
884,49400.0,-23.31800079345703,-160.5399932861328,-39.45700073242188,49400.0,0.760832667350769,-0.06872233748435974,2.1389446258544917,49400.0,1001.1300048828124,49400.0,0.6650104522705078,-3.906861066818237,0.5712801814079285,49400.0,-9.654266357421877,-1.4647469520568848,-0.9055579900741576,49400.0,-8.971074104309082,-4.520851135253906,1.6831238269805908
885,49500.0,-28.708999633789066,-159.88699340820312,-39.277000427246094,49500.0,0.760832667350769,-0.06872233748435974,2.1389446258544917,49500.0,1001.1300048828124,49500.0,0.6650104522705078,-3.906861066818237,0.5712801814079285,49500.0,-9.654266357421877,-1.4647469520568848,-0.9055579900741576,49500.0,-8.971074104309082,-4.520851135253906,1.6831238269805908
886,49600.0,-37.28400039672852,-154.8459930419922,-38.13100051879883,49600.0,-0.0907134860754013,-1.1722503900527954,-0.03817907720804215,49600.0,1001.0599975585938,49600.0,6.7177391052246085,0.4295754432678223,-0.21775710582733154,49600.0,-9.806072235107422,-0.051352914422750466,0.0931108146905899,49600.0,-9.141061782836914,-3.9582140445709233,0.6643909811973572
887,49700.0,-39.14300155639648,-152.42100524902344,-36.45000076293945,49700.0,-0.0907134860754013,-1.1722503900527954,-0.03817907720804215,49700.0,1001.0599975585938,49700.0,6.7177391052246085,0.4295754432678223,-0.21775710582733154,49700.0,-9.806072235107422,-0.051352914422750466,0.0931108146905899,49700.0,-9.141061782836914,-3.9582140445709233,0.6643909811973572
888,49800.0,-37.04800033569336,-154.947998046875,-36.69499969482422,49800.0,-0.11148291081190108,-0.1765400618314743,-0.9447031021118164,49800.0,1001.1199951171876,49800.0,-0.9086837768554688,1.8911676406860352,0.049667701125144965,49800.0,-9.56145191192627,0.007366364356130362,2.1792068481445317,49800.0,-2.8437130451202406,0.4369418025016785,1.9614497423172
889,49900.0,-35.152999877929695,-156.2449951171875,-36.71200180053711,49900.0,-0.11148291081190108,-0.1765400618314743,-0.9447031021118164,49900.0,1001.1199951171876,49900.0,-0.9086837768554688,1.8911676406860352,0.049667701125144965,49900.0,-9.56145191192627,0.007366364356130362,2.1792068481445317,49900.0,-2.8437130451202406,0.4369418025016785,1.9614497423172
890,49500.0,-28.708999633789066,-159.88699340820312,-39.277000427246094,49500.0,0.760832667350769,-0.06872233748435974,2.1389446258544917,49500.0,1001.1300048828124,49500.0,0.6650104522705078,-3.906861066818237,0.5712801814079285,49500.0,-9.654266357421877,-1.4647469520568848,-0.9055579900741576,49500.0,-8.971074104309082,-4.520851135253906,1.6831238269805908
891,49600.0,-37.28400039672852,-154.8459930419922,-38.13100051879883,49600.0,-0.0907134860754013,-1.1722503900527954,-0.03817907720804215,49600.0,1001.0599975585938,49600.0,6.7177391052246085,0.4295754432678223,-0.21775710582733154,49600.0,-9.806072235107422,-0.051352914422750466,0.0931108146905899,49600.0,-9.141061782836914,-3.9582140445709233,0.6643909811973572
892,49700.0,-39.14300155639648,-152.42100524902344,-36.45000076293945,49700.0,-0.0907134860754013,-1.1722503900527954,-0.03817907720804215,49700.0,1001.0599975585938,49700.0,6.7177391052246085,0.4295754432678223,-0.21775710582733154,49700.0,-9.806072235107422,-0.051352914422750466,0.0931108146905899,49700.0,-9.141061782836914,-3.9582140445709233,0.6643909811973572
893,49800.0,-37.04800033569336,-154.947998046875,-36.69499969482422,49800.0,-0.11148291081190108,-0.1765400618314743,-0.9447031021118164,49800.0,1001.1199951171876,49800.0,-0.9086837768554688,1.8911676406860352,0.049667701125144965,49800.0,-9.56145191192627,0.007366364356130362,2.1792068481445317,49800.0,-2.8437130451202406,0.4369418025016785,1.9614497423172
894,49900.0,-35.152999877929695,-156.2449951171875,-36.71200180053711,49900.0,-0.11148291081190108,-0.1765400618314743,-0.9447031021118164,49900.0,1001.1199951171876,49900.0,-0.9086837768554688,1.8911676406860352,0.049667701125144965,49900.0,-9.56145191192627,0.007366364356130362,2.1792068481445317,49900.0,-2.8437130451202406,0.4369418025016785,1.9614497423172
895,50000.0,-33.56100082397461,-158.2830047607422,-38.7400016784668,50000.0,-0.05833763256669045,1.1181888580322266,-0.8087855577468872,50000.0,1001.010009765625,50000.0,-0.9937257766723632,0.2891573905944824,0.2357043027877808,50000.0,-8.479579925537111,-4.922226905822754,0.19693507254123688,50000.0,-9.388263702392578,-3.0310592651367188,0.24660277366638186
896,50100.0,-30.2450008392334,-158.8179931640625,-40.88999938964844,50100.0,-0.4721988439559937,1.0488556623458862,-0.3292563557624817,50100.0,1001.0,50100.0,1.1198344230651855,-0.32267093658447266,1.6501848697662354,50100.0,-8.308944702148438,-4.808213233947754,-2.003223657608032,50100.0,-9.3026704788208,-4.519055843353272,-1.7675193548202517
897,50200.0,-30.270000457763672,-158.4759979248047,-42.17499923706055,50200.0,-0.4721988439559937,1.0488556623458862,-0.3292563557624817,50200.0,1001.0,50200.0,1.1198344230651855,-0.32267093658447266,1.6501848697662354,50200.0,-8.308944702148438,-4.808213233947754,-2.003223657608032,50200.0,-9.3026704788208,-4.519055843353272,-1.7675193548202517
898,50300.0,-30.270000457763672,-158.4759979248047,-42.45899963378906,50300.0,0.1875356286764145,-0.2910772860050201,-0.455705463886261,50300.0,1001.0900268554688,50300.0,-0.0206289291381836,0.5909359455108643,-1.677539348602295,50300.0,-8.629846572875978,-4.088645458221436,-2.231377363204956,50300.0,-7.510012149810791,-4.411316394805908,-0.5811924338340759
899,50400.0,-29.90999984741211,-158.4759979248047,-42.45899963378906,50400.0,0.1875356286764145,-0.2910772860050201,-0.455705463886261,50400.0,1001.0900268554688,50400.0,-0.0206289291381836,0.5909359455108643,-1.677539348602295,50400.0,-8.629846572875978,-4.088645458221436,-2.231377363204956,50400.0,-7.510012149810791,-4.411316394805908,-0.5811924338340759
900,50000.0,-33.56100082397461,-158.2830047607422,-38.7400016784668,50000.0,-0.05833763256669045,1.1181888580322266,-0.8087855577468872,50000.0,1001.010009765625,50000.0,-0.9937257766723632,0.2891573905944824,0.2357043027877808,50000.0,-8.479579925537111,-4.922226905822754,0.19693507254123688,50000.0,-9.388263702392578,-3.0310592651367188,0.24660277366638186
901,50100.0,-30.2450008392334,-158.8179931640625,-40.88999938964844,50100.0,-0.4721988439559937,1.0488556623458862,-0.3292563557624817,50100.0,1001.0,50100.0,1.1198344230651855,-0.32267093658447266,1.6501848697662354,50100.0,-8.308944702148438,-4.808213233947754,-2.003223657608032,50100.0,-9.3026704788208,-4.519055843353272,-1.7675193548202517
902,50200.0,-30.270000457763672,-158.4759979248047,-42.17499923706055,50200.0,-0.4721988439559937,1.0488556623458862,-0.3292563557624817,50200.0,1001.0,50200.0,1.1198344230651855,-0.32267093658447266,1.6501848697662354,50200.0,-8.308944702148438,-4.808213233947754,-2.003223657608032,50200.0,-9.3026704788208,-4.519055843353272,-1.7675193548202517
903,50300.0,-30.270000457763672,-158.4759979248047,-42.45899963378906,50300.0,0.1875356286764145,-0.2910772860050201,-0.455705463886261,50300.0,1001.0900268554688,50300.0,-0.0206289291381836,0.5909359455108643,-1.677539348602295,50300.0,-8.629846572875978,-4.088645458221436,-2.231377363204956,50300.0,-7.510012149810791,-4.411316394805908,-0.5811924338340759
904,50400.0,-29.90999984741211,-158.4759979248047,-42.45899963378906,50400.0,0.1875356286764145,-0.2910772860050201,-0.455705463886261,50400.0,1001.0900268554688,50400.0,-0.0206289291381836,0.5909359455108643,-1.677539348602295,50400.0,-8.629846572875978,-4.088645458221436,-2.231377363204956,50400.0,-7.510012149810791,-4.411316394805908,-0.5811924338340759
905,50500.0,-29.572999954223643,-158.80499267578125,-43.23500061035156,50500.0,0.1722639948129654,0.2831360399723053,-0.12492194026708606,50500.0,1001.1300048828124,50500.0,-1.5972509384155271,-1.879350662231445,0.8044837117195129,50500.0,-8.761302947998049,-4.398913860321045,0.2440110743045807,50500.0,-8.78193187713623,-3.8079779148101807,-1.4335283041000366
906,50600.0,-29.184999465942386,-160.73699951171875,-43.56800079345703,50600.0,0.1722639948129654,0.2831360399723053,-0.12492194026708606,50600.0,1001.1300048828124,50600.0,-1.5972509384155271,-1.879350662231445,0.8044837117195129,50600.0,-8.761302947998049,-4.398913860321045,0.2440110743045807,50600.0,-8.78193187713623,-3.8079779148101807,-1.4335283041000366
907,50700.0,-29.916000366210927,-160.41799926757812,-43.56800079345703,50700.0,0.8475755453109741,-0.6432411074638367,0.9373727440834044,50700.0,1001.0399780273438,50700.0,-0.8929853439331055,-4.789607524871826,1.5730390548706057,50700.0,-8.919878959655762,-4.0283422470092765,-0.6153417825698853,50700.0,-10.517129898071287,-5.907692909240723,0.18914192914962769
908,50800.0,-35.446998596191406,-160.41799926757812,-42.36600112915039,50800.0,0.8475755453109741,-0.6432411074638367,0.9373727440834044,50800.0,1001.0399780273438,50800.0,-0.8929853439331055,-4.789607524871826,1.5730390548706057,50800.0,-8.919878959655762,-4.0283422470092765,-0.6153417825698853,50800.0,-10.517129898071287,-5.907692909240723,0.18914192914962769
909,50900.0,-39.54399871826172,-154.90199279785156,-38.66999816894531,50900.0,0.8509352803230286,-0.5064072608947754,1.4242323637008667,50900.0,1001.0599975585938,50900.0,2.7010302543640137,-0.8648895025253296,0.5678813457489014,50900.0,-9.37454891204834,-2.3594789505004883,1.6495563983917236,50900.0,-10.267534255981444,-7.1490864753723145,3.2225954532623287
910,50500.0,-29.572999954223643,-158.80499267578125,-43.23500061035156,50500.0,0.1722639948129654,0.2831360399723053,-0.12492194026708606,50500.0,1001.1300048828124,50500.0,-1.5972509384155271,-1.879350662231445,0.8044837117195129,50500.0,-8.761302947998049,-4.398913860321045,0.2440110743045807,50500.0,-8.78193187713623,-3.8079779148101807,-1.4335283041000366
911,50600.0,-29.184999465942386,-160.73699951171875,-43.56800079345703,50600.0,0.1722639948129654,0.2831360399723053,-0.12492194026708606,50600.0,1001.1300048828124,50600.0,-1.5972509384155271,-1.879350662231445,0.8044837117195129,50600.0,-8.761302947998049,-4.398913860321045,0.2440110743045807,50600.0,-8.78193187713623,-3.8079779148101807,-1.4335283041000366
912,50700.0,-29.916000366210927,-160.41799926757812,-43.56800079345703,50700.0,0.8475755453109741,-0.6432411074638367,0.9373727440834044,50700.0,1001.0399780273438,50700.0,-0.8929853439331055,-4.789607524871826,1.5730390548706057,50700.0,-8.919878959655762,-4.0283422470092765,-0.6153417825698853,50700.0,-10.517129898071287,-5.907692909240723,0.18914192914962769
913,50800.0,-35.446998596191406,-160.41799926757812,-42.36600112915039,50800.0,0.8475755453109741,-0.6432411074638367,0.9373727440834044,50800.0,1001.0399780273438,50800.0,-0.8929853439331055,-4.789607524871826,1.5730390548706057,50800.0,-8.919878959655762,-4.0283422470092765,-0.6153417825698853,50800.0,-10.517129898071287,-5.907692909240723,0.18914192914962769
914,50900.0,-39.54399871826172,-154.90199279785156,-38.66999816894531,50900.0,0.8509352803230286,-0.5064072608947754,1.4242323637008667,50900.0,1001.0599975585938,50900.0,2.7010302543640137,-0.8648895025253296,0.5678813457489014,50900.0,-9.37454891204834,-2.3594789505004883,1.6495563983917236,50900.0,-10.267534255981444,-7.1490864753723145,3.2225954532623287
915,51000.0,-41.4010009765625,-151.5500030517578,-36.98799896240234,51000.0,-0.2687807083129883,-0.7544185519218445,-0.4471533596515656,51000.0,1001.02001953125,51000.0,4.693514347076416,2.03641128540039,0.2706592082977295,51000.0,-9.568798065185547,-1.4658659696578982,1.5683450698852541,51000.0,-6.867767810821532,-2.3307554721832275,2.1362264156341557
916,51100.0,-42.09400177001953,-150.4949951171875,-36.27099990844727,51100.0,-0.2687807083129883,-0.7544185519218445,-0.4471533596515656,51100.0,1001.02001953125,51100.0,4.693514347076416,2.03641128540039,0.2706592082977295,51100.0,-9.568798065185547,-1.4658659696578982,1.5683450698852541,51100.0,-6.867767810821532,-2.3307554721832275,2.1362264156341557
917,51200.0,-39.95899963378906,-151.41400146484375,-36.94599914550781,51200.0,-0.6572909951210022,0.3100140988826752,-0.808174729347229,51200.0,1001.0999755859376,51200.0,6.339689254760742,2.2397384643554688,-0.5535721778869629,51200.0,-9.137152671813963,-2.1854503154754643,2.811875581741333,51200.0,-4.443638324737549,-0.14903905987739566,3.0825347900390625
918,51300.0,-37.2140007019043,-151.5240020751953,-36.94599914550781,51300.0,-0.6572909951210022,0.3100140988826752,-0.808174729347229,51300.0,1001.0999755859376,51300.0,6.339689254760742,2.2397384643554688,-0.5535721778869629,51300.0,-9.137152671813963,-2.1854503154754643,2.811875581741333,51300.0,-4.443638324737549,-0.14903905987739566,3.0825347900390625
919,51400.0,-31.347000122070323,-151.89599609375,-41.43600082397461,51400.0,-0.7641924023628235,0.2947424948215485,-0.827722430229187,51400.0,1001.0999755859376,51400.0,0.2533159255981445,-0.2945156097412109,-1.004114270210266,51400.0,-8.880536079406738,-3.6367552280426025,2.0200207233428955,51400.0,-2.540846586227417,-1.3970166444778442,1.4664485454559326
920,51000.0,-41.4010009765625,-151.5500030517578,-36.98799896240234,51000.0,-0.2687807083129883,-0.7544185519218445,-0.4471533596515656,51000.0,1001.02001953125,51000.0,4.693514347076416,2.03641128540039,0.2706592082977295,51000.0,-9.568798065185547,-1.4658659696578982,1.5683450698852541,51000.0,-6.867767810821532,-2.3307554721832275,2.1362264156341557
921,51100.0,-42.09400177001953,-150.4949951171875,-36.27099990844727,51100.0,-0.2687807083129883,-0.7544185519218445,-0.4471533596515656,51100.0,1001.02001953125,51100.0,4.693514347076416,2.03641128540039,0.2706592082977295,51100.0,-9.568798065185547,-1.4658659696578982,1.5683450698852541,51100.0,-6.867767810821532,-2.3307554721832275,2.1362264156341557
922,51200.0,-39.95899963378906,-151.41400146484375,-36.94599914550781,51200.0,-0.6572909951210022,0.3100140988826752,-0.808174729347229,51200.0,1001.0999755859376,51200.0,6.339689254760742,2.2397384643554688,-0.5535721778869629,51200.0,-9.137152671813963,-2.1854503154754643,2.811875581741333,51200.0,-4.443638324737549,-0.14903905987739566,3.0825347900390625
923,51300.0,-37.2140007019043,-151.5240020751953,-36.94599914550781,51300.0,-0.6572909951210022,0.3100140988826752,-0.808174729347229,51300.0,1001.0999755859376,51300.0,6.339689254760742,2.2397384643554688,-0.5535721778869629,51300.0,-9.137152671813963,-2.1854503154754643,2.811875581741333,51300.0,-4.443638324737549,-0.14903905987739566,3.0825347900390625
924,51400.0,-31.347000122070323,-151.89599609375,-41.43600082397461,51400.0,-0.7641924023628235,0.2947424948215485,-0.827722430229187,51400.0,1001.0999755859376,51400.0,0.2533159255981445,-0.2945156097412109,-1.004114270210266,51400.0,-8.880536079406738,-3.6367552280426025,2.0200207233428955,51400.0,-2.540846586227417,-1.3970166444778442,1.4664485454559326
925,51500.0,-31.06800079345703,-151.89599609375,-42.900001525878906,51500.0,-0.7641924023628235,0.2947424948215485,-0.827722430229187,51500.0,1001.0999755859376,51500.0,0.2533159255981445,-0.2945156097412109,-1.004114270210266,51500.0,-8.880536079406738,-3.6367552280426025,2.0200207233428955,51500.0,-2.540846586227417,-1.3970166444778442,1.4664485454559326
926,51600.0,-30.02700042724609,-152.20700073242188,-44.882999420166016,51600.0,0.02229658141732216,-0.4285219609737396,-0.02718350291252136,51600.0,1001.0900268554688,51600.0,0.7356452941894531,-0.9361138343811036,-1.469613790512085,51600.0,-8.245161056518555,-5.280981540679932,-0.5467299222946167,51600.0,-7.99184513092041,-5.5754971504211435,-1.5508441925048828
927,51700.0,-28.94499969482422,-151.8979949951172,-45.22000122070313,51700.0,0.02229658141732216,-0.4285219609737396,-0.02718350291252136,51700.0,1001.0900268554688,51700.0,0.7356452941894531,-0.9361138343811036,-1.469613790512085,51700.0,-8.245161056518555,-5.280981540679932,-0.5467299222946167,51700.0,-7.99184513092041,-5.5754971504211435,-1.5508441925048828
928,51800.0,-28.125,-151.1820068359375,-45.22000122070313,51800.0,0.44196099042892456,0.3915646076202393,-0.2797762751579285,51800.0,1001.010009765625,51800.0,-0.25095081329345703,1.065867900848389,-1.7174421548843384,51800.0,-8.795126914978027,-4.180893898010254,1.1559733152389526,51800.0,-8.059481620788574,-5.1170077323913565,-0.31364041566848755
929,51900.0,-26.29599952697754,-150.8459930419922,-45.97900009155274,51900.0,0.06994406878948213,0.15821409225463867,0.0061086523346602925,51900.0,1001.010009765625,51900.0,-1.9102249145507808,-3.791722297668457,-0.6799566745758057,51900.0,-8.70875072479248,-4.508131504058838,-0.06923092156648636,51900.0,-8.959701538085938,-3.4422636032104488,-1.786673069000244
930,51500.0,-31.06800079345703,-151.89599609375,-42.900001525878906,51500.0,-0.7641924023628235,0.2947424948215485,-0.827722430229187,51500.0,1001.0999755859376,51500.0,0.2533159255981445,-0.2945156097412109,-1.004114270210266,51500.0,-8.880536079406738,-3.6367552280426025,2.0200207233428955,51500.0,-2.540846586227417,-1.3970166444778442,1.4664485454559326
931,51600.0,-30.02700042724609,-152.20700073242188,-44.882999420166016,51600.0,0.02229658141732216,-0.4285219609737396,-0.02718350291252136,51600.0,1001.0900268554688,51600.0,0.7356452941894531,-0.9361138343811036,-1.469613790512085,51600.0,-8.245161056518555,-5.280981540679932,-0.5467299222946167,51600.0,-7.99184513092041,-5.5754971504211435,-1.5508441925048828
932,51700.0,-28.94499969482422,-151.8979949951172,-45.22000122070313,51700.0,0.02229658141732216,-0.4285219609737396,-0.02718350291252136,51700.0,1001.0900268554688,51700.0,0.7356452941894531,-0.9361138343811036,-1.469613790512085,51700.0,-8.245161056518555,-5.280981540679932,-0.5467299222946167,51700.0,-7.99184513092041,-5.5754971504211435,-1.5508441925048828
933,51800.0,-28.125,-151.1820068359375,-45.22000122070313,51800.0,0.44196099042892456,0.3915646076202393,-0.2797762751579285,51800.0,1001.010009765625,51800.0,-0.25095081329345703,1.065867900848389,-1.7174421548843384,51800.0,-8.795126914978027,-4.180893898010254,1.1559733152389526,51800.0,-8.059481620788574,-5.1170077323913565,-0.31364041566848755
934,51900.0,-26.29599952697754,-150.8459930419922,-45.97900009155274,51900.0,0.06994406878948213,0.15821409225463867,0.0061086523346602925,51900.0,1001.010009765625,51900.0,-1.9102249145507808,-3.791722297668457,-0.6799566745758057,51900.0,-8.70875072479248,-4.508131504058838,-0.06923092156648636,51900.0,-8.959701538085938,-3.4422636032104488,-1.786673069000244
935,52000.0,-25.15200042724609,-151.1479949951172,-45.97900009155274,52000.0,0.06994406878948213,0.15821409225463867,0.0061086523346602925,52000.0,1001.0800170898438,52000.0,-1.9102249145507808,-3.791722297668457,-0.6799566745758057,52000.0,-8.70875072479248,-4.508131504058838,-0.06923092156648636,52000.0,-8.959701538085938,-3.4422636032104488,-1.786673069000244
936,52100.0,-24.642000198364247,-152.7830047607422,-46.31800079345703,52100.0,0.9599747061729432,-0.05253441259264946,0.6716463565826416,52100.0,1001.0900268554688,52100.0,0.2765083312988281,-1.0472397804260254,-1.7627313137054443,52100.0,-8.798440933227539,-4.3300085067749015,-0.09396905452013016,52100.0,-10.70866584777832,-8.121730804443361,-0.7739257216453552
937,52200.0,-24.642000198364247,-154.0489959716797,-46.665000915527344,52200.0,0.9599747061729432,-0.05253441259264946,0.6716463565826416,52200.0,1001.0900268554688,52200.0,0.2765083312988281,-1.0472397804260254,-1.7627313137054443,52200.0,-8.798440933227539,-4.3300085067749015,-0.09396905452013016,52200.0,-10.70866584777832,-8.121730804443361,-0.7739257216453552
938,52300.0,-28.41699981689453,-156.07899475097656,-46.96599960327149,52300.0,0.6557638645172119,-1.0204503536224363,1.3597860336303709,52300.0,1000.9400024414064,52300.0,2.4988689422607417,-2.6643567085266118,-0.4215117692947388,52300.0,-9.257159233093262,-3.1551828384399414,0.7212536931037903,52300.0,-8.980650901794434,-4.202422618865967,-1.0414776802062988
939,52400.0,-32.80599975585937,-155.76699829101562,-46.96599960327149,52400.0,0.6557638645172119,-1.0204503536224363,1.3597860336303709,52400.0,1000.9400024414064,52400.0,2.4988689422607417,-2.6643567085266118,-0.4215117692947388,52400.0,-9.257159233093262,-3.1551828384399414,0.7212536931037903,52400.0,-8.980650901794434,-4.202422618865967,-1.0414776802062988
940,52000.0,-25.15200042724609,-151.1479949951172,-45.97900009155274,52000.0,0.06994406878948213,0.15821409225463867,0.0061086523346602925,52000.0,1001.0800170898438,52000.0,-1.9102249145507808,-3.791722297668457,-0.6799566745758057,52000.0,-8.70875072479248,-4.508131504058838,-0.06923092156648636,52000.0,-8.959701538085938,-3.4422636032104488,-1.786673069000244
941,52100.0,-24.642000198364247,-152.7830047607422,-46.31800079345703,52100.0,0.9599747061729432,-0.05253441259264946,0.6716463565826416,52100.0,1001.0900268554688,52100.0,0.2765083312988281,-1.0472397804260254,-1.7627313137054443,52100.0,-8.798440933227539,-4.3300085067749015,-0.09396905452013016,52100.0,-10.70866584777832,-8.121730804443361,-0.7739257216453552
942,52200.0,-24.642000198364247,-154.0489959716797,-46.665000915527344,52200.0,0.9599747061729432,-0.05253441259264946,0.6716463565826416,52200.0,1001.0900268554688,52200.0,0.2765083312988281,-1.0472397804260254,-1.7627313137054443,52200.0,-8.798440933227539,-4.3300085067749015,-0.09396905452013016,52200.0,-10.70866584777832,-8.121730804443361,-0.7739257216453552
943,52300.0,-28.41699981689453,-156.07899475097656,-46.96599960327149,52300.0,0.6557638645172119,-1.0204503536224363,1.3597860336303709,52300.0,1000.9400024414064,52300.0,2.4988689422607417,-2.6643567085266118,-0.4215117692947388,52300.0,-9.257159233093262,-3.1551828384399414,0.7212536931037903,52300.0,-8.980650901794434,-4.202422618865967,-1.0414776802062988
944,52400.0,-32.80599975585937,-155.76699829101562,-46.96599960327149,52400.0,0.6557638645172119,-1.0204503536224363,1.3597860336303709,52400.0,1000.9400024414064,52400.0,2.4988689422607417,-2.6643567085266118,-0.4215117692947388,52400.0,-9.257159233093262,-3.1551828384399414,0.7212536931037903,52400.0,-8.980650901794434,-4.202422618865967,-1.0414776802062988
945,52500.0,-41.1510009765625,-152.75999450683594,-46.96599960327149,52500.0,-0.2498438805341721,-0.6304129362106323,0.6597344875335693,52500.0,1000.9000244140624,52500.0,4.264293670654297,0.4851495325565338,-0.930109977722168,52500.0,-9.325336456298828,-2.0833454132080083,2.2063891887664795,52500.0,-6.826467514038086,-4.747702121734619,1.7848774194717407
946,52600.0,-44.54100036621094,-147.68600463867188,-46.23500061035156,52600.0,-0.2498438805341721,-0.6304129362106323,0.6597344875335693,52600.0,1000.9000244140624,52600.0,4.264293670654297,0.4851495325565338,-0.930109977722168,52600.0,-9.325336456298828,-2.0833454132080083,2.2063891887664795,52600.0,-6.826467514038086,-4.747702121734619,1.7848774194717407
947,52700.0,-41.47000122070313,-148.56500244140625,-45.84600067138672,52700.0,-0.2464841306209564,-0.7177666425704956,-1.1808024644851685,52700.0,1001.02001953125,52700.0,-10.92370891571045,-1.3796827793121338,-4.166612625122069,52700.0,-9.205925941467283,-0.9430406093597412,3.24530291557312,52700.0,-4.941632270812988,-0.4578910768032074,2.3151929378509517
948,52800.0,-39.04800033569336,-150.87399291992188,-47.1349983215332,52800.0,-0.6863071322441101,2.112677335739136,-0.816726803779602,52800.0,1000.9600219726564,52800.0,1.1199989318847656,0.6042990684509277,2.780886173248291,52800.0,-8.328066825866701,-2.823338270187378,4.340790748596191,52800.0,-19.25177574157715,-4.203021049499512,0.17417816817760468
949,52900.0,-35.89099884033203,-151.33900451660156,-51.74800109863281,52900.0,-0.6863071322441101,2.112677335739136,-0.816726803779602,52900.0,1000.9600219726564,52900.0,1.1199989318847656,0.6042990684509277,2.780886173248291,52900.0,-8.328066825866701,-2.823338270187378,4.340790748596191,52900.0,-19.25177574157715,-4.203021049499512,0.17417816817760468
950,52500.0,-41.1510009765625,-152.75999450683594,-46.96599960327149,52500.0,-0.2498438805341721,-0.6304129362106323,0.6597344875335693,52500.0,1000.9000244140624,52500.0,4.264293670654297,0.4851495325565338,-0.930109977722168,52500.0,-9.325336456298828,-2.0833454132080083,2.2063891887664795,52500.0,-6.826467514038086,-4.747702121734619,1.7848774194717407
951,52600.0,-44.54100036621094,-147.68600463867188,-46.23500061035156,52600.0,-0.2498438805341721,-0.6304129362106323,0.6597344875335693,52600.0,1000.9000244140624,52600.0,4.264293670654297,0.4851495325565338,-0.930109977722168,52600.0,-9.325336456298828,-2.0833454132080083,2.2063891887664795,52600.0,-6.826467514038086,-4.747702121734619,1.7848774194717407
952,52700.0,-41.47000122070313,-148.56500244140625,-45.84600067138672,52700.0,-0.2464841306209564,-0.7177666425704956,-1.1808024644851685,52700.0,1001.02001953125,52700.0,-10.92370891571045,-1.3796827793121338,-4.166612625122069,52700.0,-9.205925941467283,-0.9430406093597412,3.24530291557312,52700.0,-4.941632270812988,-0.4578910768032074,2.3151929378509517
953,52800.0,-39.04800033569336,-150.87399291992188,-47.1349983215332,52800.0,-0.6863071322441101,2.112677335739136,-0.816726803779602,52800.0,1000.9600219726564,52800.0,1.1199989318847656,0.6042990684509277,2.780886173248291,52800.0,-8.328066825866701,-2.823338270187378,4.340790748596191,52800.0,-19.25177574157715,-4.203021049499512,0.17417816817760468
954,52900.0,-35.89099884033203,-151.33900451660156,-51.74800109863281,52900.0,-0.6863071322441101,2.112677335739136,-0.816726803779602,52900.0,1000.9600219726564,52900.0,1.1199989318847656,0.6042990684509277,2.780886173248291,52900.0,-8.328066825866701,-2.823338270187378,4.340790748596191,52900.0,-19.25177574157715,-4.203021049499512,0.17417816817760468
955,53000.0,-34.46900177001953,-150.8939971923828,-53.61399841308594,53000.0,-0.8210029006004333,0.5177083015441895,-0.2342668175697327,53000.0,1000.969970703125,53000.0,0.5594110488891602,0.6547915935516357,0.5969111323356628,53000.0,-7.753733158111572,-4.952169418334961,-3.3949990272521973,53000.0,-6.6337342262268075,-4.347870349884033,-0.6141127347946167
956,53100.0,-34.14400100708008,-150.8939971923828,-54.80400085449219,53100.0,-0.8210029006004333,0.5177083015441895,-0.2342668175697327,53100.0,1000.969970703125,53100.0,0.5594110488891602,0.6547915935516357,0.5969111323356628,53100.0,-7.753733158111572,-4.952169418334961,-3.3949990272521973,53100.0,-6.6337342262268075,-4.347870349884033,-0.6141127347946167
957,53200.0,-34.873001098632805,-147.13999938964844,-54.84700012207031,53200.0,0.0015271630836650731,0.244346097111702,-0.5006040930747986,53200.0,1000.9600219726564,53200.0,-0.0002841949462890625,1.0974862575531006,-0.4787276685237885,53200.0,-8.775712966918945,-4.1964144706726065,-1.2439441680908203,53200.0,-8.216301918029785,-3.541622877120972,-0.6470330357551575
958,53300.0,-34.47499847412109,-146.38600158691406,-55.04899978637695,53300.0,0.0015271630836650731,0.244346097111702,-0.5006040930747986,53300.0,1000.9600219726564,53300.0,-0.0002841949462890625,1.0974862575531006,-0.4787276685237885,53300.0,-8.775712966918945,-4.1964144706726065,-1.2439441680908203,53300.0,-8.216301918029785,-3.541622877120972,-0.6470330357551575
959,53400.0,-34.123001098632805,-146.91900634765625,-55.4900016784668,53400.0,0.35246923565864563,0.3741549551486969,-0.5070181488990784,53400.0,1001.010009765625,53400.0,-1.8606128692626955,-0.8091316223144531,-1.1161714792251587,53400.0,-8.621834754943848,-4.664846897125244,-0.2712559998035431,53400.0,-8.622118949890138,-3.567360639572144,-0.7499836683273315
960,53000.0,-34.46900177001953,-150.8939971923828,-53.61399841308594,53000.0,-0.8210029006004333,0.5177083015441895,-0.2342668175697327,53000.0,1000.969970703125,53000.0,0.5594110488891602,0.6547915935516357,0.5969111323356628,53000.0,-7.753733158111572,-4.952169418334961,-3.3949990272521973,53000.0,-6.6337342262268075,-4.347870349884033,-0.6141127347946167
961,53100.0,-34.14400100708008,-150.8939971923828,-54.80400085449219,53100.0,-0.8210029006004333,0.5177083015441895,-0.2342668175697327,53100.0,1000.969970703125,53100.0,0.5594110488891602,0.6547915935516357,0.5969111323356628,53100.0,-7.753733158111572,-4.952169418334961,-3.3949990272521973,53100.0,-6.6337342262268075,-4.347870349884033,-0.6141127347946167
962,53200.0,-34.873001098632805,-147.13999938964844,-54.84700012207031,53200.0,0.0015271630836650731,0.244346097111702,-0.5006040930747986,53200.0,1000.9600219726564,53200.0,-0.0002841949462890625,1.0974862575531006,-0.4787276685237885,53200.0,-8.775712966918945,-4.1964144706726065,-1.2439441680908203,53200.0,-8.216301918029785,-3.541622877120972,-0.6470330357551575
963,53300.0,-34.47499847412109,-146.38600158691406,-55.04899978637695,53300.0,0.0015271630836650731,0.244346097111702,-0.5006040930747986,53300.0,1000.9600219726564,53300.0,-0.0002841949462890625,1.0974862575531006,-0.4787276685237885,53300.0,-8.775712966918945,-4.1964144706726065,-1.2439441680908203,53300.0,-8.216301918029785,-3.541622877120972,-0.6470330357551575
964,53400.0,-34.123001098632805,-146.91900634765625,-55.4900016784668,53400.0,0.35246923565864563,0.3741549551486969,-0.5070181488990784,53400.0,1001.010009765625,53400.0,-1.8606128692626955,-0.8091316223144531,-1.1161714792251587,53400.0,-8.621834754943848,-4.664846897125244,-0.2712559998035431,53400.0,-8.622118949890138,-3.567360639572144,-0.7499836683273315
965,53500.0,-33.766998291015625,-148.48300170898438,-56.64799880981445,53500.0,0.35246923565864563,0.3741549551486969,-0.5070181488990784,53500.0,1001.010009765625,53500.0,-1.8606128692626955,-0.8091316223144531,-1.1161714792251587,53500.0,-8.621834754943848,-4.664846897125244,-0.2712559998035431,53500.0,-8.622118949890138,-3.567360639572144,-0.7499836683273315
966,53600.0,-33.37200164794922,-151.00399780273438,-57.54600143432617,53600.0,1.2455542087554932,0.24709498882293696,0.399200439453125,53600.0,1001.0700073242188,53600.0,-0.3847465515136719,-1.5733208656311035,-0.06997618079185486,53600.0,-8.569726943969728,-4.754992961883545,-0.3466857969760895,53600.0,-10.430339813232422,-5.564124584197998,-1.4628572463989258
967,53700.0,-40.80799865722656,-155.00599670410156,-57.88399887084961,53700.0,0.6084218025207521,-0.9834930300712584,0.97830069065094,53700.0,1000.8800048828124,53700.0,0.7557411193847656,-2.3359031677246094,-4.35132360458374,53700.0,-9.232163429260254,-3.2785286903381348,0.43449339270591736,53700.0,-9.616909980773926,-4.851849555969238,0.3645172119140625
968,53800.0,-43.8759994506836,-157.91900634765625,-55.6619987487793,53800.0,0.6084218025207521,-0.9834930300712584,0.97830069065094,53800.0,1000.8800048828124,53800.0,0.7557411193847656,-2.3359031677246094,-4.35132360458374,53800.0,-9.232163429260254,-3.2785286903381348,0.43449339270591736,53800.0,-9.616909980773926,-4.851849555969238,0.3645172119140625
969,53900.0,-48.21599960327149,-153.55799865722656,-52.16299819946289,53900.0,0.05253441259264946,-0.5439754724502563,0.607200026512146,53900.0,1000.9099731445312,53900.0,6.170359611511231,0.5996327996253967,-1.3746942281723022,53900.0,-9.364691734313963,-2.359126567840576,1.705132246017456,53900.0,-8.608950614929201,-4.6950297355651855,-2.646191358566284
970,53500.0,-33.766998291015625,-148.48300170898438,-56.64799880981445,53500.0,0.35246923565864563,0.3741549551486969,-0.5070181488990784,53500.0,1001.010009765625,53500.0,-1.8606128692626955,-0.8091316223144531,-1.1161714792251587,53500.0,-8.621834754943848,-4.664846897125244,-0.2712559998035431,53500.0,-8.622118949890138,-3.567360639572144,-0.7499836683273315
971,53600.0,-33.37200164794922,-151.00399780273438,-57.54600143432617,53600.0,1.2455542087554932,0.24709498882293696,0.399200439453125,53600.0,1001.0700073242188,53600.0,-0.3847465515136719,-1.5733208656311035,-0.06997618079185486,53600.0,-8.569726943969728,-4.754992961883545,-0.3466857969760895,53600.0,-10.430339813232422,-5.564124584197998,-1.4628572463989258
972,53700.0,-40.80799865722656,-155.00599670410156,-57.88399887084961,53700.0,0.6084218025207521,-0.9834930300712584,0.97830069065094,53700.0,1000.8800048828124,53700.0,0.7557411193847656,-2.3359031677246094,-4.35132360458374,53700.0,-9.232163429260254,-3.2785286903381348,0.43449339270591736,53700.0,-9.616909980773926,-4.851849555969238,0.3645172119140625
973,53800.0,-43.8759994506836,-157.91900634765625,-55.6619987487793,53800.0,0.6084218025207521,-0.9834930300712584,0.97830069065094,53800.0,1000.8800048828124,53800.0,0.7557411193847656,-2.3359031677246094,-4.35132360458374,53800.0,-9.232163429260254,-3.2785286903381348,0.43449339270591736,53800.0,-9.616909980773926,-4.851849555969238,0.3645172119140625
974,53900.0,-48.21599960327149,-153.55799865722656,-52.16299819946289,53900.0,0.05253441259264946,-0.5439754724502563,0.607200026512146,53900.0,1000.9099731445312,53900.0,6.170359611511231,0.5996327996253967,-1.3746942281723022,53900.0,-9.364691734313963,-2.359126567840576,1.705132246017456,53900.0,-8.608950614929201,-4.6950297355651855,-2.646191358566284
975,54000.0,-50.8650016784668,-148.4770050048828,-49.31999969482422,54000.0,0.05253441259264946,-0.5439754724502563,0.607200026512146,54000.0,1000.9099731445312,54000.0,6.170359611511231,0.5996327996253967,-1.3746942281723022,54000.0,-9.364691734313963,-2.359126567840576,1.705132246017456,54000.0,-8.608950614929201,-4.6950297355651855,-2.646191358566284
976,54100.0,-49.9020004272461,-147.31700134277344,-49.89899826049805,54100.0,-0.455705463886261,-0.33292156457901,-1.5897767543792725,54100.0,1001.0,54100.0,-11.125035285949707,-6.882856369018555,-1.45819091796875,54100.0,-9.360034942626953,-1.174839735031128,2.6795341968536377,54100.0,-3.1896753311157227,-0.5752069354057312,1.3048399686813354
977,54200.0,-45.66299819946289,-151.83700561523438,-52.25,54200.0,-0.455705463886261,-0.33292156457901,-1.5897767543792725,54200.0,1001.0,54200.0,-11.125035285949707,-6.882856369018555,-1.45819091796875,54200.0,-9.360034942626953,-1.174839735031128,2.6795341968536377,54200.0,-3.1896753311157227,-0.5752069354057312,1.3048399686813354
978,54300.0,-44.43299865722656,-151.4250030517578,-53.67399978637695,54300.0,-0.7944302558898926,2.39825701713562,-0.7464773058891296,54300.0,1000.9600219726564,54300.0,-2.19252109527588,0.10953474044799803,1.909308671951294,54300.0,-8.484074592590332,-3.847356557846069,3.0641016960144043,54300.0,-19.60910987854004,-10.730213165283203,1.6059107780456543
979,54400.0,-43.52399826049805,-151.55099487304688,-54.43199920654297,54400.0,-0.7944302558898926,2.39825701713562,-0.7464773058891296,54400.0,1000.9600219726564,54400.0,-2.19252109527588,0.10953474044799803,1.909308671951294,54400.0,-8.484074592590332,-3.847356557846069,3.0641016960144043,54400.0,-19.60910987854004,-10.730213165283203,1.6059107780456543
980,54000.0,-50.8650016784668,-148.4770050048828,-49.31999969482422,54000.0,0.05253441259264946,-0.5439754724502563,0.607200026512146,54000.0,1000.9099731445312,54000.0,6.170359611511231,0.5996327996253967,-1.3746942281723022,54000.0,-9.364691734313963,-2.359126567840576,1.705132246017456,54000.0,-8.608950614929201,-4.6950297355651855,-2.646191358566284
981,54100.0,-49.9020004272461,-147.31700134277344,-49.89899826049805,54100.0,-0.455705463886261,-0.33292156457901,-1.5897767543792725,54100.0,1001.0,54100.0,-11.125035285949707,-6.882856369018555,-1.45819091796875,54100.0,-9.360034942626953,-1.174839735031128,2.6795341968536377,54100.0,-3.1896753311157227,-0.5752069354057312,1.3048399686813354
982,54200.0,-45.66299819946289,-151.83700561523438,-52.25,54200.0,-0.455705463886261,-0.33292156457901,-1.5897767543792725,54200.0,1001.0,54200.0,-11.125035285949707,-6.882856369018555,-1.45819091796875,54200.0,-9.360034942626953,-1.174839735031128,2.6795341968536377,54200.0,-3.1896753311157227,-0.5752069354057312,1.3048399686813354
983,54300.0,-44.43299865722656,-151.4250030517578,-53.67399978637695,54300.0,-0.7944302558898926,2.39825701713562,-0.7464773058891296,54300.0,1000.9600219726564,54300.0,-2.19252109527588,0.10953474044799803,1.909308671951294,54300.0,-8.484074592590332,-3.847356557846069,3.0641016960144043,54300.0,-19.60910987854004,-10.730213165283203,1.6059107780456543
984,54400.0,-43.52399826049805,-151.55099487304688,-54.43199920654297,54400.0,-0.7944302558898926,2.39825701713562,-0.7464773058891296,54400.0,1000.9600219726564,54400.0,-2.19252109527588,0.10953474044799803,1.909308671951294,54400.0,-8.484074592590332,-3.847356557846069,3.0641016960144043,54400.0,-19.60910987854004,-10.730213165283203,1.6059107780456543
985,54500.0,-44.29299926757813,-149.10800170898438,-54.95899963378906,54500.0,-0.4468479156494141,-0.16340644657611847,-0.04245513305068016,54500.0,1000.9299926757812,54500.0,2.672266960144043,-0.7124223709106445,-0.4854200184345245,54500.0,-7.324430465698242,-4.912901878356934,-4.287948131561278,54500.0,-9.51695156097412,-4.803367137908936,-2.3786394596099854
986,54600.0,-43.81499862670898,-147.95799255371094,-54.95899963378906,54600.0,0.1713477075099945,0.5787948369979858,-0.5036584138870239,54600.0,1000.969970703125,54600.0,-1.9560670852661133,1.2346069812774658,-0.4903867244720459,54600.0,-8.793642044067383,-4.330963611602783,-0.29149845242500305,54600.0,-6.12137508392334,-5.043385982513428,-0.7769184708595276
987,54700.0,-43.17100143432617,-147.16400146484375,-55.66799926757813,54700.0,0.1713477075099945,0.5787948369979858,-0.5036584138870239,54700.0,1000.969970703125,54700.0,-1.9560670852661133,1.2346069812774658,-0.4903867244720459,54700.0,-8.793642044067383,-4.330963611602783,-0.29149845242500305,54700.0,-6.12137508392334,-5.043385982513428,-0.7769184708595276
988,54800.0,-42.80699920654297,-148.8520050048828,-56.553001403808594,54800.0,0.7974845767021179,0.10506882518529892,0.39675697684288025,54800.0,1001.0599975585938,54800.0,-1.3479394912719729,-3.170771837234497,1.4593284130096436,54800.0,-8.37551212310791,-4.986320972442627,-1.0760197639465332,54800.0,-10.331579208374023,-3.751713991165161,-1.566406488418579
989,54900.0,-42.38399887084961,-150.23399353027344,-57.5890007019043,54900.0,0.7974845767021179,0.10506882518529892,0.39675697684288025,54900.0,1001.0599975585938,54900.0,-1.3479394912719729,-3.170771837234497,1.4593284130096436,54900.0,-8.37551212310791,-4.986320972442627,-1.0760197639465332,54900.0,-10.331579208374023,-3.751713991165161,-1.566406488418579
990,54500.0,-44.29299926757813,-149.10800170898438,-54.95899963378906,54500.0,-0.4468479156494141,-0.16340644657611847,-0.04245513305068016,54500.0,1000.9299926757812,54500.0,2.672266960144043,-0.7124223709106445,-0.4854200184345245,54500.0,-7.324430465698242,-4.912901878356934,-4.287948131561278,54500.0,-9.51695156097412,-4.803367137908936,-2.3786394596099854
991,54600.0,-43.81499862670898,-147.95799255371094,-54.95899963378906,54600.0,0.1713477075099945,0.5787948369979858,-0.5036584138870239,54600.0,1000.969970703125,54600.0,-1.9560670852661133,1.2346069812774658,-0.4903867244720459,54600.0,-8.793642044067383,-4.330963611602783,-0.29149845242500305,54600.0,-6.12137508392334,-5.043385982513428,-0.7769184708595276
992,54700.0,-43.17100143432617,-147.16400146484375,-55.66799926757813,54700.0,0.1713477075099945,0.5787948369979858,-0.5036584138870239,54700.0,1000.969970703125,54700.0,-1.9560670852661133,1.2346069812774658,-0.4903867244720459,54700.0,-8.793642044067383,-4.330963611602783,-0.29149845242500305,54700.0,-6.12137508392334,-5.043385982513428,-0.7769184708595276
993,54800.0,-42.80699920654297,-148.8520050048828,-56.553001403808594,54800.0,0.7974845767021179,0.10506882518529892,0.39675697684288025,54800.0,1001.0599975585938,54800.0,-1.3479394912719729,-3.170771837234497,1.4593284130096436,54800.0,-8.37551212310791,-4.986320972442627,-1.0760197639465332,54800.0,-10.331579208374023,-3.751713991165161,-1.566406488418579
994,54900.0,-42.38399887084961,-150.23399353027344,-57.5890007019043,54900.0,0.7974845767021179,0.10506882518529892,0.39675697684288025,54900.0,1001.0599975585938,54900.0,-1.3479394912719729,-3.170771837234497,1.4593284130096436,54900.0,-8.37551212310791,-4.986320972442627,-1.0760197639465332,54900.0,-10.331579208374023,-3.751713991165161,-1.566406488418579
995,55000.0,-48.44800186157226,-156.44500732421875,-54.82400131225586,55000.0,0.10415252298116684,-1.0131200551986694,1.2440270185470579,55000.0,1001.0,55000.0,-2.8995132446289062,-2.35424280166626,-3.1017484664916988,55000.0,-9.091378211975098,-3.664674043655397,0.2956213653087616,55000.0,-10.43931770324707,-6.835445880889893,1.7549498081207275
996,55100.0,-50.70299911499024,-152.8800048828125,-54.6349983215332,55100.0,0.10415252298116684,-1.0131200551986694,1.2440270185470579,55100.0,1001.0,55100.0,-2.8995132446289062,-2.35424280166626,-3.1017484664916988,55100.0,-9.091378211975098,-3.664674043655397,0.2956213653087616,55100.0,-10.43931770324707,-6.835445880889893,1.7549498081207275
997,55200.0,-56.46900177001953,-144.18699645996094,-50.69499969482422,55200.0,0.4990769028663635,-1.1734721660614014,1.1762210130691528,55200.0,1000.8900146484376,55200.0,6.6504411697387695,-1.251704216003418,-2.560004234313965,55200.0,-9.465341567993164,-2.0768260955810547,1.5048159360885618,55200.0,-12.36485481262207,-4.4310688972473145,-1.5969325304031372
998,55300.0,-60.15700149536133,-134.86000061035156,-44.02899932861328,55300.0,0.4990769028663635,-1.1734721660614014,1.1762210130691528,55300.0,1000.8900146484376,55300.0,6.6504411697387695,-1.251704216003418,-2.560004234313965,55300.0,-9.465341567993164,-2.0768260955810547,1.5048159360885618,55300.0,-12.36485481262207,-4.4310688972473145,-1.5969325304031372
999,55400.0,-62.89599990844727,-133.69900512695312,-40.558998107910156,55400.0,-0.4764748811721802,-1.54640531539917,-0.8048149347305298,55400.0,1000.8900146484376,55400.0,-4.471037864685059,9.130783081054688,1.4495534896850586,55400.0,-9.121855735778807,0.2706800997257233,3.5901093482971187,55400.0,-2.471414804458618,-0.9810241460800172,1.0301052331924438
1000,55000.0,-48.44800186157226,-156.44500732421875,-54.82400131225586,55000.0,0.10415252298116684,-1.0131200551986694,1.2440270185470579,55000.0,1001.0,55000.0,-2.8995132446289062,-2.35424280166626,-3.1017484664916988,55000.0,-9.091378211975098,-3.664674043655397,0.2956213653087616,55000.0,-10.43931770324707,-6.835445880889893,1.7549498081207275
1001,55100.0,-50.70299911499024,-152.8800048828125,-54.6349983215332,55100.0,0.10415252298116684,-1.0131200551986694,1.2440270185470579,55100.0,1001.0,55100.0,-2.8995132446289062,-2.35424280166626,-3.1017484664916988,55100.0,-9.091378211975098,-3.664674043655397,0.2956213653087616,55100.0,-10.43931770324707,-6.835445880889893,1.7549498081207275
1002,55200.0,-56.46900177001953,-144.18699645996094,-50.69499969482422,55200.0,0.4990769028663635,-1.1734721660614014,1.1762210130691528,55200.0,1000.8900146484376,55200.0,6.6504411697387695,-1.251704216003418,-2.560004234313965,55200.0,-9.465341567993164,-2.0768260955810547,1.5048159360885618,55200.0,-12.36485481262207,-4.4310688972473145,-1.5969325304031372
1003,55300.0,-60.15700149536133,-134.86000061035156,-44.02899932861328,55300.0,0.4990769028663635,-1.1734721660614014,1.1762210130691528,55300.0,1000.8900146484376,55300.0,6.6504411697387695,-1.251704216003418,-2.560004234313965,55300.0,-9.465341567993164,-2.0768260955810547,1.5048159360885618,55300.0,-12.36485481262207,-4.4310688972473145,-1.5969325304031372
1004,55400.0,-62.89599990844727,-133.69900512695312,-40.558998107910156,55400.0,-0.4764748811721802,-1.54640531539917,-0.8048149347305298,55400.0,1000.8900146484376,55400.0,-4.471037864685059,9.130783081054688,1.4495534896850586,55400.0,-9.121855735778807,0.2706800997257233,3.5901093482971187,55400.0,-2.471414804458618,-0.9810241460800172,1.0301052331924438
1005,55500.0,-64.44200134277344,-135.02900695800778,-41.928001403808594,55500.0,0.4260784983634949,1.0790934562683103,-1.5677856206893919,55500.0,1000.97998046875,55500.0,6.4162678718566895,2.9861598014831543,0.8630326986312866,55500.0,-8.321182250976562,-4.63267707824707,2.338073492050171,55500.0,-12.79222011566162,4.498106479644775,3.7876269817352295
1006,55600.0,-60.624000549316406,-138.89999389648438,-50.25699996948242,55600.0,0.4260784983634949,1.0790934562683103,-1.5677856206893919,55600.0,1000.97998046875,55600.0,6.4162678718566895,2.9861598014831543,0.8630326986312866,55600.0,-8.321182250976562,-4.63267707824707,2.338073492050171,55600.0,-12.79222011566162,4.498106479644775,3.7876269817352295
1007,55700.0,-47.66899871826172,-146.5399932861328,-66.37999725341797,55700.0,1.9853121042251587,3.3499851226806636,0.12339477986097334,55700.0,1000.9199829101564,55700.0,-2.788759708404541,1.0653648376464844,-3.3337526321411133,55700.0,-7.165054321289063,-6.5619001388549805,1.331851601600647,55700.0,-0.7487865686416626,-3.575740337371826,2.1948843002319336
1008,55800.0,-30.333999633789066,-154.0570068359375,-74.5260009765625,55800.0,1.9853121042251587,3.3499851226806636,0.12339477986097334,55800.0,1000.9199829101564,55800.0,-2.788759708404541,1.0653648376464844,-3.3337526321411133,55800.0,-7.165054321289063,-6.5619001388549805,1.331851601600647,55800.0,-0.7487865686416626,-3.575740337371826,2.1948843002319336
1009,55900.0,-23.05900001525879,-164.48899841308594,-75.62799835205078,55900.0,2.191173553466797,2.595871925354004,-0.1966986060142517,55900.0,1001.0499877929688,55900.0,-2.63821029663086,1.2122609615325928,0.4222054481506348,55900.0,-7.888183116912843,-4.113183498382568,-4.126579761505127,55900.0,-10.676942825317383,-3.047818660736084,-7.46033239364624
1010,55500.0,-64.44200134277344,-135.02900695800778,-41.928001403808594,55500.0,0.4260784983634949,1.0790934562683103,-1.5677856206893919,55500.0,1000.97998046875,55500.0,6.4162678718566895,2.9861598014831543,0.8630326986312866,55500.0,-8.321182250976562,-4.63267707824707,2.338073492050171,55500.0,-12.79222011566162,4.498106479644775,3.7876269817352295
1011,55600.0,-60.624000549316406,-138.89999389648438,-50.25699996948242,55600.0,0.4260784983634949,1.0790934562683103,-1.5677856206893919,55600.0,1000.97998046875,55600.0,6.4162678718566895,2.9861598014831543,0.8630326986312866,55600.0,-8.321182250976562,-4.63267707824707,2.338073492050171,55600.0,-12.79222011566162,4.498106479644775,3.7876269817352295
1012,55700.0,-47.66899871826172,-146.5399932861328,-66.37999725341797,55700.0,1.9853121042251587,3.3499851226806636,0.12339477986097334,55700.0,1000.9199829101564,55700.0,-2.788759708404541,1.0653648376464844,-3.3337526321411133,55700.0,-7.165054321289063,-6.5619001388549805,1.331851601600647,55700.0,-0.7487865686416626,-3.575740337371826,2.1948843002319336
1013,55800.0,-30.333999633789066,-154.0570068359375,-74.5260009765625,55800.0,1.9853121042251587,3.3499851226806636,0.12339477986097334,55800.0,1000.9199829101564,55800.0,-2.788759708404541,1.0653648376464844,-3.3337526321411133,55800.0,-7.165054321289063,-6.5619001388549805,1.331851601600647,55800.0,-0.7487865686416626,-3.575740337371826,2.1948843002319336
1014,55900.0,-23.05900001525879,-164.48899841308594,-75.62799835205078,55900.0,2.191173553466797,2.595871925354004,-0.1966986060142517,55900.0,1001.0499877929688,55900.0,-2.63821029663086,1.2122609615325928,0.4222054481506348,55900.0,-7.888183116912843,-4.113183498382568,-4.126579761505127,55900.0,-10.676942825317383,-3.047818660736084,-7.46033239364624
1015,56000.0,-8.920999526977539,-168.71099853515625,-77.53700256347656,56000.0,2.191173553466797,2.595871925354004,-0.1966986060142517,56000.0,1001.0499877929688,56000.0,-2.63821029663086,1.2122609615325928,0.4222054481506348,56000.0,-7.888183116912843,-4.113183498382568,-4.126579761505127,56000.0,-10.676942825317383,-3.047818660736084,-7.46033239364624
1016,56100.0,-5.756999969482423,-170.4429931640625,-74.98600006103516,56100.0,1.0577131509780884,0.3039054572582245,1.5317445993423462,56100.0,1000.9500122070312,56100.0,-2.76740837097168,-5.47069263458252,0.1606648564338684,56100.0,-8.2200927734375,-4.401337623596191,-3.0378708839416504,56100.0,-10.85830307006836,-3.189076662063598,-2.615665435791016
1017,56200.0,-10.786999702453613,-168.02200317382812,-73.45999908447266,56200.0,1.0577131509780884,0.3039054572582245,1.5317445993423462,56200.0,1000.9500122070312,56200.0,-2.76740837097168,-5.47069263458252,0.1606648564338684,56200.0,-8.2200927734375,-4.401337623596191,-3.0378708839416504,56200.0,-10.85830307006836,-3.189076662063598,-2.615665435791016
1018,56300.0,-22.18099975585937,-161.9320068359375,-65.59200286865234,56300.0,2.191478967666626,-0.4370740950107575,0.7476990818977356,56300.0,1001.02001953125,56300.0,3.00229549407959,-1.1888999938964844,-3.3368682861328125,56300.0,-9.735711097717283,-1.0134041309356692,-0.5994023084640503,56300.0,-12.503119468688965,-6.4840965270996085,-0.4387374520301819
1019,56400.0,-24.89699935913086,-159.5590057373047,-59.433998107910156,56400.0,-0.16768251359462738,-0.2577851414680481,-0.9721920490264891,56400.0,1000.9500122070312,56400.0,3.1421027183532715,2.8235530853271484,-2.2166848182678223,56400.0,-9.473822593688963,-2.2198445796966557,1.2203940153121948,56400.0,-6.471527099609375,-3.40874457359314,-2.1164743900299072
1020,56000.0,-8.920999526977539,-168.71099853515625,-77.53700256347656,56000.0,2.191173553466797,2.595871925354004,-0.1966986060142517,56000.0,1001.0499877929688,56000.0,-2.63821029663086,1.2122609615325928,0.4222054481506348,56000.0,-7.888183116912843,-4.113183498382568,-4.126579761505127,56000.0,-10.676942825317383,-3.047818660736084,-7.46033239364624
1021,56100.0,-5.756999969482423,-170.4429931640625,-74.98600006103516,56100.0,1.0577131509780884,0.3039054572582245,1.5317445993423462,56100.0,1000.9500122070312,56100.0,-2.76740837097168,-5.47069263458252,0.1606648564338684,56100.0,-8.2200927734375,-4.401337623596191,-3.0378708839416504,56100.0,-10.85830307006836,-3.189076662063598,-2.615665435791016
1022,56200.0,-10.786999702453613,-168.02200317382812,-73.45999908447266,56200.0,1.0577131509780884,0.3039054572582245,1.5317445993423462,56200.0,1000.9500122070312,56200.0,-2.76740837097168,-5.47069263458252,0.1606648564338684,56200.0,-8.2200927734375,-4.401337623596191,-3.0378708839416504,56200.0,-10.85830307006836,-3.189076662063598,-2.615665435791016
1023,56300.0,-22.18099975585937,-161.9320068359375,-65.59200286865234,56300.0,2.191478967666626,-0.4370740950107575,0.7476990818977356,56300.0,1001.02001953125,56300.0,3.00229549407959,-1.1888999938964844,-3.3368682861328125,56300.0,-9.735711097717283,-1.0134041309356692,-0.5994023084640503,56300.0,-12.503119468688965,-6.4840965270996085,-0.4387374520301819
1024,56400.0,-24.89699935913086,-159.5590057373047,-59.433998107910156,56400.0,-0.16768251359462738,-0.2577851414680481,-0.9721920490264891,56400.0,1000.9500122070312,56400.0,3.1421027183532715,2.8235530853271484,-2.2166848182678223,56400.0,-9.473822593688963,-2.2198445796966557,1.2203940153121948,56400.0,-6.471527099609375,-3.40874457359314,-2.1164743900299072
1025,56500.0,-28.726999282836914,-165.29299926757812,-49.19800186157226,56500.0,-0.16768251359462738,-0.2577851414680481,-0.9721920490264891,56500.0,1000.9500122070312,56500.0,3.1421027183532715,2.8235530853271484,-2.2166848182678223,56500.0,-9.473822593688963,-2.2198445796966557,1.2203940153121948,56500.0,-6.471527099609375,-3.40874457359314,-2.1164743900299072
1026,56600.0,-26.097000122070323,-167.875,-50.57799911499024,56600.0,-0.20922134816646576,0.4905247986316681,-0.16554448008537292,56600.0,1001.1199951171876,56600.0,-5.706764221191406,-15.058992385864258,-1.071955919265747,56600.0,-8.930684089660645,-3.717787504196167,1.6097548007965088,56600.0,-5.788581371307372,-0.8942343592643738,-0.606930136680603
1027,56700.0,-21.975000381469727,-174.10699462890625,-46.75199890136719,56700.0,-0.20922134816646576,0.4905247986316681,-0.16554448008537292,56700.0,1001.1199951171876,56700.0,-5.706764221191406,-15.058992385864258,-1.071955919265747,56700.0,-8.930684089660645,-3.717787504196167,1.6097548007965088,56700.0,-5.788581371307372,-0.8942343592643738,-0.606930136680603
1028,56800.0,-18.339000701904297,-178.1179962158203,-40.71099853515625,56800.0,1.3607022762298584,-0.12370020896196365,-0.6151412725448608,56800.0,1000.969970703125,56800.0,2.46714448928833,3.698896408081055,-4.2151875495910645,56800.0,-8.96969223022461,-3.8965015411376953,0.7295850515365601,56800.0,-14.676456451416016,-18.955493927001953,-0.3423708379268646
1029,56900.0,-14.79699993133545,-181.4969940185547,-29.06399917602539,56900.0,1.3607022762298584,-0.12370020896196365,-0.6151412725448608,56900.0,1000.969970703125,56900.0,2.46714448928833,3.698896408081055,-4.2151875495910645,56900.0,-8.96969223022461,-3.8965015411376953,0.7295850515365601,56900.0,-14.676456451416016,-18.955493927001953,-0.3423708379268646
1030,56500.0,-28.726999282836914,-165.29299926757812,-49.19800186157226,56500.0,-0.16768251359462738,-0.2577851414680481,-0.9721920490264891,56500.0,1000.9500122070312,56500.0,3.1421027183532715,2.8235530853271484,-2.2166848182678223,56500.0,-9.473822593688963,-2.2198445796966557,1.2203940153121948,56500.0,-6.471527099609375,-3.40874457359314,-2.1164743900299072
1031,56600.0,-26.097000122070323,-167.875,-50.57799911499024,56600.0,-0.20922134816646576,0.4905247986316681,-0.16554448008537292,56600.0,1001.1199951171876,56600.0,-5.706764221191406,-15.058992385864258,-1.071955919265747,56600.0,-8.930684089660645,-3.717787504196167,1.6097548007965088,56600.0,-5.788581371307372,-0.8942343592643738,-0.606930136680603
1032,56700.0,-21.975000381469727,-174.10699462890625,-46.75199890136719,56700.0,-0.20922134816646576,0.4905247986316681,-0.16554448008537292,56700.0,1001.1199951171876,56700.0,-5.706764221191406,-15.058992385864258,-1.071955919265747,56700.0,-8.930684089660645,-3.717787504196167,1.6097548007965088,56700.0,-5.788581371307372,-0.8942343592643738,-0.606930136680603
1033,56800.0,-18.339000701904297,-178.1179962158203,-40.71099853515625,56800.0,1.3607022762298584,-0.12370020896196365,-0.6151412725448608,56800.0,1000.969970703125,56800.0,2.46714448928833,3.698896408081055,-4.2151875495910645,56800.0,-8.96969223022461,-3.8965015411376953,0.7295850515365601,56800.0,-14.676456451416016,-18.955493927001953,-0.3423708379268646
1034,56900.0,-14.79699993133545,-181.4969940185547,-29.06399917602539,56900.0,1.3607022762298584,-0.12370020896196365,-0.6151412725448608,56900.0,1000.969970703125,56900.0,2.46714448928833,3.698896408081055,-4.2151875495910645,56900.0,-8.96969223022461,-3.8965015411376953,0.7295850515365601,56900.0,-14.676456451416016,-18.955493927001953,-0.3423708379268646
1035,57000.0,-12.895999908447266,-182.2929992675781,-21.327999114990234,57000.0,2.5393667221069336,0.2819143235683441,0.9340129494667052,57000.0,1000.97998046875,57000.0,2.1968798637390137,-1.641801834106445,-4.992959499359131,57000.0,-8.188089370727539,-5.373042106628418,0.5059704780578613,57000.0,-5.720944881439209,-1.6741455793380735,-3.709217071533203
1036,57100.0,-15.067999839782715,-182.2929992675781,-15.732999801635742,57100.0,2.5393667221069336,0.2819143235683441,0.9340129494667052,57100.0,1000.97998046875,57100.0,2.1968798637390137,-1.641801834106445,-4.992959499359131,57100.0,-8.188089370727539,-5.373042106628418,0.5059704780578613,57100.0,-5.720944881439209,-1.6741455793380735,-3.709217071533203
1037,57200.0,-14.11400032043457,-181.6230010986328,-6.912000179290772,57200.0,1.2531900405883791,0.3567453026771545,-0.6976081132888794,57200.0,1000.9500122070312,57200.0,-5.8811397552490225,0.07732248306274414,-1.5100455284118652,57200.0,-9.24959945678711,-3.2579317092895512,0.03456784039735794,57200.0,-7.052719593048098,-4.899733543395996,-4.9583916664123535
1038,57300.0,-14.11400032043457,-176.83799743652344,-0.24699999392032626,57300.0,1.3811663389205933,0.3005456924438477,2.3658812046051025,57300.0,1000.8300170898438,57300.0,-0.5224323272705078,-3.8986787796020512,0.515483021736145,57300.0,-8.014208793640138,-5.607329845428467,-0.7075839042663574,57300.0,-13.89534854888916,-5.530007362365723,-2.2176294326782227
1039,57400.0,-14.11400032043457,-170.0189971923828,5.8470001220703125,57400.0,1.3811663389205933,0.3005456924438477,2.3658812046051025,57400.0,1000.8300170898438,57400.0,-0.5224323272705078,-3.8986787796020512,0.515483021736145,57400.0,-8.014208793640138,-5.607329845428467,-0.7075839042663574,57400.0,-13.89534854888916,-5.530007362365723,-2.2176294326782227
1040,57000.0,-12.895999908447266,-182.2929992675781,-21.327999114990234,57000.0,2.5393667221069336,0.2819143235683441,0.9340129494667052,57000.0,1000.97998046875,57000.0,2.1968798637390137,-1.641801834106445,-4.992959499359131,57000.0,-8.188089370727539,-5.373042106628418,0.5059704780578613,57000.0,-5.720944881439209,-1.6741455793380735,-3.709217071533203
1041,57100.0,-15.067999839782715,-182.2929992675781,-15.732999801635742,57100.0,2.5393667221069336,0.2819143235683441,0.9340129494667052,57100.0,1000.97998046875,57100.0,2.1968798637390137,-1.641801834106445,-4.992959499359131,57100.0,-8.188089370727539,-5.373042106628418,0.5059704780578613,57100.0,-5.720944881439209,-1.6741455793380735,-3.709217071533203
1042,57200.0,-14.11400032043457,-181.6230010986328,-6.912000179290772,57200.0,1.2531900405883791,0.3567453026771545,-0.6976081132888794,57200.0,1000.9500122070312,57200.0,-5.8811397552490225,0.07732248306274414,-1.5100455284118652,57200.0,-9.24959945678711,-3.2579317092895512,0.03456784039735794,57200.0,-7.052719593048098,-4.899733543395996,-4.9583916664123535
1043,57300.0,-14.11400032043457,-176.83799743652344,-0.24699999392032626,57300.0,1.3811663389205933,0.3005456924438477,2.3658812046051025,57300.0,1000.8300170898438,57300.0,-0.5224323272705078,-3.8986787796020512,0.515483021736145,57300.0,-8.014208793640138,-5.607329845428467,-0.7075839042663574,57300.0,-13.89534854888916,-5.530007362365723,-2.2176294326782227
1044,57400.0,-14.11400032043457,-170.0189971923828,5.8470001220703125,57400.0,1.3811663389205933,0.3005456924438477,2.3658812046051025,57400.0,1000.8300170898438,57400.0,-0.5224323272705078,-3.8986787796020512,0.515483021736145,57400.0,-8.014208793640138,-5.607329845428467,-0.7075839042663574,57400.0,-13.89534854888916,-5.530007362365723,-2.2176294326782227
1045,57500.0,-14.413999557495115,-165.61700439453125,9.262999534606934,57500.0,-1.4297300577163696,-1.6389514207839966,1.5076154470443726,57500.0,1000.6400146484376,57500.0,9.431541442871094,-6.015086650848389,-0.986022412776947,57500.0,-9.722955703735352,-0.6419247388839722,-1.1056537628173828,57500.0,-10.24538803100586,-4.5406036376953125,-0.5901707410812378
1046,57600.0,-14.413999557495115,-167.6230010986328,7.855999946594237,57600.0,-1.4297300577163696,-1.6389514207839966,1.5076154470443726,57600.0,1000.6400146484376,57600.0,9.431541442871094,-6.015086650848389,-0.986022412776947,57600.0,-9.722955703735352,-0.6419247388839722,-1.1056537628173828,57600.0,-10.24538803100586,-4.5406036376953125,-0.5901707410812378
1047,57700.0,-18.562000274658203,-167.6230010986328,7.998000144958496,57700.0,-0.9224064946174622,-0.7186829447746277,-2.1258111000061035,57700.0,1000.9299926757812,57700.0,1.3480596542358398,2.7044448852539062,7.3362507820129395,57700.0,-9.40520477294922,1.9952222108840945,1.9317320585250848,57700.0,0.026336219161748886,-4.019864559173584,0.9457096457481384
1048,57800.0,-17.722999572753906,-169.16299438476562,5.5229997634887695,57800.0,-0.9224064946174622,-0.7186829447746277,-2.1258111000061035,57800.0,1000.9299926757812,57800.0,1.3480596542358398,2.7044448852539062,7.3362507820129395,57800.0,-9.40520477294922,1.9952222108840945,1.9317320585250848,57800.0,0.026336219161748886,-4.019864559173584,0.9457096457481384
1049,57900.0,-17.958999633789066,-171.85800170898438,2.4230000972747803,57900.0,0.08399397134780884,1.6792685985565186,-0.9926560521125792,57900.0,1000.97998046875,57900.0,-11.70149040222168,-4.655520439147949,-7.64298152923584,57900.0,-6.222654342651367,-7.570659637451173,-0.3661315143108368,57900.0,-4.874594688415527,-4.8662147521972665,6.9701194763183585
1050,57500.0,-14.413999557495115,-165.61700439453125,9.262999534606934,57500.0,-1.4297300577163696,-1.6389514207839966,1.5076154470443726,57500.0,1000.6400146484376,57500.0,9.431541442871094,-6.015086650848389,-0.986022412776947,57500.0,-9.722955703735352,-0.6419247388839722,-1.1056537628173828,57500.0,-10.24538803100586,-4.5406036376953125,-0.5901707410812378
1051,57600.0,-14.413999557495115,-167.6230010986328,7.855999946594237,57600.0,-1.4297300577163696,-1.6389514207839966,1.5076154470443726,57600.0,1000.6400146484376,57600.0,9.431541442871094,-6.015086650848389,-0.986022412776947,57600.0,-9.722955703735352,-0.6419247388839722,-1.1056537628173828,57600.0,-10.24538803100586,-4.5406036376953125,-0.5901707410812378
1052,57700.0,-18.562000274658203,-167.6230010986328,7.998000144958496,57700.0,-0.9224064946174622,-0.7186829447746277,-2.1258111000061035,57700.0,1000.9299926757812,57700.0,1.3480596542358398,2.7044448852539062,7.3362507820129395,57700.0,-9.40520477294922,1.9952222108840945,1.9317320585250848,57700.0,0.026336219161748886,-4.019864559173584,0.9457096457481384
1053,57800.0,-17.722999572753906,-169.16299438476562,5.5229997634887695,57800.0,-0.9224064946174622,-0.7186829447746277,-2.1258111000061035,57800.0,1000.9299926757812,57800.0,1.3480596542358398,2.7044448852539062,7.3362507820129395,57800.0,-9.40520477294922,1.9952222108840945,1.9317320585250848,57800.0,0.026336219161748886,-4.019864559173584,0.9457096457481384
1054,57900.0,-17.958999633789066,-171.85800170898438,2.4230000972747803,57900.0,0.08399397134780884,1.6792685985565186,-0.9926560521125792,57900.0,1000.97998046875,57900.0,-11.70149040222168,-4.655520439147949,-7.64298152923584,57900.0,-6.222654342651367,-7.570659637451173,-0.3661315143108368,57900.0,-4.874594688415527,-4.8662147521972665,6.9701194763183585
1055,58000.0,-18.083999633789066,-172.87899780273438,-0.5690000057220459,58000.0,0.08399397134780884,1.6792685985565186,-0.9926560521125792,58000.0,1000.97998046875,58000.0,-11.70149040222168,-4.655520439147949,-7.64298152923584,58000.0,-6.222654342651367,-7.570659637451173,-0.3661315143108368,58000.0,-4.874594688415527,-4.8662147521972665,6.9701194763183585
1056,58100.0,-15.904000282287598,-173.02499389648438,-0.14100000262260434,58100.0,0.06688974797725677,0.4908302128314972,-0.4740314185619354,58100.0,1000.8499755859376,58100.0,1.0800442695617676,1.5247831344604492,1.1307504177093506,58100.0,-4.600030422210693,-8.476077079772951,-1.779399037361145,58100.0,-16.301521301269528,-13.131597518920898,-9.422380447387695
1057,58200.0,-14.201000213623047,-173.02499389648438,-0.11500000208616255,58200.0,0.6023131608963013,0.1875356286764145,-0.8662069439888,58200.0,1000.9500122070312,58200.0,-5.221673011779785,0.6845378875732422,-1.477514147758484,58200.0,-7.7520856857299805,-5.7589287757873535,-1.7059572935104368,58200.0,-6.672041416168213,-4.234145641326903,-0.5752069354057312
1058,58300.0,-13.758000373840332,-173.02499389648438,-0.11500000208616255,58300.0,0.6023131608963013,0.1875356286764145,-0.8662069439888,58300.0,1000.9500122070312,58300.0,-5.221673011779785,0.6845378875732422,-1.477514147758484,58300.0,-7.7520856857299805,-5.7589287757873535,-1.7059572935104368,58300.0,-6.672041416168213,-4.234145641326903,-0.5752069354057312
1059,58400.0,-13.366000175476074,-170.22500610351562,5.565999984741211,58400.0,1.1264355182647705,0.5210680365562439,1.7855590581893919,58400.0,1000.9500122070312,58400.0,0.08591270446777344,-1.4273688793182373,1.1228954792022705,58400.0,-7.532837867736816,-6.23130464553833,-0.7730354070663452,58400.0,-12.754510879516602,-5.546766757965088,-2.250549554824829
1060,58000.0,-18.083999633789066,-172.87899780273438,-0.5690000057220459,58000.0,0.08399397134780884,1.6792685985565186,-0.9926560521125792,58000.0,1000.97998046875,58000.0,-11.70149040222168,-4.655520439147949,-7.64298152923584,58000.0,-6.222654342651367,-7.570659637451173,-0.3661315143108368,58000.0,-4.874594688415527,-4.8662147521972665,6.9701194763183585
1061,58100.0,-15.904000282287598,-173.02499389648438,-0.14100000262260434,58100.0,0.06688974797725677,0.4908302128314972,-0.4740314185619354,58100.0,1000.8499755859376,58100.0,1.0800442695617676,1.5247831344604492,1.1307504177093506,58100.0,-4.600030422210693,-8.476077079772951,-1.779399037361145,58100.0,-16.301521301269528,-13.131597518920898,-9.422380447387695
1062,58200.0,-14.201000213623047,-173.02499389648438,-0.11500000208616255,58200.0,0.6023131608963013,0.1875356286764145,-0.8662069439888,58200.0,1000.9500122070312,58200.0,-5.221673011779785,0.6845378875732422,-1.477514147758484,58200.0,-7.7520856857299805,-5.7589287757873535,-1.7059572935104368,58200.0,-6.672041416168213,-4.234145641326903,-0.5752069354057312
1063,58300.0,-13.758000373840332,-173.02499389648438,-0.11500000208616255,58300.0,0.6023131608963013,0.1875356286764145,-0.8662069439888,58300.0,1000.9500122070312,58300.0,-5.221673011779785,0.6845378875732422,-1.477514147758484,58300.0,-7.7520856857299805,-5.7589287757873535,-1.7059572935104368,58300.0,-6.672041416168213,-4.234145641326903,-0.5752069354057312
1064,58400.0,-13.366000175476074,-170.22500610351562,5.565999984741211,58400.0,1.1264355182647705,0.5210680365562439,1.7855590581893919,58400.0,1000.9500122070312,58400.0,0.08591270446777344,-1.4273688793182373,1.1228954792022705,58400.0,-7.532837867736816,-6.23130464553833,-0.7730354070663452,58400.0,-12.754510879516602,-5.546766757965088,-2.250549554824829
1065,58500.0,-13.008000373840332,-164.7519989013672,9.651000022888184,58500.0,1.1264355182647705,0.5210680365562439,1.7855590581893919,58500.0,1000.9500122070312,58500.0,0.08591270446777344,-1.4273688793182373,1.1228954792022705,58500.0,-7.532837867736816,-6.23130464553833,-0.7730354070663452,58500.0,-12.754510879516602,-5.546766757965088,-2.250549554824829
1066,58600.0,-13.008000373840332,-160.3249969482422,12.918999671936035,58600.0,0.1719585657119751,-0.8903360962867737,1.5619823932647705,58600.0,1000.8099975585938,58600.0,3.565476894378662,-1.8277928829193115,-0.5119562745094299,58600.0,-9.505899429321287,-2.1154510974884038,-1.1546186208724976,58600.0,-9.419986724853516,-3.5428199768066406,-0.03172317147254944
1067,58700.0,-12.303000450134276,-158.1719970703125,14.288999557495115,58700.0,0.1719585657119751,-0.8903360962867737,1.5619823932647705,58700.0,1000.8099975585938,58700.0,3.565476894378662,-1.8277928829193115,-0.5119562745094299,58700.0,-9.505899429321287,-2.1154510974884038,-1.1546186208724976,58700.0,-9.419986724853516,-3.5428199768066406,-0.03172317147254944
1068,58800.0,-10.588000297546387,-161.0989990234375,16.246999740600586,58800.0,0.1258382350206375,-0.4520402848720551,-0.2626720666885376,58800.0,1000.8699951171876,58800.0,4.712812423706055,1.9981338977813718,0.8888759613037109,58800.0,-9.528236389160156,-2.232174634933472,0.632863461971283,58800.0,-5.962759494781494,-4.059967517852783,0.12090718746185306
1069,58900.0,-8.420999526977539,-160.14500427246094,16.490999221801758,58900.0,0.1258382350206375,-0.4520402848720551,-0.2626720666885376,58900.0,1000.8699951171876,58900.0,4.712812423706055,1.9981338977813718,0.8888759613037109,58900.0,-9.528236389160156,-2.232174634933472,0.632863461971283,58900.0,-5.962759494781494,-4.059967517852783,0.12090718746185306
1070,58500.0,-13.008000373840332,-164.7519989013672,9.651000022888184,58500.0,1.1264355182647705,0.5210680365562439,1.7855590581893919,58500.0,1000.9500122070312,58500.0,0.08591270446777344,-1.4273688793182373,1.1228954792022705,58500.0,-7.532837867736816,-6.23130464553833,-0.7730354070663452,58500.0,-12.754510879516602,-5.546766757965088,-2.250549554824829
1071,58600.0,-13.008000373840332,-160.3249969482422,12.918999671936035,58600.0,0.1719585657119751,-0.8903360962867737,1.5619823932647705,58600.0,1000.8099975585938,58600.0,3.565476894378662,-1.8277928829193115,-0.5119562745094299,58600.0,-9.505899429321287,-2.1154510974884038,-1.1546186208724976,58600.0,-9.419986724853516,-3.5428199768066406,-0.03172317147254944
1072,58700.0,-12.303000450134276,-158.1719970703125,14.288999557495115,58700.0,0.1719585657119751,-0.8903360962867737,1.5619823932647705,58700.0,1000.8099975585938,58700.0,3.565476894378662,-1.8277928829193115,-0.5119562745094299,58700.0,-9.505899429321287,-2.1154510974884038,-1.1546186208724976,58700.0,-9.419986724853516,-3.5428199768066406,-0.03172317147254944
1073,58800.0,-10.588000297546387,-161.0989990234375,16.246999740600586,58800.0,0.1258382350206375,-0.4520402848720551,-0.2626720666885376,58800.0,1000.8699951171876,58800.0,4.712812423706055,1.9981338977813718,0.8888759613037109,58800.0,-9.528236389160156,-2.232174634933472,0.632863461971283,58800.0,-5.962759494781494,-4.059967517852783,0.12090718746185306
1074,58900.0,-8.420999526977539,-160.14500427246094,16.490999221801758,58900.0,0.1258382350206375,-0.4520402848720551,-0.2626720666885376,58900.0,1000.8699951171876,58900.0,4.712812423706055,1.9981338977813718,0.8888759613037109,58900.0,-9.528236389160156,-2.232174634933472,0.632863461971283,58900.0,-5.962759494781494,-4.059967517852783,0.12090718746185306
1075,59000.0,-9.342000007629396,-156.3350067138672,16.10099983215332,59000.0,-0.4459316432476044,0.05375614017248154,-0.9193521738052368,59000.0,1000.8900146484376,59000.0,9.700801849365234,3.4474434852600098,-0.5537015795707703,59000.0,-9.350979804992676,-2.5236611366271973,1.5364503860473633,59000.0,-4.638167381286621,-0.52552729845047,2.425326347351074
1076,59100.0,-10.614999771118164,-156.35000610351562,16.937000274658207,59100.0,-0.0507018156349659,-0.0806342139840126,-0.5067127346992493,59100.0,1000.8800048828124,59100.0,-0.5385847091674805,3.3869419097900386,-1.7865440845489502,59100.0,-8.888568878173828,-3.9472332000732417,1.258195400238037,59100.0,0.8122329115867615,-0.4997895956039429,0.7044938206672668
1077,59200.0,-12.380000114440918,-155.5749969482422,16.937000274658207,59200.0,-0.0507018156349659,-0.0806342139840126,-0.5067127346992493,59200.0,1000.8800048828124,59200.0,-0.5385847091674805,3.3869419097900386,-1.7865440845489502,59200.0,-8.888568878173828,-3.9472332000732417,1.258195400238037,59200.0,0.8122329115867615,-0.4997895956039429,0.7044938206672668
1078,59300.0,-14.607000350952148,-155.9459991455078,16.555000305175778,59300.0,1.1407908201217651,1.4645494222640991,-0.041233405470848083,59300.0,1000.7999877929688,59300.0,-0.7170209884643555,0.3282928466796875,-0.16568326950073242,59300.0,-8.280457496643066,-5.207732200622559,-0.6956445574760437,59300.0,-8.819042205810547,-1.820790410041809,-2.4821887016296387
1079,59400.0,-17.246999740600586,-155.30799865722656,16.180999755859375,59400.0,1.1407908201217651,1.4645494222640991,-0.041233405470848083,59400.0,1000.7999877929688,59400.0,-0.7170209884643555,0.3282928466796875,-0.16568326950073242,59400.0,-8.280457496643066,-5.207732200622559,-0.6956445574760437,59400.0,-8.819042205810547,-1.820790410041809,-2.4821887016296387
1080,59000.0,-9.342000007629396,-156.3350067138672,16.10099983215332,59000.0,-0.4459316432476044,0.05375614017248154,-0.9193521738052368,59000.0,1000.8900146484376,59000.0,9.700801849365234,3.4474434852600098,-0.5537015795707703,59000.0,-9.350979804992676,-2.5236611366271973,1.5364503860473633,59000.0,-4.638167381286621,-0.52552729845047,2.425326347351074
1081,59100.0,-10.614999771118164,-156.35000610351562,16.937000274658207,59100.0,-0.0507018156349659,-0.0806342139840126,-0.5067127346992493,59100.0,1000.8800048828124,59100.0,-0.5385847091674805,3.3869419097900386,-1.7865440845489502,59100.0,-8.888568878173828,-3.9472332000732417,1.258195400238037,59100.0,0.8122329115867615,-0.4997895956039429,0.7044938206672668
1082,59200.0,-12.380000114440918,-155.5749969482422,16.937000274658207,59200.0,-0.0507018156349659,-0.0806342139840126,-0.5067127346992493,59200.0,1000.8800048828124,59200.0,-0.5385847091674805,3.3869419097900386,-1.7865440845489502,59200.0,-8.888568878173828,-3.9472332000732417,1.258195400238037,59200.0,0.8122329115867615,-0.4997895956039429,0.7044938206672668
1083,59300.0,-14.607000350952148,-155.9459991455078,16.555000305175778,59300.0,1.1407908201217651,1.4645494222640991,-0.041233405470848083,59300.0,1000.7999877929688,59300.0,-0.7170209884643555,0.3282928466796875,-0.16568326950073242,59300.0,-8.280457496643066,-5.207732200622559,-0.6956445574760437,59300.0,-8.819042205810547,-1.820790410041809,-2.4821887016296387
1084,59400.0,-17.246999740600586,-155.30799865722656,16.180999755859375,59400.0,1.1407908201217651,1.4645494222640991,-0.041233405470848083,59400.0,1000.7999877929688,59400.0,-0.7170209884643555,0.3282928466796875,-0.16568326950073242,59400.0,-8.280457496643066,-5.207732200622559,-0.6956445574760437,59400.0,-8.819042205810547,-1.820790410041809,-2.4821887016296387
1085,59500.0,-20.2450008392334,-155.30799865722656,15.86299991607666,59500.0,0.5280929803848267,1.3842206001281738,0.18112154304981232,59500.0,1000.9099731445312,59500.0,-0.9277582168579102,-3.98212194442749,2.3582561016082764,59500.0,-8.254651069641112,-4.807844161987305,-2.2171459197998047,59500.0,-8.971672058105469,-4.479551315307617,-2.382829189300537
1086,59600.0,-20.91900062561035,-152.32200622558594,15.86299991607666,59600.0,0.5280929803848267,1.3842206001281738,0.18112154304981232,59600.0,1000.9099731445312,59600.0,-0.9277582168579102,-3.98212194442749,2.3582561016082764,59600.0,-8.254651069641112,-4.807844161987305,-2.2171459197998047,59600.0,-8.971672058105469,-4.479551315307617,-2.382829189300537
1087,59700.0,-20.17300033569336,-149.15699768066406,15.527999877929688,59700.0,1.6001615524291992,0.009162978269159794,1.1071932315826416,59700.0,1000.9099731445312,59700.0,-0.44155120849609375,-3.969825983047485,1.3486907482147217,59700.0,-8.29051685333252,-4.623237133026123,-2.4624037742614746,59700.0,-9.21827507019043,-8.605359077453612,-0.1041477769613266
1088,59800.0,-20.36100006103516,-147.9929962158203,15.204999923706055,59800.0,1.6001615524291992,0.009162978269159794,1.1071932315826416,59800.0,1000.9099731445312,59800.0,-0.44155120849609375,-3.969825983047485,1.3486907482147217,59800.0,-8.29051685333252,-4.623237133026123,-2.4624037742614746,59800.0,-9.21827507019043,-8.605359077453612,-0.1041477769613266
1089,59900.0,-20.36100006103516,-146.427001953125,14.435999870300293,59900.0,0.8460483551025391,0.7162395119667053,1.3912456035614014,59900.0,1000.7100219726564,59900.0,3.319189548492432,0.9340180158615112,1.9632152318954468,59900.0,-9.284893035888672,-3.093068838119507,0.6277227401733398,59900.0,-9.726444244384766,-7.062894821166992,1.9764134883880613
1090,59500.0,-20.2450008392334,-155.30799865722656,15.86299991607666,59500.0,0.5280929803848267,1.3842206001281738,0.18112154304981232,59500.0,1000.9099731445312,59500.0,-0.9277582168579102,-3.98212194442749,2.3582561016082764,59500.0,-8.254651069641112,-4.807844161987305,-2.2171459197998047,59500.0,-8.971672058105469,-4.479551315307617,-2.382829189300537
1091,59600.0,-20.91900062561035,-152.32200622558594,15.86299991607666,59600.0,0.5280929803848267,1.3842206001281738,0.18112154304981232,59600.0,1000.9099731445312,59600.0,-0.9277582168579102,-3.98212194442749,2.3582561016082764,59600.0,-8.254651069641112,-4.807844161987305,-2.2171459197998047,59600.0,-8.971672058105469,-4.479551315307617,-2.382829189300537
1092,59700.0,-20.17300033569336,-149.15699768066406,15.527999877929688,59700.0,1.6001615524291992,0.009162978269159794,1.1071932315826416,59700.0,1000.9099731445312,59700.0,-0.44155120849609375,-3.969825983047485,1.3486907482147217,59700.0,-8.29051685333252,-4.623237133026123,-2.4624037742614746,59700.0,-9.21827507019043,-8.605359077453612,-0.1041477769613266
1093,59800.0,-20.36100006103516,-147.9929962158203,15.204999923706055,59800.0,1.6001615524291992,0.009162978269159794,1.1071932315826416,59800.0,1000.9099731445312,59800.0,-0.44155120849609375,-3.969825983047485,1.3486907482147217,59800.0,-8.29051685333252,-4.623237133026123,-2.4624037742614746,59800.0,-9.21827507019043,-8.605359077453612,-0.1041477769613266
1094,59900.0,-20.36100006103516,-146.427001953125,14.435999870300293,59900.0,0.8460483551025391,0.7162395119667053,1.3912456035614014,59900.0,1000.7100219726564,59900.0,3.319189548492432,0.9340180158615112,1.9632152318954468,59900.0,-9.284893035888672,-3.093068838119507,0.6277227401733398,59900.0,-9.726444244384766,-7.062894821166992,1.9764134883880613
1095,60000.0,-20.36100006103516,-144.91200256347656,14.435999870300293,60000.0,-0.17318029701709747,-0.6505714654922485,-1.5622878074645996,60000.0,1000.9199829101564,60000.0,3.5670862197875977,3.185002326965332,3.488065242767334,60000.0,-9.428593635559082,-2.5153882503509517,-0.9720157384872437,60000.0,-6.10940408706665,-1.581370234489441,0.9911994934082032
1096,60100.0,-19.6299991607666,-144.72300720214844,15.33899974822998,60100.0,-0.17318029701709747,-0.6505714654922485,-1.5622878074645996,60100.0,1000.9199829101564,60100.0,3.5670862197875977,3.185002326965332,3.488065242767334,60100.0,-9.428593635559082,-2.5153882503509517,-0.9720157384872437,60100.0,-6.10940408706665,-1.581370234489441,0.9911994934082032
1097,60200.0,-22.26099967956543,-145.08799743652344,14.022000312805176,60200.0,-0.4343251883983612,1.131933331489563,-1.004873275756836,60200.0,1000.8599853515624,60200.0,-4.940155506134033,-5.4187774658203125,-1.6605849266052246,60200.0,-6.804645538330077,-7.008542537689209,0.8645933866500854,60200.0,-3.2375593185424805,-3.823540210723877,4.352658748626709
1098,60300.0,-26.3439998626709,-149.20799255371094,11.00100040435791,60300.0,-0.4343251883983612,1.131933331489563,-1.004873275756836,60300.0,1000.8599853515624,60300.0,-4.940155506134033,-5.4187774658203125,-1.6605849266052246,60300.0,-6.804645538330077,-7.008542537689209,0.8645933866500854,60300.0,-3.2375593185424805,-3.823540210723877,4.352658748626709
1099,60400.0,-26.707000732421875,-151.6790008544922,10.262999534606934,60400.0,-0.6743952035903931,0.3179553747177124,-0.2373211532831192,60400.0,1000.7899780273438,60400.0,0.7926650047302246,1.8563358783721924,0.5488263368606567,60400.0,-6.930296421051025,-6.549238204956055,-2.291044950485229,60400.0,-11.87045192718506,-11.968015670776367,-3.9516298770904537
1100,60000.0,-20.36100006103516,-144.91200256347656,14.435999870300293,60000.0,-0.17318029701709747,-0.6505714654922485,-1.5622878074645996,60000.0,1000.9199829101564,60000.0,3.5670862197875977,3.185002326965332,3.488065242767334,60000.0,-9.428593635559082,-2.5153882503509517,-0.9720157384872437,60000.0,-6.10940408706665,-1.581370234489441,0.9911994934082032
1101,60100.0,-19.6299991607666,-144.72300720214844,15.33899974822998,60100.0,-0.17318029701709747,-0.6505714654922485,-1.5622878074645996,60100.0,1000.9199829101564,60100.0,3.5670862197875977,3.185002326965332,3.488065242767334,60100.0,-9.428593635559082,-2.5153882503509517,-0.9720157384872437,60100.0,-6.10940408706665,-1.581370234489441,0.9911994934082032
1102,60200.0,-22.26099967956543,-145.08799743652344,14.022000312805176,60200.0,-0.4343251883983612,1.131933331489563,-1.004873275756836,60200.0,1000.8599853515624,60200.0,-4.940155506134033,-5.4187774658203125,-1.6605849266052246,60200.0,-6.804645538330077,-7.008542537689209,0.8645933866500854,60200.0,-3.2375593185424805,-3.823540210723877,4.352658748626709
1103,60300.0,-26.3439998626709,-149.20799255371094,11.00100040435791,60300.0,-0.4343251883983612,1.131933331489563,-1.004873275756836,60300.0,1000.8599853515624,60300.0,-4.940155506134033,-5.4187774658203125,-1.6605849266052246,60300.0,-6.804645538330077,-7.008542537689209,0.8645933866500854,60300.0,-3.2375593185424805,-3.823540210723877,4.352658748626709
1104,60400.0,-26.707000732421875,-151.6790008544922,10.262999534606934,60400.0,-0.6743952035903931,0.3179553747177124,-0.2373211532831192,60400.0,1000.7899780273438,60400.0,0.7926650047302246,1.8563358783721924,0.5488263368606567,60400.0,-6.930296421051025,-6.549238204956055,-2.291044950485229,60400.0,-11.87045192718506,-11.968015670776367,-3.9516298770904537
1105,60500.0,-27.489999771118164,-153.96800231933594,9.48900032043457,60500.0,-0.6743952035903931,0.3179553747177124,-0.2373211532831192,60500.0,1000.7899780273438,60500.0,0.7926650047302246,1.8563358783721924,0.5488263368606567,60500.0,-6.930296421051025,-6.549238204956055,-2.291044950485229,60500.0,-11.87045192718506,-11.968015670776367,-3.9516298770904537
1106,60600.0,-27.461000442504893,-154.7969970703125,9.831000328063963,60600.0,0.15454891324043274,-0.09865473955869676,-0.5271766781806946,60600.0,1000.8499755859376,60600.0,-2.3455753326416016,2.280855894088745,-0.06463706493377687,60600.0,-8.057869911193848,-5.40274715423584,-1.4322867393493652,60600.0,-7.265204906463622,-3.5464112758636475,-0.8834604024887085
1107,60700.0,-27.798999786376953,-155.5959930419922,9.100000381469727,60700.0,0.15454891324043274,-0.09865473955869676,-0.5271766781806946,60700.0,1000.8499755859376,60700.0,-2.3455753326416016,2.280855894088745,-0.06463706493377687,60700.0,-8.057869911193848,-5.40274715423584,-1.4322867393493652,60700.0,-7.265204906463622,-3.5464112758636475,-0.8834604024887085
1108,60800.0,-28.15699958801269,-156.10800170898438,8.470000267028809,60800.0,0.4483750760555267,0.2144137024879456,0.32772919535636896,60800.0,1000.8599853515624,60800.0,-1.762346267700195,-2.9183506965637207,2.323294162750244,60800.0,-7.641837120056152,-6.058906078338622,-1.030710220336914,60800.0,-9.987412452697754,-3.778050184249878,-1.095347285270691
1109,60900.0,-28.49099922180176,-156.10800170898438,8.470000267028809,60900.0,0.7785477638244629,-0.8729264140129089,1.101084589958191,60900.0,1000.77001953125,60900.0,0.5843935012817383,-0.4072470664978027,-2.571608066558838,60900.0,-8.049092292785645,-5.55951738357544,-0.6886528730392456,60900.0,-9.81143856048584,-8.47786808013916,1.634641170501709
1110,60500.0,-27.489999771118164,-153.96800231933594,9.48900032043457,60500.0,-0.6743952035903931,0.3179553747177124,-0.2373211532831192,60500.0,1000.7899780273438,60500.0,0.7926650047302246,1.8563358783721924,0.5488263368606567,60500.0,-6.930296421051025,-6.549238204956055,-2.291044950485229,60500.0,-11.87045192718506,-11.968015670776367,-3.9516298770904537
1111,60600.0,-27.461000442504893,-154.7969970703125,9.831000328063963,60600.0,0.15454891324043274,-0.09865473955869676,-0.5271766781806946,60600.0,1000.8499755859376,60600.0,-2.3455753326416016,2.280855894088745,-0.06463706493377687,60600.0,-8.057869911193848,-5.40274715423584,-1.4322867393493652,60600.0,-7.265204906463622,-3.5464112758636475,-0.8834604024887085
1112,60700.0,-27.798999786376953,-155.5959930419922,9.100000381469727,60700.0,0.15454891324043274,-0.09865473955869676,-0.5271766781806946,60700.0,1000.8499755859376,60700.0,-2.3455753326416016,2.280855894088745,-0.06463706493377687,60700.0,-8.057869911193848,-5.40274715423584,-1.4322867393493652,60700.0,-7.265204906463622,-3.5464112758636475,-0.8834604024887085
1113,60800.0,-28.15699958801269,-156.10800170898438,8.470000267028809,60800.0,0.4483750760555267,0.2144137024879456,0.32772919535636896,60800.0,1000.8599853515624,60800.0,-1.762346267700195,-2.9183506965637207,2.323294162750244,60800.0,-7.641837120056152,-6.058906078338622,-1.030710220336914,60800.0,-9.987412452697754,-3.778050184249878,-1.095347285270691
1114,60900.0,-28.49099922180176,-156.10800170898438,8.470000267028809,60900.0,0.7785477638244629,-0.8729264140129089,1.101084589958191,60900.0,1000.77001953125,60900.0,0.5843935012817383,-0.4072470664978027,-2.571608066558838,60900.0,-8.049092292785645,-5.55951738357544,-0.6886528730392456,60900.0,-9.81143856048584,-8.47786808013916,1.634641170501709
1115,61000.0,-28.79999923706055,-151.76600646972656,13.321999549865724,61000.0,0.7785477638244629,-0.8729264140129089,1.101084589958191,61000.0,1000.77001953125,61000.0,0.5843935012817383,-0.4072470664978027,-2.571608066558838,61000.0,-8.049092292785645,-5.55951738357544,-0.6886528730392456,61000.0,-9.81143856048584,-8.47786808013916,1.634641170501709
1116,61100.0,-28.79999923706055,-147.28500366210938,16.83799934387207,61100.0,0.19792033731937408,-0.8665123581886292,1.0870347023010254,61100.0,1000.5999755859376,61100.0,4.590979099273682,0.07468461990356445,-2.1119422912597656,61100.0,-8.982654571533203,-3.690429210662842,1.3649303913116455,61100.0,-8.398261070251465,-4.0976762771606445,-1.2066776752471924
1117,61200.0,-26.895999908447266,-143.7779998779297,18.4060001373291,61200.0,0.19792033731937408,-0.8665123581886292,1.0870347023010254,61200.0,1000.5999755859376,61200.0,4.590979099273682,0.07468461990356445,-2.1119422912597656,61200.0,-8.982654571533203,-3.690429210662842,1.3649303913116455,61200.0,-8.398261070251465,-4.0976762771606445,-1.2066776752471924
1118,61300.0,-25.2189998626709,-142.08299255371094,18.79199981689453,61300.0,-0.8329147696495056,-0.4874704778194428,-1.9150625467300413,61300.0,1000.8200073242188,61300.0,-11.742818832397461,-3.8191871643066406,-4.7633209228515625,61300.0,-9.202211380004883,-1.6895736455917358,2.9385404586791988,61300.0,-4.611232280731201,-1.6148890256881714,0.8265981078147888
1119,61400.0,-29.03700065612793,-144.70599365234375,17.895000457763672,61400.0,-0.8329147696495056,-0.4874704778194428,-1.9150625467300413,61400.0,1000.8200073242188,61400.0,-11.742818832397461,-3.8191871643066406,-4.7633209228515625,61400.0,-9.202211380004883,-1.6895736455917358,2.9385404586791988,61400.0,-4.611232280731201,-1.6148890256881714,0.8265981078147888
1120,61000.0,-28.79999923706055,-151.76600646972656,13.321999549865724,61000.0,0.7785477638244629,-0.8729264140129089,1.101084589958191,61000.0,1000.77001953125,61000.0,0.5843935012817383,-0.4072470664978027,-2.571608066558838,61000.0,-8.049092292785645,-5.55951738357544,-0.6886528730392456,61000.0,-9.81143856048584,-8.47786808013916,1.634641170501709
1121,61100.0,-28.79999923706055,-147.28500366210938,16.83799934387207,61100.0,0.19792033731937408,-0.8665123581886292,1.0870347023010254,61100.0,1000.5999755859376,61100.0,4.590979099273682,0.07468461990356445,-2.1119422912597656,61100.0,-8.982654571533203,-3.690429210662842,1.3649303913116455,61100.0,-8.398261070251465,-4.0976762771606445,-1.2066776752471924
1122,61200.0,-26.895999908447266,-143.7779998779297,18.4060001373291,61200.0,0.19792033731937408,-0.8665123581886292,1.0870347023010254,61200.0,1000.5999755859376,61200.0,4.590979099273682,0.07468461990356445,-2.1119422912597656,61200.0,-8.982654571533203,-3.690429210662842,1.3649303913116455,61200.0,-8.398261070251465,-4.0976762771606445,-1.2066776752471924
1123,61300.0,-25.2189998626709,-142.08299255371094,18.79199981689453,61300.0,-0.8329147696495056,-0.4874704778194428,-1.9150625467300413,61300.0,1000.8200073242188,61300.0,-11.742818832397461,-3.8191871643066406,-4.7633209228515625,61300.0,-9.202211380004883,-1.6895736455917358,2.9385404586791988,61300.0,-4.611232280731201,-1.6148890256881714,0.8265981078147888
1124,61400.0,-29.03700065612793,-144.70599365234375,17.895000457763672,61400.0,-0.8329147696495056,-0.4874704778194428,-1.9150625467300413,61400.0,1000.8200073242188,61400.0,-11.742818832397461,-3.8191871643066406,-4.7633209228515625,61400.0,-9.202211380004883,-1.6895736455917358,2.9385404586791988,61400.0,-4.611232280731201,-1.6148890256881714,0.8265981078147888
1125,61500.0,-32.50699996948242,-146.2519989013672,17.18400001525879,61500.0,0.2525927722454071,2.4462099075317383,-0.7498371005058289,61500.0,1000.760009765625,61500.0,-2.766818046569824,2.765449047088623,3.646140098571777,61500.0,-7.798654556274414,-4.979503631591797,3.248988389968872,61500.0,-19.541473388671875,-8.798690795898438,-1.5143325328826904
1126,61600.0,-34.154998779296875,-148.2969970703125,14.732000350952148,61600.0,0.2525927722454071,2.4462099075317383,-0.7498371005058289,61600.0,1000.760009765625,61600.0,-2.766818046569824,2.765449047088623,3.646140098571777,61600.0,-7.798654556274414,-4.979503631591797,3.248988389968872,61600.0,-19.541473388671875,-8.798690795898438,-1.5143325328826904
1127,61700.0,-36.0620002746582,-148.19900512695312,11.944000244140625,61700.0,-0.008857546374201775,0.4767803251743317,-0.4889976382255554,61700.0,1000.719970703125,61700.0,0.1063528060913086,1.2784781455993652,-0.8487831354141235,61700.0,-7.198448181152344,-5.717499732971191,-3.415099620819092,61700.0,-9.965266227722168,-2.9520506858825684,0.23104046285152435
1128,61800.0,-36.0620002746582,-148.7100067138672,11.633999824523926,61800.0,0.59803706407547,0.5922338366508484,0.32070425152778625,61800.0,1000.760009765625,61800.0,-4.472541809082031,-1.353442668914795,0.3771670162677765,61800.0,-8.192170143127441,-5.276794910430908,-1.1018927097320557,61800.0,-8.085817337036133,-3.998316764831543,-1.9506758451461792
1129,61900.0,-37.766998291015625,-149.0850067138672,10.126999855041504,61900.0,0.59803706407547,0.5922338366508484,0.32070425152778625,61900.0,1000.760009765625,61900.0,-4.472541809082031,-1.353442668914795,0.3771670162677765,61900.0,-8.192170143127441,-5.276794910430908,-1.1018927097320557,61900.0,-8.085817337036133,-3.998316764831543,-1.9506758451461792
1130,61500.0,-32.50699996948242,-146.2519989013672,17.18400001525879,61500.0,0.2525927722454071,2.4462099075317383,-0.7498371005058289,61500.0,1000.760009765625,61500.0,-2.766818046569824,2.765449047088623,3.646140098571777,61500.0,-7.798654556274414,-4.979503631591797,3.248988389968872,61500.0,-19.541473388671875,-8.798690795898438,-1.5143325328826904
1131,61600.0,-34.154998779296875,-148.2969970703125,14.732000350952148,61600.0,0.2525927722454071,2.4462099075317383,-0.7498371005058289,61600.0,1000.760009765625,61600.0,-2.766818046569824,2.765449047088623,3.646140098571777,61600.0,-7.798654556274414,-4.979503631591797,3.248988389968872,61600.0,-19.541473388671875,-8.798690795898438,-1.5143325328826904
1132,61700.0,-36.0620002746582,-148.19900512695312,11.944000244140625,61700.0,-0.008857546374201775,0.4767803251743317,-0.4889976382255554,61700.0,1000.719970703125,61700.0,0.1063528060913086,1.2784781455993652,-0.8487831354141235,61700.0,-7.198448181152344,-5.717499732971191,-3.415099620819092,61700.0,-9.965266227722168,-2.9520506858825684,0.23104046285152435
1133,61800.0,-36.0620002746582,-148.7100067138672,11.633999824523926,61800.0,0.59803706407547,0.5922338366508484,0.32070425152778625,61800.0,1000.760009765625,61800.0,-4.472541809082031,-1.353442668914795,0.3771670162677765,61800.0,-8.192170143127441,-5.276794910430908,-1.1018927097320557,61800.0,-8.085817337036133,-3.998316764831543,-1.9506758451461792
1134,61900.0,-37.766998291015625,-149.0850067138672,10.126999855041504,61900.0,0.59803706407547,0.5922338366508484,0.32070425152778625,61900.0,1000.760009765625,61900.0,-4.472541809082031,-1.353442668914795,0.3771670162677765,61900.0,-8.192170143127441,-5.276794910430908,-1.1018927097320557,61900.0,-8.085817337036133,-3.998316764831543,-1.9506758451461792
1135,62000.0,-37.62799835205078,-149.0850067138672,10.57800006866455,62000.0,0.9929614663124084,-0.2385428845882416,1.2834278345108032,62000.0,1000.7899780273438,62000.0,-1.7531003952026367,-2.551210403442384,-6.4071407318115225,62000.0,-8.938578605651855,-3.946122646331787,-0.8368537425994873,62000.0,-13.411120414733887,-5.299565315246582,-0.4596867263317108
1136,62100.0,-33.112998962402344,-137.13200378417972,12.692999839782715,62100.0,0.9929614663124084,-0.2385428845882416,1.2834278345108032,62100.0,1000.7899780273438,62100.0,-1.7531003952026367,-2.551210403442384,-6.4071407318115225,62100.0,-8.938578605651855,-3.946122646331787,-0.8368537425994873,62100.0,-13.411120414733887,-5.299565315246582,-0.4596867263317108
1137,62200.0,-25.888999938964844,-131.25100708007812,13.494000434875488,62200.0,0.1661553531885147,1.683544635772705,0.8005388975143433,62200.0,1000.5,62200.0,6.141115665435791,-1.0337079763412476,4.265395164489746,62200.0,-9.545137405395508,-2.246769905090332,0.11278445273637773,62200.0,-11.298237800598145,-4.797980308532715,-6.294356346130371
1138,62300.0,-18.45499992370605,-130.12800598144528,14.517999649047852,62300.0,0.1661553531885147,1.683544635772705,0.8005388975143433,62300.0,1000.5,62300.0,6.141115665435791,-1.0337079763412476,4.265395164489746,62300.0,-9.545137405395508,-2.246769905090332,0.11278445273637773,62300.0,-11.298237800598145,-4.797980308532715,-6.294356346130371
1139,62400.0,-16.725000381469727,-129.36199951171878,14.142999649047852,62400.0,0.17287486791610718,-0.9046914577484132,-2.6477954387664795,62400.0,1000.75,62400.0,-11.224393844604492,0.8174962997436523,-16.181617736816403,62400.0,-9.405011177062988,-0.8020461797714233,-2.659484624862671,62400.0,-3.2638955116271973,-1.835754156112671,1.6059107780456543
1140,62000.0,-37.62799835205078,-149.0850067138672,10.57800006866455,62000.0,0.9929614663124084,-0.2385428845882416,1.2834278345108032,62000.0,1000.7899780273438,62000.0,-1.7531003952026367,-2.551210403442384,-6.4071407318115225,62000.0,-8.938578605651855,-3.946122646331787,-0.8368537425994873,62000.0,-13.411120414733887,-5.299565315246582,-0.4596867263317108
1141,62100.0,-33.112998962402344,-137.13200378417972,12.692999839782715,62100.0,0.9929614663124084,-0.2385428845882416,1.2834278345108032,62100.0,1000.7899780273438,62100.0,-1.7531003952026367,-2.551210403442384,-6.4071407318115225,62100.0,-8.938578605651855,-3.946122646331787,-0.8368537425994873,62100.0,-13.411120414733887,-5.299565315246582,-0.4596867263317108
1142,62200.0,-25.888999938964844,-131.25100708007812,13.494000434875488,62200.0,0.1661553531885147,1.683544635772705,0.8005388975143433,62200.0,1000.5,62200.0,6.141115665435791,-1.0337079763412476,4.265395164489746,62200.0,-9.545137405395508,-2.246769905090332,0.11278445273637773,62200.0,-11.298237800598145,-4.797980308532715,-6.294356346130371
1143,62300.0,-18.45499992370605,-130.12800598144528,14.517999649047852,62300.0,0.1661553531885147,1.683544635772705,0.8005388975143433,62300.0,1000.5,62300.0,6.141115665435791,-1.0337079763412476,4.265395164489746,62300.0,-9.545137405395508,-2.246769905090332,0.11278445273637773,62300.0,-11.298237800598145,-4.797980308532715,-6.294356346130371
1144,62400.0,-16.725000381469727,-129.36199951171878,14.142999649047852,62400.0,0.17287486791610718,-0.9046914577484132,-2.6477954387664795,62400.0,1000.75,62400.0,-11.224393844604492,0.8174962997436523,-16.181617736816403,62400.0,-9.405011177062988,-0.8020461797714233,-2.659484624862671,62400.0,-3.2638955116271973,-1.835754156112671,1.6059107780456543
1145,62500.0,-24.02599906921387,-130.36000061035156,14.447999954223633,62500.0,0.17287486791610718,-0.9046914577484132,-2.6477954387664795,62500.0,1000.75,62500.0,-11.224393844604492,0.8174962997436523,-16.181617736816403,62500.0,-9.405011177062988,-0.8020461797714233,-2.659484624862671,62500.0,-3.2638955116271973,-1.835754156112671,1.6059107780456543
1146,62600.0,-27.632999420166016,-129.92500305175778,13.859000205993652,62600.0,0.1215621829032898,3.308446168899536,-0.2730567753314972,62600.0,1000.7899780273438,62600.0,-4.556130409240723,1.4481155872344968,5.043620586395264,62600.0,-8.384716033935549,-4.972034931182861,-1.0703996419906616,62600.0,-19.60910987854004,-4.154538631439209,-17.252017974853516
1147,62700.0,-32.83599853515625,-129.92500305175778,7.7709999084472665,62700.0,0.9734137654304504,0.3683517575263977,0.769690215587616,62700.0,1000.6900024414064,62700.0,3.7335910797119136,-3.4500391483306885,1.6190897226333618,62700.0,-6.21418571472168,-4.181695461273193,-6.3299055099487305,62700.0,-10.770316123962402,-2.7335798740386963,-1.2862848043441772
1148,62800.0,-31.1200008392334,-130.27000427246094,7.423999786376952,62800.0,0.9734137654304504,0.3683517575263977,0.769690215587616,62800.0,1000.6900024414064,62800.0,3.7335910797119136,-3.4500391483306885,1.6190897226333618,62800.0,-6.21418571472168,-4.181695461273193,-6.3299055099487305,62800.0,-10.770316123962402,-2.7335798740386963,-1.2862848043441772
1149,62900.0,-29.256999969482425,-128.85699462890622,6.416999816894531,62900.0,0.6447682380676271,0.5674937963485718,-2.2272145748138428,62900.0,1000.6300048828124,62900.0,-8.326309204101562,0.2364587783813477,-0.2567354440689087,62900.0,-9.132515907287598,-3.0975039005279537,-1.7812968492507937,62900.0,-5.398924827575684,-6.547543048858643,-0.16220717132091522
1150,62500.0,-24.02599906921387,-130.36000061035156,14.447999954223633,62500.0,0.17287486791610718,-0.9046914577484132,-2.6477954387664795,62500.0,1000.75,62500.0,-11.224393844604492,0.8174962997436523,-16.181617736816403,62500.0,-9.405011177062988,-0.8020461797714233,-2.659484624862671,62500.0,-3.2638955116271973,-1.835754156112671,1.6059107780456543
1151,62600.0,-27.632999420166016,-129.92500305175778,13.859000205993652,62600.0,0.1215621829032898,3.308446168899536,-0.2730567753314972,62600.0,1000.7899780273438,62600.0,-4.556130409240723,1.4481155872344968,5.043620586395264,62600.0,-8.384716033935549,-4.972034931182861,-1.0703996419906616,62600.0,-19.60910987854004,-4.154538631439209,-17.252017974853516
1152,62700.0,-32.83599853515625,-129.92500305175778,7.7709999084472665,62700.0,0.9734137654304504,0.3683517575263977,0.769690215587616,62700.0,1000.6900024414064,62700.0,3.7335910797119136,-3.4500391483306885,1.6190897226333618,62700.0,-6.21418571472168,-4.181695461273193,-6.3299055099487305,62700.0,-10.770316123962402,-2.7335798740386963,-1.2862848043441772
1153,62800.0,-31.1200008392334,-130.27000427246094,7.423999786376952,62800.0,0.9734137654304504,0.3683517575263977,0.769690215587616,62800.0,1000.6900024414064,62800.0,3.7335910797119136,-3.4500391483306885,1.6190897226333618,62800.0,-6.21418571472168,-4.181695461273193,-6.3299055099487305,62800.0,-10.770316123962402,-2.7335798740386963,-1.2862848043441772
1154,62900.0,-29.256999969482425,-128.85699462890622,6.416999816894531,62900.0,0.6447682380676271,0.5674937963485718,-2.2272145748138428,62900.0,1000.6300048828124,62900.0,-8.326309204101562,0.2364587783813477,-0.2567354440689087,62900.0,-9.132515907287598,-3.0975039005279537,-1.7812968492507937,62900.0,-5.398924827575684,-6.547543048858643,-0.16220717132091522
1155,63000.0,-28.83699989318848,-125.26799774169922,5.546000003814697,63000.0,0.6447682380676271,0.5674937963485718,-2.2272145748138428,63000.0,1000.6300048828124,63000.0,-8.326309204101562,0.2364587783813477,-0.2567354440689087,63000.0,-9.132515907287598,-3.0975039005279537,-1.7812968492507937,63000.0,-5.398924827575684,-6.547543048858643,-0.16220717132091522
1156,63100.0,-29.957000732421875,-127.0270004272461,3.009999990463257,63100.0,-0.9065240025520324,0.34513887763023376,2.140471935272217,63100.0,1000.75,63100.0,3.126354217529297,-0.36897143721580505,2.047064304351806,63100.0,-6.3214168548583975,-7.271820545196532,-1.82502281665802,63100.0,-14.647726058959961,-7.0353617668151855,-2.0817582607269287
1157,63200.0,-27.423999786376953,-126.12899780273438,0.2380000054836273,63200.0,-0.9065240025520324,0.34513887763023376,2.140471935272217,63200.0,1000.75,63200.0,3.126354217529297,-0.36897143721580505,2.047064304351806,63200.0,-6.3214168548583975,-7.271820545196532,-1.82502281665802,63200.0,-14.647726058959961,-7.0353617668151855,-2.0817582607269287
1158,63300.0,-19.11100006103516,-125.79000091552734,1.1119999885559082,63300.0,0.8020660877227783,-0.5476406812667847,1.0412198305130005,63300.0,1000.780029296875,63300.0,-0.6075887680053711,-3.007035732269287,0.8828408718109131,63300.0,-9.460813522338867,0.04455709829926492,-2.5809712409973145,63300.0,-6.33445930480957,-0.32441434264183044,-0.5339069962501526
1159,63400.0,-17.229999542236328,-122.95899963378906,-1.5019999742507937,63400.0,0.8020660877227783,-0.5476406812667847,1.0412198305130005,63400.0,1000.780029296875,63400.0,-0.6075887680053711,-3.007035732269287,0.8828408718109131,63400.0,-9.460813522338867,0.04455709829926492,-2.5809712409973145,63400.0,-6.33445930480957,-0.32441434264183044,-0.5339069962501526
1160,63000.0,-28.83699989318848,-125.26799774169922,5.546000003814697,63000.0,0.6447682380676271,0.5674937963485718,-2.2272145748138428,63000.0,1000.6300048828124,63000.0,-8.326309204101562,0.2364587783813477,-0.2567354440689087,63000.0,-9.132515907287598,-3.0975039005279537,-1.7812968492507937,63000.0,-5.398924827575684,-6.547543048858643,-0.16220717132091522
1161,63100.0,-29.957000732421875,-127.0270004272461,3.009999990463257,63100.0,-0.9065240025520324,0.34513887763023376,2.140471935272217,63100.0,1000.75,63100.0,3.126354217529297,-0.36897143721580505,2.047064304351806,63100.0,-6.3214168548583975,-7.271820545196532,-1.82502281665802,63100.0,-14.647726058959961,-7.0353617668151855,-2.0817582607269287
1162,63200.0,-27.423999786376953,-126.12899780273438,0.2380000054836273,63200.0,-0.9065240025520324,0.34513887763023376,2.140471935272217,63200.0,1000.75,63200.0,3.126354217529297,-0.36897143721580505,2.047064304351806,63200.0,-6.3214168548583975,-7.271820545196532,-1.82502281665802,63200.0,-14.647726058959961,-7.0353617668151855,-2.0817582607269287
1163,63300.0,-19.11100006103516,-125.79000091552734,1.1119999885559082,63300.0,0.8020660877227783,-0.5476406812667847,1.0412198305130005,63300.0,1000.780029296875,63300.0,-0.6075887680053711,-3.007035732269287,0.8828408718109131,63300.0,-9.460813522338867,0.04455709829926492,-2.5809712409973145,63300.0,-6.33445930480957,-0.32441434264183044,-0.5339069962501526
1164,63400.0,-17.229999542236328,-122.95899963378906,-1.5019999742507937,63400.0,0.8020660877227783,-0.5476406812667847,1.0412198305130005,63400.0,1000.780029296875,63400.0,-0.6075887680053711,-3.007035732269287,0.8828408718109131,63400.0,-9.460813522338867,0.04455709829926492,-2.5809712409973145,63400.0,-6.33445930480957,-0.32441434264183044,-0.5339069962501526
1165,63500.0,-17.201000213623047,-113.47799682617188,-4.572999954223633,63500.0,2.138333797454834,0.71318519115448,-0.6301075220108032,63500.0,1000.4600219726564,63500.0,5.8612327575683585,0.2589852809906006,0.3604760766029358,63500.0,-9.542030334472656,-2.262003421783448,-0.058038435876369476,63500.0,-10.149619102478027,-5.2690391540527335,0.8248024582862854
1166,63600.0,-18.347999572753906,-108.1719970703125,-9.413000106811523,63600.0,2.440711975097656,1.795027494430542,1.1374311447143557,63600.0,1000.9099731445312,63600.0,5.8612327575683585,0.2589852809906006,0.3604760766029358,63600.0,-9.25800609588623,-3.230788230895996,-0.1473921239376068,63600.0,-3.39677357673645,-2.9718029499053955,0.21308395266532887
1167,63700.0,-19.917999267578125,-105.86799621582031,-1.8350000381469729,63700.0,2.440711975097656,1.795027494430542,1.1374311447143557,63700.0,1000.9099731445312,63700.0,5.765312194824219,-6.404042720794678,10.591703414916992,63700.0,-9.25800609588623,-3.230788230895996,-0.1473921239376068,63700.0,-3.39677357673645,-2.9718029499053955,0.21308395266532887
1168,63800.0,-25.01799964904785,-101.4540023803711,-1.2519999742507937,63800.0,4.607756614685059,3.4452800750732417,1.5161675214767456,63800.0,1000.8599853515624,63800.0,4.268297195434569,-3.4892849922180176,-7.448851585388184,63800.0,-9.130961418151855,-3.281101703643799,-1.4249035120010376,63800.0,-3.3656489849090576,-9.685144424438477,9.166799545288086
1169,63900.0,-23.98200035095215,-95.06600189208984,-15.272000312805176,63900.0,4.607756614685059,3.4452800750732417,1.5161675214767456,63900.0,1000.8599853515624,63900.0,4.268297195434569,-3.4892849922180176,-7.448851585388184,63900.0,-9.130961418151855,-3.281101703643799,-1.4249035120010376,63900.0,-3.3656489849090576,-9.685144424438477,9.166799545288086
1170,63500.0,-17.201000213623047,-113.47799682617188,-4.572999954223633,63500.0,2.138333797454834,0.71318519115448,-0.6301075220108032,63500.0,1000.4600219726564,63500.0,5.8612327575683585,0.2589852809906006,0.3604760766029358,63500.0,-9.542030334472656,-2.262003421783448,-0.058038435876369476,63500.0,-10.149619102478027,-5.2690391540527335,0.8248024582862854
1171,63600.0,-18.347999572753906,-108.1719970703125,-9.413000106811523,63600.0,2.440711975097656,1.795027494430542,1.1374311447143557,63600.0,1000.9099731445312,63600.0,5.8612327575683585,0.2589852809906006,0.3604760766029358,63600.0,-9.25800609588623,-3.230788230895996,-0.1473921239376068,63600.0,-3.39677357673645,-2.9718029499053955,0.21308395266532887
1172,63700.0,-19.917999267578125,-105.86799621582031,-1.8350000381469729,63700.0,2.440711975097656,1.795027494430542,1.1374311447143557,63700.0,1000.9099731445312,63700.0,5.765312194824219,-6.404042720794678,10.591703414916992,63700.0,-9.25800609588623,-3.230788230895996,-0.1473921239376068,63700.0,-3.39677357673645,-2.9718029499053955,0.21308395266532887
1173,63800.0,-25.01799964904785,-101.4540023803711,-1.2519999742507937,63800.0,4.607756614685059,3.4452800750732417,1.5161675214767456,63800.0,1000.8599853515624,63800.0,4.268297195434569,-3.4892849922180176,-7.448851585388184,63800.0,-9.130961418151855,-3.281101703643799,-1.4249035120010376,63800.0,-3.3656489849090576,-9.685144424438477,9.166799545288086
1174,63900.0,-23.98200035095215,-95.06600189208984,-15.272000312805176,63900.0,4.607756614685059,3.4452800750732417,1.5161675214767456,63900.0,1000.8599853515624,63900.0,4.268297195434569,-3.4892849922180176,-7.448851585388184,63900.0,-9.130961418151855,-3.281101703643799,-1.4249035120010376,63900.0,-3.3656489849090576,-9.685144424438477,9.166799545288086
1175,64000.0,-16.382999420166016,-100.90599822998048,-37.6609992980957,64000.0,4.7751336097717285,4.526511669158936,2.2852468490600586,64000.0,1000.7899780273438,64000.0,2.3350305557250977,4.99940299987793,-2.0930943489074707,64000.0,-8.404280662536621,-4.419960498809815,-2.4499752521514893,64000.0,-4.135983467102052,-7.909245491027832,-9.898826599121094
1176,64100.0,2.5369999408721924,-120.83399963378906,-58.80799865722656,64100.0,4.7751336097717285,4.526511669158936,2.2852468490600586,64100.0,1000.7899780273438,64100.0,2.3350305557250977,4.99940299987793,-2.0930943489074707,64100.0,-8.404280662536621,-4.419960498809815,-2.4499752521514893,64100.0,-4.135983467102052,-7.909245491027832,-9.898826599121094
1177,64200.0,4.734000205993652,-128.14100646972656,-62.66299819946289,64200.0,1.3432927131652832,3.4495561122894287,-0.8588765263557434,64200.0,1000.6500244140624,64200.0,-6.581794261932372,3.37593674659729,1.4091615676879885,64200.0,-7.588507652282715,-4.265580177307129,-4.515501022338867,64200.0,-5.253477096557617,0.7338228225708008,-6.608595371246338
1178,64300.0,3.575999975204468,-133.19200134277344,-67.40699768066406,64300.0,1.3432927131652832,3.4495561122894287,-0.8588765263557434,64300.0,1000.6500244140624,64300.0,-6.581794261932372,3.37593674659729,1.4091615676879885,64300.0,-7.588507652282715,-4.265580177307129,-4.515501022338867,64300.0,-5.253477096557617,0.7338228225708008,-6.608595371246338
1179,64400.0,-2.1659998893737797,-135.84500122070312,-74.11000061035156,64400.0,1.5412130355834959,-0.26908615231513977,1.2873984575271606,64400.0,1000.8599853515624,64400.0,-1.6633529663085938,-0.3966732025146485,-0.4395373463630676,64400.0,-5.490968227386475,-6.374674320220947,-5.038172721862793,64400.0,-12.072762489318848,-2.998737573623657,-3.6290111541748047
1180,64000.0,-16.382999420166016,-100.90599822998048,-37.6609992980957,64000.0,4.7751336097717285,4.526511669158936,2.2852468490600586,64000.0,1000.7899780273438,64000.0,2.3350305557250977,4.99940299987793,-2.0930943489074707,64000.0,-8.404280662536621,-4.419960498809815,-2.4499752521514893,64000.0,-4.135983467102052,-7.909245491027832,-9.898826599121094
1181,64100.0,2.5369999408721924,-120.83399963378906,-58.80799865722656,64100.0,4.7751336097717285,4.526511669158936,2.2852468490600586,64100.0,1000.7899780273438,64100.0,2.3350305557250977,4.99940299987793,-2.0930943489074707,64100.0,-8.404280662536621,-4.419960498809815,-2.4499752521514893,64100.0,-4.135983467102052,-7.909245491027832,-9.898826599121094
1182,64200.0,4.734000205993652,-128.14100646972656,-62.66299819946289,64200.0,1.3432927131652832,3.4495561122894287,-0.8588765263557434,64200.0,1000.6500244140624,64200.0,-6.581794261932372,3.37593674659729,1.4091615676879885,64200.0,-7.588507652282715,-4.265580177307129,-4.515501022338867,64200.0,-5.253477096557617,0.7338228225708008,-6.608595371246338
1183,64300.0,3.575999975204468,-133.19200134277344,-67.40699768066406,64300.0,1.3432927131652832,3.4495561122894287,-0.8588765263557434,64300.0,1000.6500244140624,64300.0,-6.581794261932372,3.37593674659729,1.4091615676879885,64300.0,-7.588507652282715,-4.265580177307129,-4.515501022338867,64300.0,-5.253477096557617,0.7338228225708008,-6.608595371246338
1184,64400.0,-2.1659998893737797,-135.84500122070312,-74.11000061035156,64400.0,1.5412130355834959,-0.26908615231513977,1.2873984575271606,64400.0,1000.8599853515624,64400.0,-1.6633529663085938,-0.3966732025146485,-0.4395373463630676,64400.0,-5.490968227386475,-6.374674320220947,-5.038172721862793,64400.0,-12.072762489318848,-2.998737573623657,-3.6290111541748047
1185,64500.0,-10.472000122070312,-143.70399475097656,-77.66400146484375,64500.0,0.055894169956445694,-0.3228422701358795,1.7840319871902466,64500.0,1000.8599853515624,64500.0,-1.6633529663085938,-0.3966732025146485,-0.4395373463630676,64500.0,-9.49542236328125,-2.393768787384033,-0.5265230536460876,64500.0,-11.158775329589844,-2.7904419898986816,-0.9660604000091552
1186,64600.0,-21.121999740600586,-140.13800048828122,-72.87100219726562,64600.0,0.055894169956445694,-0.3228422701358795,1.7840319871902466,64600.0,1000.75,64600.0,-6.81258487701416,-7.7142395973205575,6.578847408294678,64600.0,-9.49542236328125,-2.393768787384033,-0.5265230536460876,64600.0,-11.158775329589844,-2.7904419898986816,-0.9660604000091552
1187,64700.0,-31.98200035095215,-142.31399536132812,-69.73699951171875,64700.0,-0.37629300355911255,-1.7418822050094604,1.997223973274231,64700.0,1000.5700073242188,64700.0,7.152121067047119,-3.117227077484132,-2.7474207878112797,64700.0,-9.770853996276855,0.8327053785324097,0.08601159602403641,64700.0,-16.583438873291016,-6.881534099578857,6.664858818054199
1188,64800.0,-45.60300064086914,-134.4949951171875,-61.56399917602539,64800.0,-0.37629300355911255,-1.7418822050094604,1.997223973274231,64800.0,1000.5700073242188,64800.0,7.152121067047119,-3.117227077484132,-2.7474207878112797,64800.0,-9.770853996276855,0.8327053785324097,0.08601159602403641,64800.0,-16.583438873291016,-6.881534099578857,6.664858818054199
1189,64900.0,-53.4020004272461,-124.40899658203124,-49.85499954223633,64900.0,-0.04886921867728233,-2.191478967666626,-0.3182607889175415,64900.0,1000.6199951171876,64900.0,-3.1177692413330083,8.598141670227049,3.674041748046875,64900.0,-8.337849617004395,4.1203975677490225,3.110142230987549,64900.0,-1.1857284307479858,1.0031704902648926,0.3627215623855591
1190,64500.0,-10.472000122070312,-143.70399475097656,-77.66400146484375,64500.0,0.055894169956445694,-0.3228422701358795,1.7840319871902466,64500.0,1000.8599853515624,64500.0,-1.6633529663085938,-0.3966732025146485,-0.4395373463630676,64500.0,-9.49542236328125,-2.393768787384033,-0.5265230536460876,64500.0,-11.158775329589844,-2.7904419898986816,-0.9660604000091552
1191,64600.0,-21.121999740600586,-140.13800048828122,-72.87100219726562,64600.0,0.055894169956445694,-0.3228422701358795,1.7840319871902466,64600.0,1000.75,64600.0,-6.81258487701416,-7.7142395973205575,6.578847408294678,64600.0,-9.49542236328125,-2.393768787384033,-0.5265230536460876,64600.0,-11.158775329589844,-2.7904419898986816,-0.9660604000091552
1192,64700.0,-31.98200035095215,-142.31399536132812,-69.73699951171875,64700.0,-0.37629300355911255,-1.7418822050094604,1.997223973274231,64700.0,1000.5700073242188,64700.0,7.152121067047119,-3.117227077484132,-2.7474207878112797,64700.0,-9.770853996276855,0.8327053785324097,0.08601159602403641,64700.0,-16.583438873291016,-6.881534099578857,6.664858818054199
1193,64800.0,-45.60300064086914,-134.4949951171875,-61.56399917602539,64800.0,-0.37629300355911255,-1.7418822050094604,1.997223973274231,64800.0,1000.5700073242188,64800.0,7.152121067047119,-3.117227077484132,-2.7474207878112797,64800.0,-9.770853996276855,0.8327053785324097,0.08601159602403641,64800.0,-16.583438873291016,-6.881534099578857,6.664858818054199
1194,64900.0,-53.4020004272461,-124.40899658203124,-49.85499954223633,64900.0,-0.04886921867728233,-2.191478967666626,-0.3182607889175415,64900.0,1000.6199951171876,64900.0,-3.1177692413330083,8.598141670227049,3.674041748046875,64900.0,-8.337849617004395,4.1203975677490225,3.110142230987549,64900.0,-1.1857284307479858,1.0031704902648926,0.3627215623855591
1195,65000.0,-54.30599975585938,-124.1240005493164,-48.82799911499024,65000.0,-0.04886921867728233,-2.191478967666626,-0.3182607889175415,65000.0,1000.6199951171876,65000.0,-3.1177692413330083,8.598141670227049,3.674041748046875,65000.0,-8.337849617004395,4.1203975677490225,3.110142230987549,65000.0,-1.1857284307479858,1.0031704902648926,0.3627215623855591
1196,65100.0,-52.4010009765625,-127.96700286865234,-48.68299865722656,65100.0,-0.6762278079986572,0.14538592100143433,-1.7965546846389768,65100.0,1000.72998046875,65100.0,1.9374923706054688,3.397912740707397,3.648626089096069,65100.0,-8.478547096252441,-3.5918662548065186,3.373889446258545,65100.0,-11.59631633758545,5.006275653839111,7.04793119430542
1197,65200.0,-50.45299911499024,-132.32099914550778,-53.79999923706055,65200.0,-0.6762278079986572,0.14538592100143433,-1.7965546846389768,65200.0,1000.72998046875,65200.0,1.9374923706054688,3.397912740707397,3.648626089096069,65200.0,-8.478547096252441,-3.5918662548065186,3.373889446258545,65200.0,-11.59631633758545,5.006275653839111,7.04793119430542
1198,65300.0,-42.81399917602539,-138.13299560546878,-61.387001037597656,65300.0,-0.4129449129104614,1.2751811742782593,-2.0011944770813,65300.0,1000.7000122070312,65300.0,0.2818832397460937,0.823817253112793,1.0580562353134155,65300.0,-7.848776340484619,-5.857954978942871,-0.5014479160308838,65300.0,-5.91128396987915,-2.4600422382354736,3.147178173065185
1199,65400.0,-36.15800094604492,-141.8249969482422,-67.47200012207031,65400.0,0.14263702929019928,0.6044511795043945,-0.43249258399009705,65400.0,1000.6799926757812,65400.0,0.2818832397460937,0.823817253112793,1.0580562353134155,65400.0,-7.208308696746826,-6.307736396789551,-2.1031253337860107,65400.0,-6.926425457000732,-5.483919143676758,-1.0450690984725952
1200,65000.0,-54.30599975585938,-124.1240005493164,-48.82799911499024,65000.0,-0.04886921867728233,-2.191478967666626,-0.3182607889175415,65000.0,1000.6199951171876,65000.0,-3.1177692413330083,8.598141670227049,3.674041748046875,65000.0,-8.337849617004395,4.1203975677490225,3.110142230987549,65000.0,-1.1857284307479858,1.0031704902648926,0.3627215623855591
1201,65100.0,-52.4010009765625,-127.96700286865234,-48.68299865722656,65100.0,-0.6762278079986572,0.14538592100143433,-1.7965546846389768,65100.0,1000.72998046875,65100.0,1.9374923706054688,3.397912740707397,3.648626089096069,65100.0,-8.478547096252441,-3.5918662548065186,3.373889446258545,65100.0,-11.59631633758545,5.006275653839111,7.04793119430542
1202,65200.0,-50.45299911499024,-132.32099914550778,-53.79999923706055,65200.0,-0.6762278079986572,0.14538592100143433,-1.7965546846389768,65200.0,1000.72998046875,65200.0,1.9374923706054688,3.397912740707397,3.648626089096069,65200.0,-8.478547096252441,-3.5918662548065186,3.373889446258545,65200.0,-11.59631633758545,5.006275653839111,7.04793119430542
1203,65300.0,-42.81399917602539,-138.13299560546878,-61.387001037597656,65300.0,-0.4129449129104614,1.2751811742782593,-2.0011944770813,65300.0,1000.7000122070312,65300.0,0.2818832397460937,0.823817253112793,1.0580562353134155,65300.0,-7.848776340484619,-5.857954978942871,-0.5014479160308838,65300.0,-5.91128396987915,-2.4600422382354736,3.147178173065185
1204,65400.0,-36.15800094604492,-141.8249969482422,-67.47200012207031,65400.0,0.14263702929019928,0.6044511795043945,-0.43249258399009705,65400.0,1000.6799926757812,65400.0,0.2818832397460937,0.823817253112793,1.0580562353134155,65400.0,-7.208308696746826,-6.307736396789551,-2.1031253337860107,65400.0,-6.926425457000732,-5.483919143676758,-1.0450690984725952
1205,65500.0,-34.317001342773445,-143.38299560546875,-67.00099945068361,65500.0,0.14263702929019928,0.6044511795043945,-0.43249258399009705,65500.0,1000.6799926757812,65500.0,1.7989206314086914,-0.7699065208435059,0.4000627398490906,65500.0,-7.208308696746826,-6.307736396789551,-2.1031253337860107,65500.0,-6.926425457000732,-5.483919143676758,-1.0450690984725952
1206,65600.0,-32.06399917602539,-143.89300537109375,-67.19000244140625,65600.0,0.28985556960105896,0.3484986126422882,-0.9844093322753906,65600.0,1000.6500244140624,65600.0,-2.1298952102661133,-0.9926276206970216,-1.407209873199463,65600.0,-8.751682281494139,-4.3560791015625,-0.7765509486198425,65600.0,-6.952761650085449,-5.125985622406006,-0.376488208770752
1207,65700.0,-29.45499992370605,-147.96099853515625,-66.88899993896484,65700.0,0.28985556960105896,0.3484986126422882,-0.9844093322753906,65700.0,1000.6500244140624,65700.0,-2.1298952102661133,-0.9926276206970216,-1.407209873199463,65700.0,-8.751682281494139,-4.3560791015625,-0.7765509486198425,65700.0,-6.952761650085449,-5.125985622406006,-0.376488208770752
1208,65800.0,-28.64800071716309,-150.49200439453125,-67.76699829101564,65800.0,0.9459248185157776,0.693026602268219,1.244943380355835,65800.0,1000.760009765625,65800.0,0.6486921310424805,-4.78939151763916,0.2812694013118744,65800.0,-8.179537773132324,-5.395102500915527,-0.3980182111263275,65800.0,-10.309432983398438,-6.387730121612549,-1.8052281141281128
1209,65900.0,-32.382999420166016,-154.26699829101562,-68.07399749755861,65900.0,0.9459248185157776,0.693026602268219,1.244943380355835,65900.0,1000.760009765625,65900.0,0.6486921310424805,-4.78939151763916,0.2812694013118744,65900.0,-8.179537773132324,-5.395102500915527,-0.3980182111263275,65900.0,-10.309432983398438,-6.387730121612549,-1.8052281141281128
1210,65500.0,-34.317001342773445,-143.38299560546875,-67.00099945068361,65500.0,0.14263702929019928,0.6044511795043945,-0.43249258399009705,65500.0,1000.6799926757812,65500.0,1.7989206314086914,-0.7699065208435059,0.4000627398490906,65500.0,-7.208308696746826,-6.307736396789551,-2.1031253337860107,65500.0,-6.926425457000732,-5.483919143676758,-1.0450690984725952
1211,65600.0,-32.06399917602539,-143.89300537109375,-67.19000244140625,65600.0,0.28985556960105896,0.3484986126422882,-0.9844093322753906,65600.0,1000.6500244140624,65600.0,-2.1298952102661133,-0.9926276206970216,-1.407209873199463,65600.0,-8.751682281494139,-4.3560791015625,-0.7765509486198425,65600.0,-6.952761650085449,-5.125985622406006,-0.376488208770752
1212,65700.0,-29.45499992370605,-147.96099853515625,-66.88899993896484,65700.0,0.28985556960105896,0.3484986126422882,-0.9844093322753906,65700.0,1000.6500244140624,65700.0,-2.1298952102661133,-0.9926276206970216,-1.407209873199463,65700.0,-8.751682281494139,-4.3560791015625,-0.7765509486198425,65700.0,-6.952761650085449,-5.125985622406006,-0.376488208770752
1213,65800.0,-28.64800071716309,-150.49200439453125,-67.76699829101564,65800.0,0.9459248185157776,0.693026602268219,1.244943380355835,65800.0,1000.760009765625,65800.0,0.6486921310424805,-4.78939151763916,0.2812694013118744,65800.0,-8.179537773132324,-5.395102500915527,-0.3980182111263275,65800.0,-10.309432983398438,-6.387730121612549,-1.8052281141281128
1214,65900.0,-32.382999420166016,-154.26699829101562,-68.07399749755861,65900.0,0.9459248185157776,0.693026602268219,1.244943380355835,65900.0,1000.760009765625,65900.0,0.6486921310424805,-4.78939151763916,0.2812694013118744,65900.0,-8.179537773132324,-5.395102500915527,-0.3980182111263275,65900.0,-10.309432983398438,-6.387730121612549,-1.8052281141281128
1215,66000.0,-39.08000183105469,-150.88600158691406,-63.58300018310547,66000.0,-0.15821409225463867,-0.9807441234588624,0.5653557777404785,66000.0,1000.5800170898438,66000.0,0.16966724395751953,-2.340970516204834,0.5169161558151245,66000.0,-9.548538208007812,-2.1047124862670903,-0.7523285746574402,66000.0,-8.899846076965332,-6.89410400390625,-0.4710591733455658
1216,66100.0,-43.617000579833984,-147.59800720214844,-58.52000045776367,66100.0,-0.15821409225463867,-0.9807441234588624,0.5653557777404785,66100.0,1000.5800170898438,66100.0,0.16966724395751953,-2.340970516204834,0.5169161558151245,66100.0,-9.548538208007812,-2.1047124862670903,-0.7523285746574402,66100.0,-8.899846076965332,-6.89410400390625,-0.4710591733455658
1217,66200.0,-44.77799987792969,-143.00799560546875,-55.71500015258789,66200.0,-0.020463986322283745,-1.7580702304840088,0.3326161205768585,66200.0,1000.5599975585938,66200.0,5.971395492553711,1.9866054058074951,-3.2030565738677983,66200.0,-9.09225845336914,-3.3320903778076167,1.5486813783645632,66200.0,-8.922591209411621,-5.673060894012451,2.0655975341796875
1218,66300.0,-45.1500015258789,-139.59599304199222,-53.62300109863281,66300.0,0.4975497424602509,-0.6038402915000916,0.2284636050462723,66300.0,1000.719970703125,66300.0,5.971395492553711,1.9866054058074951,-3.2030565738677983,66300.0,-9.09225845336914,-3.3320903778076167,1.5486813783645632,66300.0,-2.381632089614868,-0.6817489266395569,1.1875240802764893
1219,66400.0,-41.79499816894531,-142.5070037841797,-57.28900146484375,66400.0,0.4975497424602509,-0.6038402915000916,0.2284636050462723,66400.0,1000.719970703125,66400.0,-2.92032241821289,6.161094665527344,-0.5389517545700073,66400.0,-8.35302734375,-2.6683542728424072,4.390580654144287,66400.0,-2.381632089614868,-0.6817489266395569,1.1875240802764893
1220,66000.0,-39.08000183105469,-150.88600158691406,-63.58300018310547,66000.0,-0.15821409225463867,-0.9807441234588624,0.5653557777404785,66000.0,1000.5800170898438,66000.0,0.16966724395751953,-2.340970516204834,0.5169161558151245,66000.0,-9.548538208007812,-2.1047124862670903,-0.7523285746574402,66000.0,-8.899846076965332,-6.89410400390625,-0.4710591733455658
1221,66100.0,-43.617000579833984,-147.59800720214844,-58.52000045776367,66100.0,-0.15821409225463867,-0.9807441234588624,0.5653557777404785,66100.0,1000.5800170898438,66100.0,0.16966724395751953,-2.340970516204834,0.5169161558151245,66100.0,-9.548538208007812,-2.1047124862670903,-0.7523285746574402,66100.0,-8.899846076965332,-6.89410400390625,-0.4710591733455658
1222,66200.0,-44.77799987792969,-143.00799560546875,-55.71500015258789,66200.0,-0.020463986322283745,-1.7580702304840088,0.3326161205768585,66200.0,1000.5599975585938,66200.0,5.971395492553711,1.9866054058074951,-3.2030565738677983,66200.0,-9.09225845336914,-3.3320903778076167,1.5486813783645632,66200.0,-8.922591209411621,-5.673060894012451,2.0655975341796875
1223,66300.0,-45.1500015258789,-139.59599304199222,-53.62300109863281,66300.0,0.4975497424602509,-0.6038402915000916,0.2284636050462723,66300.0,1000.719970703125,66300.0,5.971395492553711,1.9866054058074951,-3.2030565738677983,66300.0,-9.09225845336914,-3.3320903778076167,1.5486813783645632,66300.0,-2.381632089614868,-0.6817489266395569,1.1875240802764893
1224,66400.0,-41.79499816894531,-142.5070037841797,-57.28900146484375,66400.0,0.4975497424602509,-0.6038402915000916,0.2284636050462723,66400.0,1000.719970703125,66400.0,-2.92032241821289,6.161094665527344,-0.5389517545700073,66400.0,-8.35302734375,-2.6683542728424072,4.390580654144287,66400.0,-2.381632089614868,-0.6817489266395569,1.1875240802764893
1225,66500.0,-34.07400131225586,-142.26600646972656,-60.3129997253418,66500.0,0.2648100852966309,2.1178698539733887,-0.8032878041267395,66500.0,1000.6500244140624,66500.0,-0.6805629730224609,1.7520837783813477,0.6637351512908936,66500.0,-9.242820739746094,-2.854702472686768,1.6097584962844849,66500.0,-12.163143157958984,3.3063924312591566,1.0708067417144775
1226,66600.0,-37.007999420166016,-140.25199890136722,-59.35800170898438,66600.0,0.2648100852966309,2.1178698539733887,-0.8032878041267395,66600.0,1000.6500244140624,66600.0,-0.6805629730224609,1.7520837783813477,0.6637351512908936,66600.0,-9.242820739746094,-2.854702472686768,1.6097584962844849,66600.0,-12.163143157958984,3.3063924312591566,1.0708067417144775
1227,66700.0,-34.840999603271484,-137.05900573730472,-60.4640007019043,66700.0,-0.2703078687191009,0.3961461186408997,-0.6142250299453735,66700.0,1000.6500244140624,66700.0,1.2054548263549805,-2.0904779434204097,-0.3014756441116333,66700.0,-8.103762626647951,-4.616147518157959,-3.0316007137298584,66700.0,-8.78432559967041,-2.8640637397766118,-2.367865562438965
1228,66800.0,-34.025001525878906,-134.00799560546878,-60.4900016784668,66800.0,-0.2703078687191009,0.3961461186408997,-0.6142250299453735,66800.0,1000.6500244140624,66800.0,1.2054548263549805,-2.0904779434204097,-0.3014756441116333,66800.0,-8.103762626647951,-4.616147518157959,-3.0316007137298584,66800.0,-8.78432559967041,-2.8640637397766118,-2.367865562438965
1229,66900.0,-33.60400009155273,-135.11000061035156,-60.4900016784668,66900.0,0.3197879493236542,0.2544253766536713,-0.13041973114013672,66900.0,1000.6799926757812,66900.0,-3.0017366409301762,-1.1816110610961914,-1.5100226402282717,66900.0,-8.594559669494629,-4.630644798278809,-0.927946925163269,66900.0,-7.3891048431396475,-6.721122741699219,-1.2294225692749023
1230,66500.0,-34.07400131225586,-142.26600646972656,-60.3129997253418,66500.0,0.2648100852966309,2.1178698539733887,-0.8032878041267395,66500.0,1000.6500244140624,66500.0,-0.6805629730224609,1.7520837783813477,0.6637351512908936,66500.0,-9.242820739746094,-2.854702472686768,1.6097584962844849,66500.0,-12.163143157958984,3.3063924312591566,1.0708067417144775
1231,66600.0,-37.007999420166016,-140.25199890136722,-59.35800170898438,66600.0,0.2648100852966309,2.1178698539733887,-0.8032878041267395,66600.0,1000.6500244140624,66600.0,-0.6805629730224609,1.7520837783813477,0.6637351512908936,66600.0,-9.242820739746094,-2.854702472686768,1.6097584962844849,66600.0,-12.163143157958984,3.3063924312591566,1.0708067417144775
1232,66700.0,-34.840999603271484,-137.05900573730472,-60.4640007019043,66700.0,-0.2703078687191009,0.3961461186408997,-0.6142250299453735,66700.0,1000.6500244140624,66700.0,1.2054548263549805,-2.0904779434204097,-0.3014756441116333,66700.0,-8.103762626647951,-4.616147518157959,-3.0316007137298584,66700.0,-8.78432559967041,-2.8640637397766118,-2.367865562438965
1233,66800.0,-34.025001525878906,-134.00799560546878,-60.4900016784668,66800.0,-0.2703078687191009,0.3961461186408997,-0.6142250299453735,66800.0,1000.6500244140624,66800.0,1.2054548263549805,-2.0904779434204097,-0.3014756441116333,66800.0,-8.103762626647951,-4.616147518157959,-3.0316007137298584,66800.0,-8.78432559967041,-2.8640637397766118,-2.367865562438965
1234,66900.0,-33.60400009155273,-135.11000061035156,-60.4900016784668,66900.0,0.3197879493236542,0.2544253766536713,-0.13041973114013672,66900.0,1000.6799926757812,66900.0,-3.0017366409301762,-1.1816110610961914,-1.5100226402282717,66900.0,-8.594559669494629,-4.630644798278809,-0.927946925163269,66900.0,-7.3891048431396475,-6.721122741699219,-1.2294225692749023
1235,67000.0,-33.273998260498054,-135.56199645996094,-60.861000061035156,67000.0,0.3197879493236542,0.2544253766536713,-0.13041973114013672,67000.0,1000.6799926757812,67000.0,-3.0017366409301762,-1.1816110610961914,-1.5100226402282717,67000.0,-8.594559669494629,-4.630644798278809,-0.927946925163269,67000.0,-7.3891048431396475,-6.721122741699219,-1.2294225692749023
1236,67100.0,-33.273998260498054,-134.88999938964844,-60.861000061035156,67100.0,1.1542298793792725,-0.1817324161529541,1.084591269493103,67100.0,1000.6799926757812,67100.0,0.4214439392089844,-3.9013783931732178,-2.708953857421875,67100.0,-8.982439994812012,-3.907863140106201,-0.4633981585502625,67100.0,-11.984176635742188,-5.0894742012023935,-1.9734207391738887
1237,67200.0,-36.446998596191406,-134.88999938964844,-60.51100158691406,67200.0,1.1542298793792725,-0.1817324161529541,1.084591269493103,67200.0,1000.6300048828124,67200.0,0.4214439392089844,-3.9013783931732178,-2.708953857421875,67200.0,-8.982439994812012,-3.907863140106201,-0.4633981585502625,67200.0,-9.159018516540527,-5.944802761077881,-2.251148223876953
1238,67300.0,-39.75899887084961,-129.75599670410156,-60.03200149536133,67300.0,-0.1264491081237793,-0.6688974499702454,1.1707231998443604,67300.0,1000.6300048828124,67300.0,6.2984490394592285,-3.0458223819732666,-0.08218860626220703,67300.0,-9.580462455749512,-2.043424367904663,0.457805722951889,67300.0,-9.159018516540527,-5.944802761077881,-2.251148223876953
1239,67400.0,-39.98500061035156,-124.0469970703125,-58.34500122070313,67400.0,-0.5299255847930908,-0.6609562039375305,-1.2311989068984983,67400.0,1000.5700073242188,67400.0,4.067748069763184,3.444519519805908,-1.6066045761108398,67400.0,-9.519248962402344,-2.26511549949646,0.650811493396759,67400.0,-3.2207999229431152,-5.310937881469727,0.568622887134552
1240,67000.0,-33.273998260498054,-135.56199645996094,-60.861000061035156,67000.0,0.3197879493236542,0.2544253766536713,-0.13041973114013672,67000.0,1000.6799926757812,67000.0,-3.0017366409301762,-1.1816110610961914,-1.5100226402282717,67000.0,-8.594559669494629,-4.630644798278809,-0.927946925163269,67000.0,-7.3891048431396475,-6.721122741699219,-1.2294225692749023
1241,67100.0,-33.273998260498054,-134.88999938964844,-60.861000061035156,67100.0,1.1542298793792725,-0.1817324161529541,1.084591269493103,67100.0,1000.6799926757812,67100.0,0.4214439392089844,-3.9013783931732178,-2.708953857421875,67100.0,-8.982439994812012,-3.907863140106201,-0.4633981585502625,67100.0,-11.984176635742188,-5.0894742012023935,-1.9734207391738887
1242,67200.0,-36.446998596191406,-134.88999938964844,-60.51100158691406,67200.0,1.1542298793792725,-0.1817324161529541,1.084591269493103,67200.0,1000.6300048828124,67200.0,0.4214439392089844,-3.9013783931732178,-2.708953857421875,67200.0,-8.982439994812012,-3.907863140106201,-0.4633981585502625,67200.0,-9.159018516540527,-5.944802761077881,-2.251148223876953
1243,67300.0,-39.75899887084961,-129.75599670410156,-60.03200149536133,67300.0,-0.1264491081237793,-0.6688974499702454,1.1707231998443604,67300.0,1000.6300048828124,67300.0,6.2984490394592285,-3.0458223819732666,-0.08218860626220703,67300.0,-9.580462455749512,-2.043424367904663,0.457805722951889,67300.0,-9.159018516540527,-5.944802761077881,-2.251148223876953
1244,67400.0,-39.98500061035156,-124.0469970703125,-58.34500122070313,67400.0,-0.5299255847930908,-0.6609562039375305,-1.2311989068984983,67400.0,1000.5700073242188,67400.0,4.067748069763184,3.444519519805908,-1.6066045761108398,67400.0,-9.519248962402344,-2.26511549949646,0.650811493396759,67400.0,-3.2207999229431152,-5.310937881469727,0.568622887134552
1245,67500.0,-38.91999816894531,-120.20999908447266,-55.77000045776367,67500.0,-0.5299255847930908,-0.6609562039375305,-1.2311989068984983,67500.0,1000.5700073242188,67500.0,4.067748069763184,3.444519519805908,-1.6066045761108398,67500.0,-9.519248962402344,-2.26511549949646,0.650811493396759,67500.0,-3.2207999229431152,-5.310937881469727,0.568622887134552
1246,67600.0,-38.06700134277344,-122.41000366210938,-55.5,67600.0,-1.1911872625350952,0.8145887851715088,-1.0250319242477417,67600.0,1000.6599731445312,67600.0,0.6011896133422852,-1.7968406677246094,1.1104601621627808,67600.0,-8.721477508544924,-4.232810497283936,1.4797118902206419,67600.0,-4.653729438781738,-0.7882909178733826,-0.12689268589019775
1247,67700.0,-35.83300018310547,-121.00900268554688,-55.88299942016602,67700.0,-1.1911872625350952,0.8145887851715088,-1.0250319242477417,67700.0,1000.6599731445312,67700.0,0.6011896133422852,-1.7968406677246094,1.1104601621627808,67700.0,-8.721477508544924,-4.232810497283936,1.4797118902206419,67700.0,-4.653729438781738,-0.7882909178733826,-0.12689268589019775
1248,67800.0,-34.73199844360352,-121.00900268554688,-54.92699813842773,67800.0,0.05925392732024193,-0.2073887437582016,-0.1065959855914116,67800.0,1000.5900268554688,67800.0,1.070871353149414,0.8037781715393066,-1.1041170358657837,67800.0,-7.543776035308838,-5.603038311004639,-2.8049564361572266,67800.0,-6.942586421966553,-7.399878978729247,-1.6944962739944458
1249,67900.0,-33.53499984741211,-121.00900268554688,-55.24100112915039,67900.0,0.05925392732024193,-0.2073887437582016,-0.1065959855914116,67900.0,1000.5900268554688,67900.0,1.070871353149414,0.8037781715393066,-1.1041170358657837,67900.0,-7.543776035308838,-5.603038311004639,-2.8049564361572266,67900.0,-6.942586421966553,-7.399878978729247,-1.6944962739944458
1250,67500.0,-38.91999816894531,-120.20999908447266,-55.77000045776367,67500.0,-0.5299255847930908,-0.6609562039375305,-1.2311989068984983,67500.0,1000.5700073242188,67500.0,4.067748069763184,3.444519519805908,-1.6066045761108398,67500.0,-9.519248962402344,-2.26511549949646,0.650811493396759,67500.0,-3.2207999229431152,-5.310937881469727,0.568622887134552
1251,67600.0,-38.06700134277344,-122.41000366210938,-55.5,67600.0,-1.1911872625350952,0.8145887851715088,-1.0250319242477417,67600.0,1000.6599731445312,67600.0,0.6011896133422852,-1.7968406677246094,1.1104601621627808,67600.0,-8.721477508544924,-4.232810497283936,1.4797118902206419,67600.0,-4.653729438781738,-0.7882909178733826,-0.12689268589019775
1252,67700.0,-35.83300018310547,-121.00900268554688,-55.88299942016602,67700.0,-1.1911872625350952,0.8145887851715088,-1.0250319242477417,67700.0,1000.6599731445312,67700.0,0.6011896133422852,-1.7968406677246094,1.1104601621627808,67700.0,-8.721477508544924,-4.232810497283936,1.4797118902206419,67700.0,-4.653729438781738,-0.7882909178733826,-0.12689268589019775
1253,67800.0,-34.73199844360352,-121.00900268554688,-54.92699813842773,67800.0,0.05925392732024193,-0.2073887437582016,-0.1065959855914116,67800.0,1000.5900268554688,67800.0,1.070871353149414,0.8037781715393066,-1.1041170358657837,67800.0,-7.543776035308838,-5.603038311004639,-2.8049564361572266,67800.0,-6.942586421966553,-7.399878978729247,-1.6944962739944458
1254,67900.0,-33.53499984741211,-121.00900268554688,-55.24100112915039,67900.0,0.05925392732024193,-0.2073887437582016,-0.1065959855914116,67900.0,1000.5900268554688,67900.0,1.070871353149414,0.8037781715393066,-1.1041170358657837,67900.0,-7.543776035308838,-5.603038311004639,-2.8049564361572266,67900.0,-6.942586421966553,-7.399878978729247,-1.6944962739944458
1255,68000.0,-33.53499984741211,-121.3280029296875,-55.67599868774414,68000.0,0.23060162365436554,0.11484266817569733,-0.6426302194595337,68000.0,1000.6199951171876,68000.0,-1.646099090576172,0.5975513458251953,-0.6876546740531921,68000.0,-8.663483619689941,-4.589609622955322,-0.2234678417444229,68000.0,-7.592612266540527,-3.785831451416016,-1.3275848627090454
1256,68100.0,-33.53499984741211,-121.3280029296875,-55.67599868774414,68100.0,0.23060162365436554,0.11484266817569733,-0.6426302194595337,68100.0,1000.6599731445312,68100.0,-1.646099090576172,0.5975513458251953,-0.6876546740531921,68100.0,-8.663483619689941,-4.589609622955322,-0.2234678417444229,68100.0,-9.817423820495604,-4.788403511047363,-1.313219666481018
1257,68200.0,-32.838001251220696,-124.63500213623048,-55.98099899291992,68200.0,0.2587014436721802,0.28924468159675604,0.4886921942234039,68200.0,1000.6599731445312,68200.0,-0.5111608505249023,-6.1981139183044425,1.9340993165969849,68200.0,-8.171324729919434,-5.385954856872559,-0.6255649924278259,68200.0,-9.817423820495604,-4.788403511047363,-1.313219666481018
1258,68300.0,-32.529998779296875,-127.54499816894531,-55.98099899291992,68300.0,1.014647126197815,-0.8790351152420044,0.5571091175079346,68300.0,1000.6300048828124,68300.0,-0.18146324157714844,-2.5533616542816158,-3.0173466205596924,68300.0,-8.88847541809082,-4.089171886444092,-0.6663695573806763,68300.0,-9.399636268615724,-10.287285804748537,1.2677297592163086
1259,68400.0,-32.847000122070305,-131.75199890136722,-55.98099899291992,68400.0,1.014647126197815,-0.8790351152420044,0.5571091175079346,68400.0,1000.6300048828124,68400.0,-0.18146324157714844,-2.5533616542816158,-3.0173466205596924,68400.0,-8.88847541809082,-4.089171886444092,-0.6663695573806763,68400.0,-9.399636268615724,-10.287285804748537,1.2677297592163086
1260,68000.0,-33.53499984741211,-121.3280029296875,-55.67599868774414,68000.0,0.23060162365436554,0.11484266817569733,-0.6426302194595337,68000.0,1000.6199951171876,68000.0,-1.646099090576172,0.5975513458251953,-0.6876546740531921,68000.0,-8.663483619689941,-4.589609622955322,-0.2234678417444229,68000.0,-7.592612266540527,-3.785831451416016,-1.3275848627090454
1261,68100.0,-33.53499984741211,-121.3280029296875,-55.67599868774414,68100.0,0.23060162365436554,0.11484266817569733,-0.6426302194595337,68100.0,1000.6599731445312,68100.0,-1.646099090576172,0.5975513458251953,-0.6876546740531921,68100.0,-8.663483619689941,-4.589609622955322,-0.2234678417444229,68100.0,-9.817423820495604,-4.788403511047363,-1.313219666481018
1262,68200.0,-32.838001251220696,-124.63500213623048,-55.98099899291992,68200.0,0.2587014436721802,0.28924468159675604,0.4886921942234039,68200.0,1000.6599731445312,68200.0,-0.5111608505249023,-6.1981139183044425,1.9340993165969849,68200.0,-8.171324729919434,-5.385954856872559,-0.6255649924278259,68200.0,-9.817423820495604,-4.788403511047363,-1.313219666481018
1263,68300.0,-32.529998779296875,-127.54499816894531,-55.98099899291992,68300.0,1.014647126197815,-0.8790351152420044,0.5571091175079346,68300.0,1000.6300048828124,68300.0,-0.18146324157714844,-2.5533616542816158,-3.0173466205596924,68300.0,-8.88847541809082,-4.089171886444092,-0.6663695573806763,68300.0,-9.399636268615724,-10.287285804748537,1.2677297592163086
1264,68400.0,-32.847000122070305,-131.75199890136722,-55.98099899291992,68400.0,1.014647126197815,-0.8790351152420044,0.5571091175079346,68400.0,1000.6300048828124,68400.0,-0.18146324157714844,-2.5533616542816158,-3.0173466205596924,68400.0,-8.88847541809082,-4.089171886444092,-0.6663695573806763,68400.0,-9.399636268615724,-10.287285804748537,1.2677297592163086
1265,68500.0,-33.15800094604492,-133.35200500488278,-55.98099899291992,68500.0,0.206777885556221,-0.6236934065818787,0.9764680862426758,68500.0,1000.4400024414064,68500.0,4.26882266998291,1.1846959590911863,-1.9821079969406128,68500.0,-8.815946578979492,-3.9486916065216064,1.6903603076934814,68500.0,-8.99740982055664,-6.502053260803223,-1.326986312866211
1266,68600.0,-34.53300094604492,-133.35200500488278,-55.98099899291992,68600.0,0.206777885556221,-0.6236934065818787,0.9764680862426758,68600.0,1000.4400024414064,68600.0,4.26882266998291,1.1846959590911863,-1.9821079969406128,68600.0,-8.815946578979492,-3.9486916065216064,1.6903603076934814,68600.0,-8.99740982055664,-6.502053260803223,-1.326986312866211
1267,68700.0,-34.53300094604492,-132.77200317382812,-55.98099899291992,68700.0,-0.6450737118721008,-0.22510384023189545,-1.9086484909057613,68700.0,1000.5999755859376,68700.0,-11.852361679077148,-10.911518096923828,-5.469846725463867,68700.0,-9.127256393432617,-2.1711070537567143,2.8547945022583012,68700.0,-4.858433723449707,-0.9864110946655272,0.872686505317688
1268,68800.0,-26.22800064086914,-133.61000061035156,-55.98099899291992,68800.0,-0.6450737118721008,-0.22510384023189545,-1.9086484909057613,68800.0,1000.5999755859376,68800.0,-11.852361679077148,-10.911518096923828,-5.469846725463867,68800.0,-9.127256393432617,-2.1711070537567143,2.8547945022583012,68800.0,-4.858433723449707,-0.9864110946655272,0.872686505317688
1269,68900.0,-26.309999465942386,-133.61000061035156,-57.3120002746582,68900.0,0.30085113644599915,2.8041768074035645,-0.5372560024261475,68900.0,1000.530029296875,68900.0,-3.400151252746582,1.1581997871398926,1.673215627670288,68900.0,-7.756747722625732,-5.292438983917236,2.8272464275360107,68900.0,-19.60910987854004,-16.203956604003903,-2.6426000595092773
1270,68500.0,-33.15800094604492,-133.35200500488278,-55.98099899291992,68500.0,0.206777885556221,-0.6236934065818787,0.9764680862426758,68500.0,1000.4400024414064,68500.0,4.26882266998291,1.1846959590911863,-1.9821079969406128,68500.0,-8.815946578979492,-3.9486916065216064,1.6903603076934814,68500.0,-8.99740982055664,-6.502053260803223,-1.326986312866211
1271,68600.0,-34.53300094604492,-133.35200500488278,-55.98099899291992,68600.0,0.206777885556221,-0.6236934065818787,0.9764680862426758,68600.0,1000.4400024414064,68600.0,4.26882266998291,1.1846959590911863,-1.9821079969406128,68600.0,-8.815946578979492,-3.9486916065216064,1.6903603076934814,68600.0,-8.99740982055664,-6.502053260803223,-1.326986312866211
1272,68700.0,-34.53300094604492,-132.77200317382812,-55.98099899291992,68700.0,-0.6450737118721008,-0.22510384023189545,-1.9086484909057613,68700.0,1000.5999755859376,68700.0,-11.852361679077148,-10.911518096923828,-5.469846725463867,68700.0,-9.127256393432617,-2.1711070537567143,2.8547945022583012,68700.0,-4.858433723449707,-0.9864110946655272,0.872686505317688
1273,68800.0,-26.22800064086914,-133.61000061035156,-55.98099899291992,68800.0,-0.6450737118721008,-0.22510384023189545,-1.9086484909057613,68800.0,1000.5999755859376,68800.0,-11.852361679077148,-10.911518096923828,-5.469846725463867,68800.0,-9.127256393432617,-2.1711070537567143,2.8547945022583012,68800.0,-4.858433723449707,-0.9864110946655272,0.872686505317688
1274,68900.0,-26.309999465942386,-133.61000061035156,-57.3120002746582,68900.0,0.30085113644599915,2.8041768074035645,-0.5372560024261475,68900.0,1000.530029296875,68900.0,-3.400151252746582,1.1581997871398926,1.673215627670288,68900.0,-7.756747722625732,-5.292438983917236,2.8272464275360107,68900.0,-19.60910987854004,-16.203956604003903,-2.6426000595092773
1275,69000.0,-24.8129997253418,-133.61000061035156,-58.61000061035156,69000.0,0.30085113644599915,2.8041768074035645,-0.5372560024261475,69000.0,1000.530029296875,69000.0,-3.400151252746582,1.1581997871398926,1.673215627670288,69000.0,-7.756747722625732,-5.292438983917236,2.8272464275360107,69000.0,-19.60910987854004,-16.203956604003903,-2.6426000595092773
1276,69100.0,-23.56399917602539,-133.61000061035156,-58.63299942016602,69100.0,-0.1014036312699318,0.032681290060281754,-0.2382374405860901,69100.0,1000.52001953125,69100.0,1.4624981880187988,-0.7302837371826172,-0.3327300548553467,69100.0,-6.6417293548583975,-5.8873467445373535,-4.170966625213623,69100.0,-10.04188060760498,-4.729146957397461,-2.497750997543335
1277,69200.0,-23.459999084472656,-133.61000061035156,-59.00699996948242,69200.0,0.008246680721640587,0.3237585723400116,-0.284663200378418,69200.0,1000.5700073242188,69200.0,-4.180315017700194,0.5663018226623535,0.5625555515289307,69200.0,-8.083662986755371,-5.4832682609558105,-0.8709548711776733,69200.0,-6.621164798736572,-6.213551998138428,-1.20368492603302
1278,69300.0,-22.95199966430664,-133.27099609375,-59.00699996948242,69300.0,0.008246680721640587,0.3237585723400116,-0.284663200378418,69300.0,1000.5700073242188,69300.0,-4.180315017700194,0.5663018226623535,0.5625555515289307,69300.0,-8.083662986755371,-5.4832682609558105,-0.8709548711776733,69300.0,-6.621164798736572,-6.213551998138428,-1.20368492603302
1279,69400.0,-22.95199966430664,-133.62100219726565,-59.00699996948242,69400.0,1.948965549468994,-0.4007275998592377,1.2101240158081057,69400.0,1000.72998046875,69400.0,-2.1763744354248047,-0.9723765850067142,2.5389692783355717,69400.0,-8.121691703796388,-5.37385892868042,-1.153324842453003,69400.0,-12.302006721496582,-4.807557106018066,-0.5907692909240723
1280,69000.0,-24.8129997253418,-133.61000061035156,-58.61000061035156,69000.0,0.30085113644599915,2.8041768074035645,-0.5372560024261475,69000.0,1000.530029296875,69000.0,-3.400151252746582,1.1581997871398926,1.673215627670288,69000.0,-7.756747722625732,-5.292438983917236,2.8272464275360107,69000.0,-19.60910987854004,-16.203956604003903,-2.6426000595092773
1281,69100.0,-23.56399917602539,-133.61000061035156,-58.63299942016602,69100.0,-0.1014036312699318,0.032681290060281754,-0.2382374405860901,69100.0,1000.52001953125,69100.0,1.4624981880187988,-0.7302837371826172,-0.3327300548553467,69100.0,-6.6417293548583975,-5.8873467445373535,-4.170966625213623,69100.0,-10.04188060760498,-4.729146957397461,-2.497750997543335
1282,69200.0,-23.459999084472656,-133.61000061035156,-59.00699996948242,69200.0,0.008246680721640587,0.3237585723400116,-0.284663200378418,69200.0,1000.5700073242188,69200.0,-4.180315017700194,0.5663018226623535,0.5625555515289307,69200.0,-8.083662986755371,-5.4832682609558105,-0.8709548711776733,69200.0,-6.621164798736572,-6.213551998138428,-1.20368492603302
1283,69300.0,-22.95199966430664,-133.27099609375,-59.00699996948242,69300.0,0.008246680721640587,0.3237585723400116,-0.284663200378418,69300.0,1000.5700073242188,69300.0,-4.180315017700194,0.5663018226623535,0.5625555515289307,69300.0,-8.083662986755371,-5.4832682609558105,-0.8709548711776733,69300.0,-6.621164798736572,-6.213551998138428,-1.20368492603302
1284,69400.0,-22.95199966430664,-133.62100219726565,-59.00699996948242,69400.0,1.948965549468994,-0.4007275998592377,1.2101240158081057,69400.0,1000.72998046875,69400.0,-2.1763744354248047,-0.9723765850067142,2.5389692783355717,69400.0,-8.121691703796388,-5.37385892868042,-1.153324842453003,69400.0,-12.302006721496582,-4.807557106018066,-0.5907692909240723
1285,69500.0,-25.34600067138672,-141.10400390625,-58.66799926757813,69500.0,1.948965549468994,-0.4007275998592377,1.2101240158081057,69500.0,1000.72998046875,69500.0,-2.1763744354248047,-0.9723765850067142,2.5389692783355717,69500.0,-8.121691703796388,-5.37385892868042,-1.153324842453003,69500.0,-12.302006721496582,-4.807557106018066,-0.5907692909240723
1286,69600.0,-28.000999450683594,-143.0030059814453,-58.66799926757813,69600.0,0.4590652287006378,0.4254676401615143,1.7159204483032229,69600.0,1000.530029296875,69600.0,4.636070728302002,-3.176897525787353,-0.7835968136787415,69600.0,-9.32537078857422,-2.5046029090881348,1.7131330966949463,69600.0,-11.501745223999025,-3.4769794940948486,4.2521023750305185
1287,69700.0,-34.84000015258789,-142.51800537109375,-58.24100112915039,69700.0,0.4590652287006378,0.4254676401615143,1.7159204483032229,69700.0,1000.530029296875,69700.0,4.636070728302002,-3.176897525787353,-0.7835968136787415,69700.0,-9.32537078857422,-2.5046029090881348,1.7131330966949463,69700.0,-11.501745223999025,-3.4769794940948486,4.2521023750305185
1288,69800.0,-39.14099884033203,-142.25399780273438,-53.10499954223633,69800.0,-0.6982190012931824,-1.8741345405578609,-1.2678507566452026,69800.0,1000.52001953125,69800.0,-2.688403606414795,9.152351379394533,1.2605388164520264,69800.0,-9.719559669494627,0.6953074932098389,1.1032227277755735,69800.0,-5.083488941192627,-2.481590032577514,0.3196259140968323
1289,69900.0,-35.9900016784668,-143.00900268554688,-53.63299942016602,69900.0,-0.6982190012931824,-1.8741345405578609,-1.2678507566452026,69900.0,1000.52001953125,69900.0,-2.688403606414795,9.152351379394533,1.2605388164520264,69900.0,-9.719559669494627,0.6953074932098389,1.1032227277755735,69900.0,-10.093954086303713,3.140594005584717,3.538031578063965
1290,69500.0,-25.34600067138672,-141.10400390625,-58.66799926757813,69500.0,1.948965549468994,-0.4007275998592377,1.2101240158081057,69500.0,1000.72998046875,69500.0,-2.1763744354248047,-0.9723765850067142,2.5389692783355717,69500.0,-8.121691703796388,-5.37385892868042,-1.153324842453003,69500.0,-12.302006721496582,-4.807557106018066,-0.5907692909240723
1291,69600.0,-28.000999450683594,-143.0030059814453,-58.66799926757813,69600.0,0.4590652287006378,0.4254676401615143,1.7159204483032229,69600.0,1000.530029296875,69600.0,4.636070728302002,-3.176897525787353,-0.7835968136787415,69600.0,-9.32537078857422,-2.5046029090881348,1.7131330966949463,69600.0,-11.501745223999025,-3.4769794940948486,4.2521023750305185
1292,69700.0,-34.84000015258789,-142.51800537109375,-58.24100112915039,69700.0,0.4590652287006378,0.4254676401615143,1.7159204483032229,69700.0,1000.530029296875,69700.0,4.636070728302002,-3.176897525787353,-0.7835968136787415,69700.0,-9.32537078857422,-2.5046029090881348,1.7131330966949463,69700.0,-11.501745223999025,-3.4769794940948486,4.2521023750305185
1293,69800.0,-39.14099884033203,-142.25399780273438,-53.10499954223633,69800.0,-0.6982190012931824,-1.8741345405578609,-1.2678507566452026,69800.0,1000.52001953125,69800.0,-2.688403606414795,9.152351379394533,1.2605388164520264,69800.0,-9.719559669494627,0.6953074932098389,1.1032227277755735,69800.0,-5.083488941192627,-2.481590032577514,0.3196259140968323
1294,69900.0,-35.9900016784668,-143.00900268554688,-53.63299942016602,69900.0,-0.6982190012931824,-1.8741345405578609,-1.2678507566452026,69900.0,1000.52001953125,69900.0,-2.688403606414795,9.152351379394533,1.2605388164520264,69900.0,-9.719559669494627,0.6953074932098389,1.1032227277755735,69900.0,-10.093954086303713,3.140594005584717,3.538031578063965
1295,70000.0,-26.39299964904785,-143.00900268554688,-59.486000061035156,70000.0,0.749531626701355,0.9190467596054076,-1.7595973014831543,70000.0,1000.6199951171876,70000.0,-6.929617881774902,-9.821531295776367,-5.605255126953125,70000.0,-7.405550479888916,-6.011757850646973,2.2774927616119385,70000.0,-10.093954086303713,3.140594005584717,3.538031578063965
1296,70100.0,-10.095999717712402,-144.90499877929688,-64.31199645996094,70100.0,2.179872512817384,3.725056171417236,0.09376781433820723,70100.0,1000.5599975585938,70100.0,-3.922027111053467,3.320628881454468,-1.4020564556121826,70100.0,-5.6914167404174805,-7.677090167999268,2.2001020908355717,70100.0,-12.621034622192385,-17.498620986938473,-3.4051532745361333
1297,70200.0,2.539999961853028,-148.7969970703125,-63.8759994506836,70200.0,2.179872512817384,3.725056171417236,0.09376781433820723,70200.0,1000.5599975585938,70200.0,-3.922027111053467,3.320628881454468,-1.4020564556121826,70200.0,-5.6914167404174805,-7.677090167999268,2.2001020908355717,70200.0,-12.621034622192385,-17.498620986938473,-3.4051532745361333
1298,70300.0,7.193999767303468,-158.8179931640625,-63.45299911499024,70300.0,1.9410243034362795,1.1047497987747192,-0.8145887851715088,70300.0,1000.5900268554688,70300.0,-0.8025488853454591,3.175443410873413,-3.987743377685547,70300.0,-7.194849491119385,-5.356897354125977,-3.9633495807647705,70300.0,-11.116876602172852,-2.0362684726715092,-5.365406036376953
1299,70400.0,14.645000457763672,-157.75100708007812,-62.35499954223633,70400.0,1.9410243034362795,1.1047497987747192,-0.8145887851715088,70400.0,1000.5900268554688,70400.0,-0.8025488853454591,3.175443410873413,-3.987743377685547,70400.0,-7.194849491119385,-5.356897354125977,-3.9633495807647705,70400.0,-11.116876602172852,-2.0362684726715092,-5.365406036376953
1300,70000.0,-26.39299964904785,-143.00900268554688,-59.486000061035156,70000.0,0.749531626701355,0.9190467596054076,-1.7595973014831543,70000.0,1000.6199951171876,70000.0,-6.929617881774902,-9.821531295776367,-5.605255126953125,70000.0,-7.405550479888916,-6.011757850646973,2.2774927616119385,70000.0,-10.093954086303713,3.140594005584717,3.538031578063965
1301,70100.0,-10.095999717712402,-144.90499877929688,-64.31199645996094,70100.0,2.179872512817384,3.725056171417236,0.09376781433820723,70100.0,1000.5599975585938,70100.0,-3.922027111053467,3.320628881454468,-1.4020564556121826,70100.0,-5.6914167404174805,-7.677090167999268,2.2001020908355717,70100.0,-12.621034622192385,-17.498620986938473,-3.4051532745361333
1302,70200.0,2.539999961853028,-148.7969970703125,-63.8759994506836,70200.0,2.179872512817384,3.725056171417236,0.09376781433820723,70200.0,1000.5599975585938,70200.0,-3.922027111053467,3.320628881454468,-1.4020564556121826,70200.0,-5.6914167404174805,-7.677090167999268,2.2001020908355717,70200.0,-12.621034622192385,-17.498620986938473,-3.4051532745361333
1303,70300.0,7.193999767303468,-158.8179931640625,-63.45299911499024,70300.0,1.9410243034362795,1.1047497987747192,-0.8145887851715088,70300.0,1000.5900268554688,70300.0,-0.8025488853454591,3.175443410873413,-3.987743377685547,70300.0,-7.194849491119385,-5.356897354125977,-3.9633495807647705,70300.0,-11.116876602172852,-2.0362684726715092,-5.365406036376953
1304,70400.0,14.645000457763672,-157.75100708007812,-62.35499954223633,70400.0,1.9410243034362795,1.1047497987747192,-0.8145887851715088,70400.0,1000.5900268554688,70400.0,-0.8025488853454591,3.175443410873413,-3.987743377685547,70400.0,-7.194849491119385,-5.356897354125977,-3.9633495807647705,70400.0,-11.116876602172852,-2.0362684726715092,-5.365406036376953
1305,70500.0,21.53700065612793,-159.33599853515625,-60.50699996948242,70500.0,1.4092661142349243,0.9706648588180542,1.350928544998169,70500.0,1000.5499877929688,70500.0,-3.49258804321289,-6.559784889221191,0.5433435440063477,70500.0,-7.77168607711792,-5.93057107925415,-0.7743238806724548,70500.0,-8.574234962463379,-2.7551276683807373,-4.762067317962647
1306,70600.0,18.76499938964844,-157.94200134277344,-61.67900085449219,70600.0,1.4092661142349243,0.9706648588180542,1.350928544998169,70600.0,1000.5499877929688,70600.0,-3.49258804321289,-6.559784889221191,0.5433435440063477,70600.0,-7.77168607711792,-5.93057107925415,-0.7743238806724548,70600.0,-8.574234962463379,-2.7551276683807373,-4.762067317962647
1307,70700.0,9.947999954223633,-160.45899963378906,-62.00400161743164,70700.0,0.8048149347305298,-0.6301075220108032,0.7849618196487427,70700.0,1000.5499877929688,70700.0,1.0077486038208008,-0.8935301303863525,-2.4011001586914062,70700.0,-9.288259506225586,-2.75126576423645,-1.5261633396148682,70700.0,-12.780847549438475,-9.311050415039064,-0.9828197956085204
1308,70800.0,-0.621999979019165,-159.78799438476562,-64.27100372314453,70800.0,0.8048149347305298,-0.6301075220108032,0.7849618196487427,70800.0,1000.5499877929688,70800.0,1.0077486038208008,-0.8935301303863525,-2.4011001586914062,70800.0,-9.288259506225586,-2.75126576423645,-1.5261633396148682,70800.0,-8.199542045593263,-4.214393615722656,-1.7944542169570925
1309,70900.0,-6.316999912261963,-159.9510040283203,-62.611000061035156,70900.0,0.5042692422866821,-0.3738495409488678,-0.02871066704392433,70900.0,1000.5800170898438,70900.0,0.538726806640625,3.811869382858277,-0.0524415522813797,70900.0,-9.207290649414064,-3.320863485336304,0.6066458225250244,70900.0,-8.199542045593263,-4.214393615722656,-1.7944542169570925
1310,70500.0,21.53700065612793,-159.33599853515625,-60.50699996948242,70500.0,1.4092661142349243,0.9706648588180542,1.350928544998169,70500.0,1000.5499877929688,70500.0,-3.49258804321289,-6.559784889221191,0.5433435440063477,70500.0,-7.77168607711792,-5.93057107925415,-0.7743238806724548,70500.0,-8.574234962463379,-2.7551276683807373,-4.762067317962647
1311,70600.0,18.76499938964844,-157.94200134277344,-61.67900085449219,70600.0,1.4092661142349243,0.9706648588180542,1.350928544998169,70600.0,1000.5499877929688,70600.0,-3.49258804321289,-6.559784889221191,0.5433435440063477,70600.0,-7.77168607711792,-5.93057107925415,-0.7743238806724548,70600.0,-8.574234962463379,-2.7551276683807373,-4.762067317962647
1312,70700.0,9.947999954223633,-160.45899963378906,-62.00400161743164,70700.0,0.8048149347305298,-0.6301075220108032,0.7849618196487427,70700.0,1000.5499877929688,70700.0,1.0077486038208008,-0.8935301303863525,-2.4011001586914062,70700.0,-9.288259506225586,-2.75126576423645,-1.5261633396148682,70700.0,-12.780847549438475,-9.311050415039064,-0.9828197956085204
1313,70800.0,-0.621999979019165,-159.78799438476562,-64.27100372314453,70800.0,0.8048149347305298,-0.6301075220108032,0.7849618196487427,70800.0,1000.5499877929688,70800.0,1.0077486038208008,-0.8935301303863525,-2.4011001586914062,70800.0,-9.288259506225586,-2.75126576423645,-1.5261633396148682,70800.0,-8.199542045593263,-4.214393615722656,-1.7944542169570925
1314,70900.0,-6.316999912261963,-159.9510040283203,-62.611000061035156,70900.0,0.5042692422866821,-0.3738495409488678,-0.02871066704392433,70900.0,1000.5800170898438,70900.0,0.538726806640625,3.811869382858277,-0.0524415522813797,70900.0,-9.207290649414064,-3.320863485336304,0.6066458225250244,70900.0,-8.199542045593263,-4.214393615722656,-1.7944542169570925
1315,71000.0,-4.823999881744385,-160.6439971923828,-53.23899841308594,71000.0,0.9269880056381226,0.5201517343521118,0.3173444867134094,71000.0,1000.52001953125,71000.0,5.0089449882507315,2.1274938583374023,1.2764813899993896,71000.0,-8.780766487121582,-4.366127014160156,0.0739893689751625,71000.0,-8.242039680480957,-0.5542576909065247,0.021547814831137657
1316,71100.0,-1.9889999628067017,-161.66799926757812,-45.74700164794922,71100.0,0.9269880056381226,0.5201517343521118,0.3173444867134094,71100.0,1000.52001953125,71100.0,5.0089449882507315,2.1274938583374023,1.2764813899993896,71100.0,-8.780766487121582,-4.366127014160156,0.0739893689751625,71100.0,-8.242039680480957,-0.5542576909065247,0.021547814831137657
1317,71200.0,-0.046999998390674584,-167.08900451660156,-39.22100067138672,71200.0,4.082412242889403,0.8365799784660339,1.197601318359375,71200.0,1000.47998046875,71200.0,10.010876655578613,-8.936861038208008,-17.249645233154293,71200.0,-9.068912506103516,-3.731608867645264,-0.017131386324763298,71200.0,-4.059967517852783,-1.6041151285171509,1.259350061416626
1318,71300.0,2.21399998664856,-168.99099731445312,-35.73699951171875,71300.0,4.082412242889403,0.8365799784660339,1.197601318359375,71300.0,1000.47998046875,71300.0,10.010876655578613,-8.936861038208008,-17.249645233154293,71300.0,-9.068912506103516,-3.731608867645264,-0.017131386324763298,71300.0,-4.059967517852783,-1.6041151285171509,1.259350061416626
1319,71400.0,4.243000030517578,-171.7429962158203,-27.45199966430664,71400.0,2.8512134552001966,7.209431648254394,0.05619960278272629,71400.0,1000.4500122070312,71400.0,-11.279312133789064,9.07354736328125,4.8321571350097665,71400.0,-9.697236061096193,-1.369578242301941,0.5081899166107178,71400.0,0.31364041566848755,-10.306439399719238,-16.741455078125
1320,71000.0,-4.823999881744385,-160.6439971923828,-53.23899841308594,71000.0,0.9269880056381226,0.5201517343521118,0.3173444867134094,71000.0,1000.52001953125,71000.0,5.0089449882507315,2.1274938583374023,1.2764813899993896,71000.0,-8.780766487121582,-4.366127014160156,0.0739893689751625,71000.0,-8.242039680480957,-0.5542576909065247,0.021547814831137657
1321,71100.0,-1.9889999628067017,-161.66799926757812,-45.74700164794922,71100.0,0.9269880056381226,0.5201517343521118,0.3173444867134094,71100.0,1000.52001953125,71100.0,5.0089449882507315,2.1274938583374023,1.2764813899993896,71100.0,-8.780766487121582,-4.366127014160156,0.0739893689751625,71100.0,-8.242039680480957,-0.5542576909065247,0.021547814831137657
1322,71200.0,-0.046999998390674584,-167.08900451660156,-39.22100067138672,71200.0,4.082412242889403,0.8365799784660339,1.197601318359375,71200.0,1000.47998046875,71200.0,10.010876655578613,-8.936861038208008,-17.249645233154293,71200.0,-9.068912506103516,-3.731608867645264,-0.017131386324763298,71200.0,-4.059967517852783,-1.6041151285171509,1.259350061416626
1323,71300.0,2.21399998664856,-168.99099731445312,-35.73699951171875,71300.0,4.082412242889403,0.8365799784660339,1.197601318359375,71300.0,1000.47998046875,71300.0,10.010876655578613,-8.936861038208008,-17.249645233154293,71300.0,-9.068912506103516,-3.731608867645264,-0.017131386324763298,71300.0,-4.059967517852783,-1.6041151285171509,1.259350061416626
1324,71400.0,4.243000030517578,-171.7429962158203,-27.45199966430664,71400.0,2.8512134552001966,7.209431648254394,0.05619960278272629,71400.0,1000.4500122070312,71400.0,-11.279312133789064,9.07354736328125,4.8321571350097665,71400.0,-9.697236061096193,-1.369578242301941,0.5081899166107178,71400.0,0.31364041566848755,-10.306439399719238,-16.741455078125
1325,71500.0,4.960000038146973,-172.23599243164062,-15.86400032043457,71500.0,2.8512134552001966,7.209431648254394,0.05619960278272629,71500.0,1000.4500122070312,71500.0,-11.279312133789064,9.07354736328125,4.8321571350097665,71500.0,-9.697236061096193,-1.369578242301941,0.5081899166107178,71500.0,0.31364041566848755,-10.306439399719238,-16.741455078125
1326,71600.0,3.095999956130981,-172.92300415039062,-9.767000198364258,71600.0,1.6218472719192505,3.163060188293457,-0.5073235630989075,71600.0,1000.510009765625,71600.0,-6.924192428588867,0.13071107864379886,2.914443016052246,71600.0,-2.712401866912842,-6.503970146179199,-6.819942951202393,71600.0,-13.991714477539064,2.569576978683472,-1.9877859354019165
1327,71700.0,3.0910000801086426,-172.9530029296875,-3.5399999618530287,71700.0,1.6218472719192505,3.163060188293457,-0.5073235630989075,71700.0,1000.510009765625,71700.0,-6.924192428588867,0.13071107864379886,2.914443016052246,71700.0,-2.712401866912842,-6.503970146179199,-6.819942951202393,71700.0,-13.991714477539064,2.569576978683472,-1.9877859354019165
1328,71800.0,-1.4859999418258667,-172.9530029296875,1.9980000257492063,71800.0,1.4031574726104736,0.4660901725292206,2.040900707244873,71800.0,1000.52001953125,71800.0,0.8767223358154297,-2.637914657592773,2.9506549835205083,71800.0,-6.21159553527832,-5.819334506988525,-4.870505809783936,71800.0,-13.135787963867188,-5.6886234283447275,-1.9560627937316888
1329,71900.0,-9.508999824523926,-172.9530029296875,7.46999979019165,71900.0,-0.0354301854968071,-0.8112290501594543,1.8976528644561768,71900.0,1000.3900146484376,71900.0,5.543781280517578,-4.23579740524292,2.1570730209350586,71900.0,-9.533556938171387,-1.2335095405578609,-1.939104676246643,71900.0,-8.656834602355957,-3.8714241981506334,1.0115501880645752
1330,71500.0,4.960000038146973,-172.23599243164062,-15.86400032043457,71500.0,2.8512134552001966,7.209431648254394,0.05619960278272629,71500.0,1000.4500122070312,71500.0,-11.279312133789064,9.07354736328125,4.8321571350097665,71500.0,-9.697236061096193,-1.369578242301941,0.5081899166107178,71500.0,0.31364041566848755,-10.306439399719238,-16.741455078125
1331,71600.0,3.095999956130981,-172.92300415039062,-9.767000198364258,71600.0,1.6218472719192505,3.163060188293457,-0.5073235630989075,71600.0,1000.510009765625,71600.0,-6.924192428588867,0.13071107864379886,2.914443016052246,71600.0,-2.712401866912842,-6.503970146179199,-6.819942951202393,71600.0,-13.991714477539064,2.569576978683472,-1.9877859354019165
1332,71700.0,3.0910000801086426,-172.9530029296875,-3.5399999618530287,71700.0,1.6218472719192505,3.163060188293457,-0.5073235630989075,71700.0,1000.510009765625,71700.0,-6.924192428588867,0.13071107864379886,2.914443016052246,71700.0,-2.712401866912842,-6.503970146179199,-6.819942951202393,71700.0,-13.991714477539064,2.569576978683472,-1.9877859354019165
1333,71800.0,-1.4859999418258667,-172.9530029296875,1.9980000257492063,71800.0,1.4031574726104736,0.4660901725292206,2.040900707244873,71800.0,1000.52001953125,71800.0,0.8767223358154297,-2.637914657592773,2.9506549835205083,71800.0,-6.21159553527832,-5.819334506988525,-4.870505809783936,71800.0,-13.135787963867188,-5.6886234283447275,-1.9560627937316888
1334,71900.0,-9.508999824523926,-172.9530029296875,7.46999979019165,71900.0,-0.0354301854968071,-0.8112290501594543,1.8976528644561768,71900.0,1000.3900146484376,71900.0,5.543781280517578,-4.23579740524292,2.1570730209350586,71900.0,-9.533556938171387,-1.2335095405578609,-1.939104676246643,71900.0,-8.656834602355957,-3.8714241981506334,1.0115501880645752
1335,72000.0,-13.220000267028807,-172.23300170898438,7.460000038146973,72000.0,-0.0354301854968071,-0.8112290501594543,1.8976528644561768,72000.0,1000.3900146484376,72000.0,5.543781280517578,-4.23579740524292,2.1570730209350586,72000.0,-9.533556938171387,-1.2335095405578609,-1.939104676246643,72000.0,-8.656834602355957,-3.8714241981506334,1.0115501880645752
1336,72100.0,-16.899999618530273,-171.62600708007812,11.597999572753904,72100.0,-0.5818491578102112,-1.7968600988388062,-0.49418997764587397,72100.0,1000.47998046875,72100.0,5.897822380065918,1.829448699951172,0.8602013587951659,72100.0,-9.72944450378418,-1.2080188989639282,-0.22136083245277405,72100.0,-4.1856632232666025,-5.443816184997559,1.9357120990753167
1337,72200.0,-17.354999542236328,-170.86300659179688,13.298999786376953,72200.0,-0.5818491578102112,-1.7968600988388062,-0.49418997764587397,72200.0,1000.47998046875,72200.0,5.897822380065918,1.829448699951172,0.8602013587951659,72200.0,-9.72944450378418,-1.2080188989639282,-0.22136083245277405,72200.0,-4.1856632232666025,-5.443816184997559,1.9357120990753167
1338,72300.0,-16.906000137329098,-170.56199645996094,12.845999717712402,72300.0,-0.6805039048194885,-0.3097086846828461,-1.178053617477417,72300.0,1000.4500122070312,72300.0,10.044941902160645,3.768902778625488,-2.671478271484375,72300.0,-9.209003448486328,-2.0305616855621342,2.690998315811157,72300.0,-3.31118106842041,-0.2011129409074784,3.5511996746063232
1339,72400.0,-18.03499984741211,-172.83599853515625,12.286999702453613,72400.0,-0.6805039048194885,-0.3097086846828461,-1.178053617477417,72400.0,1000.4500122070312,72400.0,10.044941902160645,3.768902778625488,-2.671478271484375,72400.0,-9.209003448486328,-2.0305616855621342,2.690998315811157,72400.0,-3.31118106842041,-0.2011129409074784,3.5511996746063232
1340,72000.0,-13.220000267028807,-172.23300170898438,7.460000038146973,72000.0,-0.0354301854968071,-0.8112290501594543,1.8976528644561768,72000.0,1000.3900146484376,72000.0,5.543781280517578,-4.23579740524292,2.1570730209350586,72000.0,-9.533556938171387,-1.2335095405578609,-1.939104676246643,72000.0,-8.656834602355957,-3.8714241981506334,1.0115501880645752
1341,72100.0,-16.899999618530273,-171.62600708007812,11.597999572753904,72100.0,-0.5818491578102112,-1.7968600988388062,-0.49418997764587397,72100.0,1000.47998046875,72100.0,5.897822380065918,1.829448699951172,0.8602013587951659,72100.0,-9.72944450378418,-1.2080188989639282,-0.22136083245277405,72100.0,-4.1856632232666025,-5.443816184997559,1.9357120990753167
1342,72200.0,-17.354999542236328,-170.86300659179688,13.298999786376953,72200.0,-0.5818491578102112,-1.7968600988388062,-0.49418997764587397,72200.0,1000.47998046875,72200.0,5.897822380065918,1.829448699951172,0.8602013587951659,72200.0,-9.72944450378418,-1.2080188989639282,-0.22136083245277405,72200.0,-4.1856632232666025,-5.443816184997559,1.9357120990753167
1343,72300.0,-16.906000137329098,-170.56199645996094,12.845999717712402,72300.0,-0.6805039048194885,-0.3097086846828461,-1.178053617477417,72300.0,1000.4500122070312,72300.0,10.044941902160645,3.768902778625488,-2.671478271484375,72300.0,-9.209003448486328,-2.0305616855621342,2.690998315811157,72300.0,-3.31118106842041,-0.2011129409074784,3.5511996746063232
1344,72400.0,-18.03499984741211,-172.83599853515625,12.286999702453613,72400.0,-0.6805039048194885,-0.3097086846828461,-1.178053617477417,72400.0,1000.4500122070312,72400.0,10.044941902160645,3.768902778625488,-2.671478271484375,72400.0,-9.209003448486328,-2.0305616855621342,2.690998315811157,72400.0,-3.31118106842041,-0.2011129409074784,3.5511996746063232
1345,72500.0,-18.03499984741211,-175.2209930419922,12.600000381469727,72500.0,0.5937610268592834,0.18539759516716006,-0.0604756586253643,72500.0,1000.4600219726564,72500.0,-0.1791553497314453,2.182487964630127,-0.5229070186614989,72500.0,-8.423468589782715,-4.122047424316406,2.867802858352661,72500.0,1.6214730739593506,-0.3531447649002075,0.19632454216480247
1346,72600.0,-18.358999252319336,-174.83299255371094,12.166999816894533,72600.0,0.5937610268592834,0.18539759516716006,-0.0604756586253643,72600.0,1000.4600219726564,72600.0,-0.1791553497314453,2.182487964630127,-0.5229070186614989,72600.0,-8.423468589782715,-4.122047424316406,2.867802858352661,72600.0,1.6214730739593506,-0.3531447649002075,0.19632454216480247
1347,72700.0,-18.73699951171875,-175.45899963378906,11.18299961090088,72700.0,0.08643743395805359,0.7962628602981567,-0.6777549982070923,72700.0,1000.469970703125,72700.0,-1.1772260665893557,1.66725492477417,1.4288681745529177,72700.0,-8.72248649597168,-4.370189666748047,-0.9950168132781982,72700.0,-8.901641845703125,-2.18770170211792,-1.5179238319396973
1348,72800.0,-18.73699951171875,-175.7790069580078,10.859000205993652,72800.0,-0.009773843921720982,0.2189951837062836,-0.3243694305419922,72800.0,1000.5499877929688,72800.0,-2.6789836883544917,-1.6567945480346682,0.3803884983062744,72800.0,-8.031472206115723,-5.147825717926025,-2.272824287414551,72800.0,-9.208698272705078,-3.4805707931518555,-0.8439561128616333
1349,72900.0,-19.041000366210934,-176.11500549316406,10.859000205993652,72900.0,-0.009773843921720982,0.2189951837062836,-0.3243694305419922,72900.0,1000.5499877929688,72900.0,-2.6789836883544917,-1.6567945480346682,0.3803884983062744,72900.0,-8.031472206115723,-5.147825717926025,-2.272824287414551,72900.0,-9.208698272705078,-3.4805707931518555,-0.8439561128616333
1350,72500.0,-18.03499984741211,-175.2209930419922,12.600000381469727,72500.0,0.5937610268592834,0.18539759516716006,-0.0604756586253643,72500.0,1000.4600219726564,72500.0,-0.1791553497314453,2.182487964630127,-0.5229070186614989,72500.0,-8.423468589782715,-4.122047424316406,2.867802858352661,72500.0,1.6214730739593506,-0.3531447649002075,0.19632454216480247
1351,72600.0,-18.358999252319336,-174.83299255371094,12.166999816894533,72600.0,0.5937610268592834,0.18539759516716006,-0.0604756586253643,72600.0,1000.4600219726564,72600.0,-0.1791553497314453,2.182487964630127,-0.5229070186614989,72600.0,-8.423468589782715,-4.122047424316406,2.867802858352661,72600.0,1.6214730739593506,-0.3531447649002075,0.19632454216480247
1352,72700.0,-18.73699951171875,-175.45899963378906,11.18299961090088,72700.0,0.08643743395805359,0.7962628602981567,-0.6777549982070923,72700.0,1000.469970703125,72700.0,-1.1772260665893557,1.66725492477417,1.4288681745529177,72700.0,-8.72248649597168,-4.370189666748047,-0.9950168132781982,72700.0,-8.901641845703125,-2.18770170211792,-1.5179238319396973
1353,72800.0,-18.73699951171875,-175.7790069580078,10.859000205993652,72800.0,-0.009773843921720982,0.2189951837062836,-0.3243694305419922,72800.0,1000.5499877929688,72800.0,-2.6789836883544917,-1.6567945480346682,0.3803884983062744,72800.0,-8.031472206115723,-5.147825717926025,-2.272824287414551,72800.0,-9.208698272705078,-3.4805707931518555,-0.8439561128616333
1354,72900.0,-19.041000366210934,-176.11500549316406,10.859000205993652,72900.0,-0.009773843921720982,0.2189951837062836,-0.3243694305419922,72900.0,1000.5499877929688,72900.0,-2.6789836883544917,-1.6567945480346682,0.3803884983062744,72900.0,-8.031472206115723,-5.147825717926025,-2.272824287414551,72900.0,-9.208698272705078,-3.4805707931518555,-0.8439561128616333
1355,73000.0,-19.041000366210934,-176.8780059814453,10.859000205993652,73000.0,0.95783668756485,0.04948008432984352,1.1655309200286863,73000.0,1000.47998046875,73000.0,-0.00930500030517578,-3.7966604232788086,0.1225566565990448,73000.0,-8.515705108642576,-4.657313823699951,-1.4009169340133667,73000.0,-11.19468879699707,-6.314108371734619,-1.0205284357070925
1356,73100.0,-19.041000366210934,-176.8780059814453,12.84000015258789,73100.0,0.95783668756485,0.04948008432984352,1.1655309200286863,73100.0,1000.47998046875,73100.0,-0.00930500030517578,-3.7966604232788086,0.1225566565990448,73100.0,-8.515705108642576,-4.657313823699951,-1.4009169340133667,73100.0,-11.19468879699707,-6.314108371734619,-1.0205284357070925
1357,73200.0,-18.687000274658203,-171.6060028076172,17.340999603271484,73200.0,0.7107416987419128,-0.4612032473087311,1.2986994981765747,73200.0,1000.47998046875,73200.0,3.406215190887451,-2.949946165084839,2.0047767162323002,73200.0,-9.46036148071289,-2.5449814796447754,-0.4415840208530426,73200.0,-9.469666481018066,-6.341641902923584,-0.3190273642539978
1358,73300.0,-19.003999710083008,-167.41400146484375,20.69300079345703,73300.0,0.7107416987419128,-0.4612032473087311,1.2986994981765747,73300.0,1000.47998046875,73300.0,3.406215190887451,-2.949946165084839,2.0047767162323002,73300.0,-9.46036148071289,-2.5449814796447754,-0.4415840208530426,73300.0,-9.469666481018066,-6.341641902923584,-0.3190273642539978
1359,73400.0,-19.392000198364254,-164.447998046875,22.08799934387207,73400.0,-0.4288274049758911,-0.9193521738052368,-1.2107349634170532,73400.0,1000.3900146484376,73400.0,8.552484512329103,4.782674789428711,0.8873416185379028,73400.0,-9.496465682983398,-2.362189054489136,0.6384220719337463,73400.0,-6.090250492095947,-5.312135219573975,2.6431987285614014
1360,73000.0,-19.041000366210934,-176.8780059814453,10.859000205993652,73000.0,0.95783668756485,0.04948008432984352,1.1655309200286863,73000.0,1000.47998046875,73000.0,-0.00930500030517578,-3.7966604232788086,0.1225566565990448,73000.0,-8.515705108642576,-4.657313823699951,-1.4009169340133667,73000.0,-11.19468879699707,-6.314108371734619,-1.0205284357070925
1361,73100.0,-19.041000366210934,-176.8780059814453,12.84000015258789,73100.0,0.95783668756485,0.04948008432984352,1.1655309200286863,73100.0,1000.47998046875,73100.0,-0.00930500030517578,-3.7966604232788086,0.1225566565990448,73100.0,-8.515705108642576,-4.657313823699951,-1.4009169340133667,73100.0,-11.19468879699707,-6.314108371734619,-1.0205284357070925
1362,73200.0,-18.687000274658203,-171.6060028076172,17.340999603271484,73200.0,0.7107416987419128,-0.4612032473087311,1.2986994981765747,73200.0,1000.47998046875,73200.0,3.406215190887451,-2.949946165084839,2.0047767162323002,73200.0,-9.46036148071289,-2.5449814796447754,-0.4415840208530426,73200.0,-9.469666481018066,-6.341641902923584,-0.3190273642539978
1363,73300.0,-19.003999710083008,-167.41400146484375,20.69300079345703,73300.0,0.7107416987419128,-0.4612032473087311,1.2986994981765747,73300.0,1000.47998046875,73300.0,3.406215190887451,-2.949946165084839,2.0047767162323002,73300.0,-9.46036148071289,-2.5449814796447754,-0.4415840208530426,73300.0,-9.469666481018066,-6.341641902923584,-0.3190273642539978
1364,73400.0,-19.392000198364254,-164.447998046875,22.08799934387207,73400.0,-0.4288274049758911,-0.9193521738052368,-1.2107349634170532,73400.0,1000.3900146484376,73400.0,8.552484512329103,4.782674789428711,0.8873416185379028,73400.0,-9.496465682983398,-2.362189054489136,0.6384220719337463,73400.0,-6.090250492095947,-5.312135219573975,2.6431987285614014
1365,73500.0,-19.733999252319336,-165.82699584960938,20.8799991607666,73500.0,-0.4288274049758911,-0.9193521738052368,-1.2107349634170532,73500.0,1000.3900146484376,73500.0,8.552484512329103,4.782674789428711,0.8873416185379028,73500.0,-9.496465682983398,-2.362189054489136,0.6384220719337463,73500.0,-6.090250492095947,-5.312135219573975,2.6431987285614014
1366,73600.0,-24.36599922180176,-166.72300720214844,20.8799991607666,73600.0,-0.6603453159332275,0.4795292317867279,-1.5048664808273315,73600.0,1000.489990234375,73600.0,-4.78750467300415,-5.253558158874512,-2.646652936935425,73600.0,-8.596776962280272,-4.300243377685547,1.942604899406433,73600.0,-0.04429273307323457,0.4824316501617432,2.8299465179443364
1367,73700.0,-22.285999298095703,-171.38499450683594,18.54400062561035,73700.0,-0.5250386595726013,0.3225368559360504,-0.0861319974064827,73700.0,1000.4000244140624,73700.0,1.108980655670166,1.96542763710022,1.1876287460327148,73700.0,-6.710050106048584,-6.857511520385742,-2.0298216342926025,73700.0,-11.497554779052734,-12.111069679260256,-4.676474571228027
1368,73800.0,-23.687000274658203,-172.29600524902344,16.893999099731445,73800.0,-0.5250386595726013,0.3225368559360504,-0.0861319974064827,73800.0,1000.4000244140624,73800.0,1.108980655670166,1.96542763710022,1.1876287460327148,73800.0,-6.710050106048584,-6.857511520385742,-2.0298216342926025,73800.0,-11.497554779052734,-12.111069679260256,-4.676474571228027
1369,73900.0,-23.687000274658203,-174.17599487304688,14.920999526977539,73900.0,0.21074850857257849,-0.29535335302352905,-0.3882048726081848,73900.0,1000.4400024414064,73900.0,-2.294150352478028,0.9865517616271972,-0.8539261817932129,73900.0,-8.346054077148438,-4.882762432098389,-1.634745955467224,73900.0,-7.237073421478271,-2.917334794998169,-0.4471171796321869
1370,73500.0,-19.733999252319336,-165.82699584960938,20.8799991607666,73500.0,-0.4288274049758911,-0.9193521738052368,-1.2107349634170532,73500.0,1000.3900146484376,73500.0,8.552484512329103,4.782674789428711,0.8873416185379028,73500.0,-9.496465682983398,-2.362189054489136,0.6384220719337463,73500.0,-6.090250492095947,-5.312135219573975,2.6431987285614014
1371,73600.0,-24.36599922180176,-166.72300720214844,20.8799991607666,73600.0,-0.6603453159332275,0.4795292317867279,-1.5048664808273315,73600.0,1000.489990234375,73600.0,-4.78750467300415,-5.253558158874512,-2.646652936935425,73600.0,-8.596776962280272,-4.300243377685547,1.942604899406433,73600.0,-0.04429273307323457,0.4824316501617432,2.8299465179443364
1372,73700.0,-22.285999298095703,-171.38499450683594,18.54400062561035,73700.0,-0.5250386595726013,0.3225368559360504,-0.0861319974064827,73700.0,1000.4000244140624,73700.0,1.108980655670166,1.96542763710022,1.1876287460327148,73700.0,-6.710050106048584,-6.857511520385742,-2.0298216342926025,73700.0,-11.497554779052734,-12.111069679260256,-4.676474571228027
1373,73800.0,-23.687000274658203,-172.29600524902344,16.893999099731445,73800.0,-0.5250386595726013,0.3225368559360504,-0.0861319974064827,73800.0,1000.4000244140624,73800.0,1.108980655670166,1.96542763710022,1.1876287460327148,73800.0,-6.710050106048584,-6.857511520385742,-2.0298216342926025,73800.0,-11.497554779052734,-12.111069679260256,-4.676474571228027
1374,73900.0,-23.687000274658203,-174.17599487304688,14.920999526977539,73900.0,0.21074850857257849,-0.29535335302352905,-0.3882048726081848,73900.0,1000.4400024414064,73900.0,-2.294150352478028,0.9865517616271972,-0.8539261817932129,73900.0,-8.346054077148438,-4.882762432098389,-1.634745955467224,73900.0,-7.237073421478271,-2.917334794998169,-0.4471171796321869
1375,74000.0,-24.091999053955078,-175.02999877929688,13.821999549865724,74000.0,0.21074850857257849,-0.29535335302352905,-0.3882048726081848,74000.0,1000.4400024414064,74000.0,-2.294150352478028,0.9865517616271972,-0.8539261817932129,74000.0,-8.346054077148438,-4.882762432098389,-1.634745955467224,74000.0,-7.237073421478271,-2.917334794998169,-0.4471171796321869
1376,74100.0,-24.091999053955078,-174.71099853515625,14.505000114440918,74100.0,-0.2489275932312012,0.21349740028381348,-0.2483167201280594,74100.0,1000.52001953125,74100.0,-1.4244012832641602,-1.8354010581970213,1.3963849544525146,74100.0,-8.24811840057373,-5.304494380950928,-0.03551975265145302,74100.0,-10.542268753051758,-4.3179426193237305,-0.889445960521698
1377,74200.0,-24.091999053955078,-175.5399932861328,13.704999923706055,74200.0,-0.2489275932312012,0.21349740028381348,-0.2483167201280594,74200.0,1000.52001953125,74200.0,-1.4244012832641602,-1.8354010581970213,1.3963849544525146,74200.0,-8.24811840057373,-5.304494380950928,-0.03551975265145302,74200.0,-10.542268753051758,-4.3179426193237305,-0.889445960521698
1378,74300.0,-24.091999053955078,-175.86599731445312,13.359000205993652,74300.0,0.7422012686729431,-0.5714644193649292,0.8432994484901428,74300.0,1000.5399780273438,74300.0,-1.1547985076904297,-2.1601083278656006,4.131436347961427,74300.0,-8.263735771179201,-5.1670403480529785,-1.0875329971313477,74300.0,-9.68813705444336,-7.00244140625,0.30885201692581177
1379,74400.0,-23.68600082397461,-166.64100646972656,17.895000457763672,74400.0,0.7422012686729431,-0.5714644193649292,0.8432994484901428,74400.0,1000.5399780273438,74400.0,-1.1547985076904297,-2.1601083278656006,4.131436347961427,74400.0,-8.263735771179201,-5.1670403480529785,-1.0875329971313477,74400.0,-9.68813705444336,-7.00244140625,0.30885201692581177
1380,74000.0,-24.091999053955078,-175.02999877929688,13.821999549865724,74000.0,0.21074850857257849,-0.29535335302352905,-0.3882048726081848,74000.0,1000.4400024414064,74000.0,-2.294150352478028,0.9865517616271972,-0.8539261817932129,74000.0,-8.346054077148438,-4.882762432098389,-1.634745955467224,74000.0,-7.237073421478271,-2.917334794998169,-0.4471171796321869
1381,74100.0,-24.091999053955078,-174.71099853515625,14.505000114440918,74100.0,-0.2489275932312012,0.21349740028381348,-0.2483167201280594,74100.0,1000.52001953125,74100.0,-1.4244012832641602,-1.8354010581970213,1.3963849544525146,74100.0,-8.24811840057373,-5.304494380950928,-0.03551975265145302,74100.0,-10.542268753051758,-4.3179426193237305,-0.889445960521698
1382,74200.0,-24.091999053955078,-175.5399932861328,13.704999923706055,74200.0,-0.2489275932312012,0.21349740028381348,-0.2483167201280594,74200.0,1000.52001953125,74200.0,-1.4244012832641602,-1.8354010581970213,1.3963849544525146,74200.0,-8.24811840057373,-5.304494380950928,-0.03551975265145302,74200.0,-10.542268753051758,-4.3179426193237305,-0.889445960521698
1383,74300.0,-24.091999053955078,-175.86599731445312,13.359000205993652,74300.0,0.7422012686729431,-0.5714644193649292,0.8432994484901428,74300.0,1000.5399780273438,74300.0,-1.1547985076904297,-2.1601083278656006,4.131436347961427,74300.0,-8.263735771179201,-5.1670403480529785,-1.0875329971313477,74300.0,-9.68813705444336,-7.00244140625,0.30885201692581177
1384,74400.0,-23.68600082397461,-166.64100646972656,17.895000457763672,74400.0,0.7422012686729431,-0.5714644193649292,0.8432994484901428,74400.0,1000.5399780273438,74400.0,-1.1547985076904297,-2.1601083278656006,4.131436347961427,74400.0,-8.263735771179201,-5.1670403480529785,-1.0875329971313477,74400.0,-9.68813705444336,-7.00244140625,0.30885201692581177
1385,74500.0,-22.934999465942386,-161.82200622558594,20.14299964904785,74500.0,0.9132435321807858,-0.192422553896904,1.6508632898330688,74500.0,1000.1500244140624,74500.0,2.871119499206543,-0.4188880920410156,0.3310024738311768,74500.0,-9.088793754577637,-3.3220150470733643,1.590106725692749,74500.0,-10.243592262268066,-5.482123374938965,5.721543312072754
1386,74600.0,-21.21199989318848,-155.5570068359375,20.72100067138672,74600.0,-0.1869247704744339,-0.8148942589759827,-1.652695894241333,74600.0,1000.469970703125,74600.0,3.8956451416015625,4.3799047470092765,9.35088348388672,74600.0,-9.5653076171875,-1.8478224277496336,1.122876524925232,74600.0,-6.694188117980957,-2.2667105197906494,1.4538789987564087
1387,74700.0,-20.3700008392334,-156.16299438476562,20.69499969482422,74700.0,-0.1869247704744339,-0.8148942589759827,-1.652695894241333,74700.0,1000.469970703125,74700.0,3.8956451416015625,4.3799047470092765,9.35088348388672,74700.0,-9.5653076171875,-1.8478224277496336,1.122876524925232,74700.0,-6.694188117980957,-2.2667105197906494,1.4538789987564087
1388,74800.0,-23.27799987792969,-157.406005859375,20.69499969482422,74800.0,-0.5555819272994995,0.8362745046615601,-1.3087787628173828,74800.0,1000.47998046875,74800.0,-5.978865623474121,-3.5920724868774414,-2.0729875564575195,74800.0,-6.421527862548827,-6.982402324676514,2.4860494136810303,74800.0,-2.5258827209472656,-2.602497339248657,11.836933135986328
1389,74900.0,-24.45599937438965,-160.77699279785156,20.69499969482422,74900.0,-0.5555819272994995,0.8362745046615601,-1.3087787628173828,74900.0,1000.47998046875,74900.0,-5.978865623474121,-3.5920724868774414,-2.0729875564575195,74900.0,-6.421527862548827,-6.982402324676514,2.4860494136810303,74900.0,-2.5258827209472656,-2.602497339248657,11.836933135986328
1390,74500.0,-22.934999465942386,-161.82200622558594,20.14299964904785,74500.0,0.9132435321807858,-0.192422553896904,1.6508632898330688,74500.0,1000.1500244140624,74500.0,2.871119499206543,-0.4188880920410156,0.3310024738311768,74500.0,-9.088793754577637,-3.3220150470733643,1.590106725692749,74500.0,-10.243592262268066,-5.482123374938965,5.721543312072754
1391,74600.0,-21.21199989318848,-155.5570068359375,20.72100067138672,74600.0,-0.1869247704744339,-0.8148942589759827,-1.652695894241333,74600.0,1000.469970703125,74600.0,3.8956451416015625,4.3799047470092765,9.35088348388672,74600.0,-9.5653076171875,-1.8478224277496336,1.122876524925232,74600.0,-6.694188117980957,-2.2667105197906494,1.4538789987564087
1392,74700.0,-20.3700008392334,-156.16299438476562,20.69499969482422,74700.0,-0.1869247704744339,-0.8148942589759827,-1.652695894241333,74700.0,1000.469970703125,74700.0,3.8956451416015625,4.3799047470092765,9.35088348388672,74700.0,-9.5653076171875,-1.8478224277496336,1.122876524925232,74700.0,-6.694188117980957,-2.2667105197906494,1.4538789987564087
1393,74800.0,-23.27799987792969,-157.406005859375,20.69499969482422,74800.0,-0.5555819272994995,0.8362745046615601,-1.3087787628173828,74800.0,1000.47998046875,74800.0,-5.978865623474121,-3.5920724868774414,-2.0729875564575195,74800.0,-6.421527862548827,-6.982402324676514,2.4860494136810303,74800.0,-2.5258827209472656,-2.602497339248657,11.836933135986328
1394,74900.0,-24.45599937438965,-160.77699279785156,20.69499969482422,74900.0,-0.5555819272994995,0.8362745046615601,-1.3087787628173828,74900.0,1000.47998046875,74900.0,-5.978865623474121,-3.5920724868774414,-2.0729875564575195,74900.0,-6.421527862548827,-6.982402324676514,2.4860494136810303,74900.0,-2.5258827209472656,-2.602497339248657,11.836933135986328
1395,75000.0,-25.232999801635746,-163.73899841308594,16.003000259399414,75000.0,-0.7941248416900635,0.5568036437034607,-0.1209513172507286,75000.0,1000.3800048828124,75000.0,0.35385656356811523,2.0357437133789062,2.289256811141968,75000.0,-7.026437759399414,-6.805346488952638,-0.6977025270462036,75000.0,-13.005303382873535,-10.397418975830078,-2.7706899642944336
1396,75100.0,-25.232999801635746,-166.00100708007812,13.35200023651123,75100.0,-0.7941248416900635,0.5568036437034607,-0.1209513172507286,75100.0,1000.3800048828124,75100.0,0.35385656356811523,2.0357437133789062,2.289256811141968,75100.0,-7.026437759399414,-6.805346488952638,-0.6977025270462036,75100.0,-13.005303382873535,-10.397418975830078,-2.7706899642944336
1397,75200.0,-25.53499984741211,-166.968994140625,13.33899974822998,75200.0,0.15363261103630066,0.1215621829032898,-0.6417139172554016,75200.0,1000.280029296875,75200.0,-4.439948081970215,2.5159354209899902,0.3192765712738037,75200.0,-6.845135688781737,-6.658348560333253,-2.2317960262298584,75200.0,-6.491279125213622,-4.622604846954347,0.05746084079146385
1398,75300.0,-25.53499984741211,-166.968994140625,12.50100040435791,75300.0,0.15363261103630066,0.1215621829032898,-0.6417139172554016,75300.0,1000.280029296875,75300.0,-4.439948081970215,2.5159354209899902,0.3192765712738037,75300.0,-6.845135688781737,-6.658348560333253,-2.2317960262298584,75300.0,-6.491279125213622,-4.622604846954347,0.05746084079146385
1399,75400.0,-25.839000701904297,-167.18499755859375,12.50100040435791,75400.0,0.4309654235839844,0.5946773290634155,0.3970624208450317,75400.0,1000.489990234375,75400.0,-3.3084502220153813,-1.6783957481384275,4.951715469360352,75400.0,-6.137635231018066,-7.372573375701902,-2.035919189453125,75400.0,-10.57758331298828,-4.856637954711914,-1.7166426181793213
1400,75000.0,-25.232999801635746,-163.73899841308594,16.003000259399414,75000.0,-0.7941248416900635,0.5568036437034607,-0.1209513172507286,75000.0,1000.3800048828124,75000.0,0.35385656356811523,2.0357437133789062,2.289256811141968,75000.0,-7.026437759399414,-6.805346488952638,-0.6977025270462036,75000.0,-13.005303382873535,-10.397418975830078,-2.7706899642944336
1401,75100.0,-25.232999801635746,-166.00100708007812,13.35200023651123,75100.0,-0.7941248416900635,0.5568036437034607,-0.1209513172507286,75100.0,1000.3800048828124,75100.0,0.35385656356811523,2.0357437133789062,2.289256811141968,75100.0,-7.026437759399414,-6.805346488952638,-0.6977025270462036,75100.0,-13.005303382873535,-10.397418975830078,-2.7706899642944336
1402,75200.0,-25.53499984741211,-166.968994140625,13.33899974822998,75200.0,0.15363261103630066,0.1215621829032898,-0.6417139172554016,75200.0,1000.280029296875,75200.0,-4.439948081970215,2.5159354209899902,0.3192765712738037,75200.0,-6.845135688781737,-6.658348560333253,-2.2317960262298584,75200.0,-6.491279125213622,-4.622604846954347,0.05746084079146385
1403,75300.0,-25.53499984741211,-166.968994140625,12.50100040435791,75300.0,0.15363261103630066,0.1215621829032898,-0.6417139172554016,75300.0,1000.280029296875,75300.0,-4.439948081970215,2.5159354209899902,0.3192765712738037,75300.0,-6.845135688781737,-6.658348560333253,-2.2317960262298584,75300.0,-6.491279125213622,-4.622604846954347,0.05746084079146385
1404,75400.0,-25.839000701904297,-167.18499755859375,12.50100040435791,75400.0,0.4309654235839844,0.5946773290634155,0.3970624208450317,75400.0,1000.489990234375,75400.0,-3.3084502220153813,-1.6783957481384275,4.951715469360352,75400.0,-6.137635231018066,-7.372573375701902,-2.035919189453125,75400.0,-10.57758331298828,-4.856637954711914,-1.7166426181793213
1405,75500.0,-25.839000701904297,-167.53599548339844,12.175999641418455,75500.0,0.08399397134780884,-1.3145819902420044,0.9917397499084472,75500.0,1000.260009765625,75500.0,-0.408477783203125,1.491861343383789,0.2931528687477112,75500.0,-6.67596960067749,-6.960482120513916,-1.7758071422576904,75500.0,-9.984419822692873,-8.638877868652344,3.17590856552124
1406,75600.0,-25.839000701904297,-155.87600708007812,17.677000045776367,75600.0,0.08399397134780884,-1.3145819902420044,0.9917397499084472,75600.0,1000.260009765625,75600.0,-0.408477783203125,1.491861343383789,0.2931528687477112,75600.0,-6.67596960067749,-6.960482120513916,-1.7758071422576904,75600.0,-9.984419822692873,-8.638877868652344,3.17590856552124
1407,75700.0,-25.839000701904297,-152.86700439453125,20.56999969482422,75700.0,-0.1108720451593399,-1.7275269031524658,0.5540547966957092,75700.0,1000.3699951171876,75700.0,5.6565914154052725,4.6172523498535165,-1.84204649925232,75700.0,-8.100515365600586,-5.521302700042725,0.2593091726303101,75700.0,-8.508993148803711,-4.029441356658936,0.5524620413780212
1408,75800.0,-25.15200042724609,-148.86900329589844,21.871000289916992,75800.0,-0.1108720451593399,-1.7275269031524658,0.5540547966957092,75800.0,1000.3699951171876,75800.0,5.6565914154052725,4.6172523498535165,-1.84204649925232,75800.0,-8.100515365600586,-5.521302700042725,0.2593091726303101,75800.0,-8.508993148803711,-4.029441356658936,0.5524620413780212
1409,75900.0,-24.783000946044922,-150.86500549316406,22.72100067138672,75900.0,0.6349944472312927,0.007941247895359993,0.5977316498756409,75900.0,1000.3400268554688,75900.0,0.43593788146972656,6.936797142028809,-1.8515807390213013,75900.0,-8.195043563842772,-4.602887153625488,2.797333002090454,75900.0,-2.538452386856079,0.014365210197865963,0.9552865028381348
1410,75500.0,-25.839000701904297,-167.53599548339844,12.175999641418455,75500.0,0.08399397134780884,-1.3145819902420044,0.9917397499084472,75500.0,1000.260009765625,75500.0,-0.408477783203125,1.491861343383789,0.2931528687477112,75500.0,-6.67596960067749,-6.960482120513916,-1.7758071422576904,75500.0,-9.984419822692873,-8.638877868652344,3.17590856552124
1411,75600.0,-25.839000701904297,-155.87600708007812,17.677000045776367,75600.0,0.08399397134780884,-1.3145819902420044,0.9917397499084472,75600.0,1000.260009765625,75600.0,-0.408477783203125,1.491861343383789,0.2931528687477112,75600.0,-6.67596960067749,-6.960482120513916,-1.7758071422576904,75600.0,-9.984419822692873,-8.638877868652344,3.17590856552124
1412,75700.0,-25.839000701904297,-152.86700439453125,20.56999969482422,75700.0,-0.1108720451593399,-1.7275269031524658,0.5540547966957092,75700.0,1000.3699951171876,75700.0,5.6565914154052725,4.6172523498535165,-1.84204649925232,75700.0,-8.100515365600586,-5.521302700042725,0.2593091726303101,75700.0,-8.508993148803711,-4.029441356658936,0.5524620413780212
1413,75800.0,-25.15200042724609,-148.86900329589844,21.871000289916992,75800.0,-0.1108720451593399,-1.7275269031524658,0.5540547966957092,75800.0,1000.3699951171876,75800.0,5.6565914154052725,4.6172523498535165,-1.84204649925232,75800.0,-8.100515365600586,-5.521302700042725,0.2593091726303101,75800.0,-8.508993148803711,-4.029441356658936,0.5524620413780212
1414,75900.0,-24.783000946044922,-150.86500549316406,22.72100067138672,75900.0,0.6349944472312927,0.007941247895359993,0.5977316498756409,75900.0,1000.3400268554688,75900.0,0.43593788146972656,6.936797142028809,-1.8515807390213013,75900.0,-8.195043563842772,-4.602887153625488,2.797333002090454,75900.0,-2.538452386856079,0.014365210197865963,0.9552865028381348
1415,76000.0,-31.01300048828125,-152.1739959716797,21.655000686645508,76000.0,0.6349944472312927,0.007941247895359993,0.5977316498756409,76000.0,1000.3400268554688,76000.0,0.43593788146972656,6.936797142028809,-1.8515807390213013,76000.0,-8.195043563842772,-4.602887153625488,2.797333002090454,76000.0,-2.538452386856079,0.014365210197865963,0.9552865028381348
1416,76100.0,-30.090999603271484,-158.7030029296875,21.753999710083008,76100.0,-0.13561208546161652,1.8487836122512813,-0.4444044530391693,76100.0,1000.3499755859376,76100.0,-0.29813098907470703,2.017401933670044,0.2507317066192627,76100.0,-9.259169578552246,-2.974393129348755,1.2614099979400637,76100.0,-8.82323169708252,3.9624037742614746,-0.5901707410812378
1417,76200.0,-30.81800079345703,-160.08700561523438,20.07200050354004,76200.0,-0.13561208546161652,1.8487836122512813,-0.4444044530391693,76200.0,1000.3499755859376,76200.0,-0.29813098907470703,2.017401933670044,0.2507317066192627,76200.0,-9.259169578552246,-2.974393129348755,1.2614099979400637,76200.0,-8.82323169708252,3.9624037742614746,-0.5901707410812378
1418,76300.0,-30.34900093078613,-163.2429962158203,19.05900001525879,76300.0,-0.1713477075099945,1.0213667154312134,-0.3594942092895508,76300.0,1000.3900146484376,76300.0,1.2463908195495603,-0.2009143829345703,-0.3349239826202393,76300.0,-8.307826995849611,-4.627081871032715,-2.3959364891052246,76300.0,-8.605957984924316,-2.609679937362671,-2.145204782485962
1419,76400.0,-30.80100059509277,-164.27999877929688,18.731000900268555,76400.0,0.2587014436721802,0.31154128909111023,-0.40378192067146296,76400.0,1000.3300170898438,76400.0,-2.383974075317384,-0.12127256393432614,-0.8521711826324463,76400.0,-8.513391494750978,-4.651534080505371,-1.4337924718856812,76400.0,-7.267000675201416,-4.852448463439941,-1.7687164545059204
1420,76000.0,-31.01300048828125,-152.1739959716797,21.655000686645508,76000.0,0.6349944472312927,0.007941247895359993,0.5977316498756409,76000.0,1000.3400268554688,76000.0,0.43593788146972656,6.936797142028809,-1.8515807390213013,76000.0,-8.195043563842772,-4.602887153625488,2.797333002090454,76000.0,-2.538452386856079,0.014365210197865963,0.9552865028381348
1421,76100.0,-30.090999603271484,-158.7030029296875,21.753999710083008,76100.0,-0.13561208546161652,1.8487836122512813,-0.4444044530391693,76100.0,1000.3499755859376,76100.0,-0.29813098907470703,2.017401933670044,0.2507317066192627,76100.0,-9.259169578552246,-2.974393129348755,1.2614099979400637,76100.0,-8.82323169708252,3.9624037742614746,-0.5901707410812378
1422,76200.0,-30.81800079345703,-160.08700561523438,20.07200050354004,76200.0,-0.13561208546161652,1.8487836122512813,-0.4444044530391693,76200.0,1000.3499755859376,76200.0,-0.29813098907470703,2.017401933670044,0.2507317066192627,76200.0,-9.259169578552246,-2.974393129348755,1.2614099979400637,76200.0,-8.82323169708252,3.9624037742614746,-0.5901707410812378
1423,76300.0,-30.34900093078613,-163.2429962158203,19.05900001525879,76300.0,-0.1713477075099945,1.0213667154312134,-0.3594942092895508,76300.0,1000.3900146484376,76300.0,1.2463908195495603,-0.2009143829345703,-0.3349239826202393,76300.0,-8.307826995849611,-4.627081871032715,-2.3959364891052246,76300.0,-8.605957984924316,-2.609679937362671,-2.145204782485962
1424,76400.0,-30.80100059509277,-164.27999877929688,18.731000900268555,76400.0,0.2587014436721802,0.31154128909111023,-0.40378192067146296,76400.0,1000.3300170898438,76400.0,-2.383974075317384,-0.12127256393432614,-0.8521711826324463,76400.0,-8.513391494750978,-4.651534080505371,-1.4337924718856812,76400.0,-7.267000675201416,-4.852448463439941,-1.7687164545059204
1425,76500.0,-30.80100059509277,-164.82000732421875,18.06100082397461,76500.0,0.2587014436721802,0.31154128909111023,-0.40378192067146296,76500.0,1000.3300170898438,76500.0,-2.383974075317384,-0.12127256393432614,-0.8521711826324463,76500.0,-8.513391494750978,-4.651534080505371,-1.4337924718856812,76500.0,-7.267000675201416,-4.852448463439941,-1.7687164545059204
1426,76600.0,-30.80100059509277,-164.94500732421875,17.749000549316406,76600.0,1.8640552759170528,0.2641992270946503,0.9001099467277527,76600.0,1000.4299926757812,76600.0,0.5631551742553711,-1.8051674365997321,-1.3395203351974487,76600.0,-8.603615760803223,-4.704839706420898,-0.11269211769104005,76600.0,-10.987589836120604,-4.826112270355225,-0.9648633003234864
1427,76700.0,-30.104999542236328,-164.6300048828125,20.55900001525879,76700.0,1.8640552759170528,0.2641992270946503,0.9001099467277527,76700.0,1000.4299926757812,76700.0,0.5631551742553711,-1.8051674365997321,-1.3395203351974487,76700.0,-8.603615760803223,-4.704839706420898,-0.11269211769104005,76700.0,-10.987589836120604,-4.826112270355225,-0.9648633003234864
1428,76800.0,-25.966999053955078,-150.15699768066406,25.833999633789066,76800.0,0.6160575747489929,-1.4798210859298706,1.2321151494979858,76800.0,1000.3200073242188,76800.0,3.832855224609375,-3.2678680419921875,-3.602860927581787,76800.0,-9.467191696166992,-2.4385550022125244,0.7720945477485657,76800.0,-8.904036521911621,-4.243722438812257,-0.5674257874488831
1429,76900.0,-19.996000289916992,-146.7779998779297,28.944000244140625,76900.0,0.6160575747489929,-1.4798210859298706,1.2321151494979858,76900.0,1000.3200073242188,76900.0,3.832855224609375,-3.2678680419921875,-3.602860927581787,76900.0,-9.467191696166992,-2.4385550022125244,0.7720945477485657,76900.0,-8.904036521911621,-4.243722438812257,-0.5674257874488831
1430,76500.0,-30.80100059509277,-164.82000732421875,18.06100082397461,76500.0,0.2587014436721802,0.31154128909111023,-0.40378192067146296,76500.0,1000.3300170898438,76500.0,-2.383974075317384,-0.12127256393432614,-0.8521711826324463,76500.0,-8.513391494750978,-4.651534080505371,-1.4337924718856812,76500.0,-7.267000675201416,-4.852448463439941,-1.7687164545059204
1431,76600.0,-30.80100059509277,-164.94500732421875,17.749000549316406,76600.0,1.8640552759170528,0.2641992270946503,0.9001099467277527,76600.0,1000.4299926757812,76600.0,0.5631551742553711,-1.8051674365997321,-1.3395203351974487,76600.0,-8.603615760803223,-4.704839706420898,-0.11269211769104005,76600.0,-10.987589836120604,-4.826112270355225,-0.9648633003234864
1432,76700.0,-30.104999542236328,-164.6300048828125,20.55900001525879,76700.0,1.8640552759170528,0.2641992270946503,0.9001099467277527,76700.0,1000.4299926757812,76700.0,0.5631551742553711,-1.8051674365997321,-1.3395203351974487,76700.0,-8.603615760803223,-4.704839706420898,-0.11269211769104005,76700.0,-10.987589836120604,-4.826112270355225,-0.9648633003234864
1433,76800.0,-25.966999053955078,-150.15699768066406,25.833999633789066,76800.0,0.6160575747489929,-1.4798210859298706,1.2321151494979858,76800.0,1000.3200073242188,76800.0,3.832855224609375,-3.2678680419921875,-3.602860927581787,76800.0,-9.467191696166992,-2.4385550022125244,0.7720945477485657,76800.0,-8.904036521911621,-4.243722438812257,-0.5674257874488831
1434,76900.0,-19.996000289916992,-146.7779998779297,28.944000244140625,76900.0,0.6160575747489929,-1.4798210859298706,1.2321151494979858,76900.0,1000.3200073242188,76900.0,3.832855224609375,-3.2678680419921875,-3.602860927581787,76900.0,-9.467191696166992,-2.4385550022125244,0.7720945477485657,76900.0,-8.904036521911621,-4.243722438812257,-0.5674257874488831
1435,77000.0,-15.458000183105467,-145.00999450683594,29.274999618530273,77000.0,0.030848694965243336,-0.4578435122966766,0.24709498882293696,77000.0,1000.280029296875,77000.0,3.281053066253662,1.1534249782562256,-1.9765625,77000.0,-9.156961441040039,-2.178342342376709,2.7523207664489746,77000.0,-5.324106216430664,-5.4462103843688965,-0.8505401611328125
1436,77100.0,-13.19499969482422,-143.7949981689453,29.018999099731445,77100.0,0.030848694965243336,-0.4578435122966766,0.24709498882293696,77100.0,1000.280029296875,77100.0,3.281053066253662,1.1534249782562256,-1.9765625,77100.0,-9.156961441040039,-2.178342342376709,2.7523207664489746,77100.0,-5.324106216430664,-5.4462103843688965,-0.8505401611328125
1437,77200.0,-14.967000007629395,-144.7209930419922,29.41200065612793,77200.0,-0.05742133408784866,-0.005803219974040985,-1.3231340646743774,77200.0,1000.3599853515624,77200.0,-11.067193031311037,-2.650531768798828,-2.231590747833252,77200.0,-8.989428520202637,-1.5975494384765625,3.5788819789886475,77200.0,-5.708375453948975,-0.44412440061569214,1.6023194789886477
1438,77300.0,-21.402999877929688,-144.7209930419922,29.733999252319336,77300.0,0.865290641784668,2.1813998222351074,-0.47067168354988104,77300.0,1000.3699951171876,77300.0,-2.2750167846679688,1.097003936767578,1.245665192604065,77300.0,-8.389286994934082,-3.5480566024780287,3.6333956718444815,77300.0,-19.45648002624512,-6.198588371276856,1.40180504322052
1439,77400.0,-23.02199935913086,-149.04100036621094,29.733999252319336,77400.0,0.865290641784668,2.1813998222351074,-0.47067168354988104,77400.0,1000.3699951171876,77400.0,-2.2750167846679688,1.097003936767578,1.245665192604065,77400.0,-8.389286994934082,-3.5480566024780287,3.6333956718444815,77400.0,-19.45648002624512,-6.198588371276856,1.40180504322052
1440,77000.0,-15.458000183105467,-145.00999450683594,29.274999618530273,77000.0,0.030848694965243336,-0.4578435122966766,0.24709498882293696,77000.0,1000.280029296875,77000.0,3.281053066253662,1.1534249782562256,-1.9765625,77000.0,-9.156961441040039,-2.178342342376709,2.7523207664489746,77000.0,-5.324106216430664,-5.4462103843688965,-0.8505401611328125
1441,77100.0,-13.19499969482422,-143.7949981689453,29.018999099731445,77100.0,0.030848694965243336,-0.4578435122966766,0.24709498882293696,77100.0,1000.280029296875,77100.0,3.281053066253662,1.1534249782562256,-1.9765625,77100.0,-9.156961441040039,-2.178342342376709,2.7523207664489746,77100.0,-5.324106216430664,-5.4462103843688965,-0.8505401611328125
1442,77200.0,-14.967000007629395,-144.7209930419922,29.41200065612793,77200.0,-0.05742133408784866,-0.005803219974040985,-1.3231340646743774,77200.0,1000.3599853515624,77200.0,-11.067193031311037,-2.650531768798828,-2.231590747833252,77200.0,-8.989428520202637,-1.5975494384765625,3.5788819789886475,77200.0,-5.708375453948975,-0.44412440061569214,1.6023194789886477
1443,77300.0,-21.402999877929688,-144.7209930419922,29.733999252319336,77300.0,0.865290641784668,2.1813998222351074,-0.47067168354988104,77300.0,1000.3699951171876,77300.0,-2.2750167846679688,1.097003936767578,1.245665192604065,77300.0,-8.389286994934082,-3.5480566024780287,3.6333956718444815,77300.0,-19.45648002624512,-6.198588371276856,1.40180504322052
1444,77400.0,-23.02199935913086,-149.04100036621094,29.733999252319336,77400.0,0.865290641784668,2.1813998222351074,-0.47067168354988104,77400.0,1000.3699951171876,77400.0,-2.2750167846679688,1.097003936767578,1.245665192604065,77400.0,-8.389286994934082,-3.5480566024780287,3.6333956718444815,77400.0,-19.45648002624512,-6.198588371276856,1.40180504322052
1445,77500.0,-27.042999267578125,-148.03399658203125,29.733999252319336,77500.0,0.15363261103630066,1.7012597322463991,0.0604756586253643,77500.0,1000.3400268554688,77500.0,1.8450627326965328,-2.0956468582153316,0.7308908700942993,77500.0,-8.219367980957031,-4.697284698486328,-2.558884859085083,77500.0,-10.494384765625,-3.60028076171875,-1.313219666481018
1446,77600.0,-26.74099922180176,-148.47500610351562,29.3700008392334,77600.0,0.15363261103630066,1.7012597322463991,0.0604756586253643,77600.0,1000.3400268554688,77600.0,1.8450627326965328,-2.0956468582153316,0.7308908700942993,77600.0,-8.219367980957031,-4.697284698486328,-2.558884859085083,77600.0,-10.494384765625,-3.60028076171875,-1.313219666481018
1447,77700.0,-27.17499923706055,-148.47500610351562,28.57900047302246,77700.0,0.3937026560306549,0.6737843751907349,-0.2684752643108368,77700.0,1000.22998046875,77700.0,0.6758546829223633,0.3419599533081055,-1.2139334678649902,77700.0,-8.584141731262207,-3.9826326370239262,-2.5732290744781494,77700.0,-6.739078998565674,-6.078279495239258,-1.84233820438385
1448,77800.0,-27.17499923706055,-145.49099731445312,28.22400093078613,77800.0,0.3937026560306549,0.6737843751907349,-0.2684752643108368,77800.0,1000.22998046875,77800.0,0.6758546829223633,0.3419599533081055,-1.2139334678649902,77800.0,-8.584141731262207,-3.9826326370239262,-2.5732290744781494,77800.0,-6.739078998565674,-6.078279495239258,-1.84233820438385
1449,77900.0,-27.591999053955078,-143.27499389648438,28.22400093078613,77900.0,0.9868528246879578,0.04245513305068016,-1.0769554376602173,77900.0,1000.3699951171876,77900.0,-3.357118606567384,2.2388663291931152,-2.2765655517578125,77900.0,-8.627596855163574,-4.550367832183838,-1.014469861984253,77900.0,-7.951742172241211,-4.2084078788757315,-2.228403329849243
1450,77500.0,-27.042999267578125,-148.03399658203125,29.733999252319336,77500.0,0.15363261103630066,1.7012597322463991,0.0604756586253643,77500.0,1000.3400268554688,77500.0,1.8450627326965328,-2.0956468582153316,0.7308908700942993,77500.0,-8.219367980957031,-4.697284698486328,-2.558884859085083,77500.0,-10.494384765625,-3.60028076171875,-1.313219666481018
1451,77600.0,-26.74099922180176,-148.47500610351562,29.3700008392334,77600.0,0.15363261103630066,1.7012597322463991,0.0604756586253643,77600.0,1000.3400268554688,77600.0,1.8450627326965328,-2.0956468582153316,0.7308908700942993,77600.0,-8.219367980957031,-4.697284698486328,-2.558884859085083,77600.0,-10.494384765625,-3.60028076171875,-1.313219666481018
1452,77700.0,-27.17499923706055,-148.47500610351562,28.57900047302246,77700.0,0.3937026560306549,0.6737843751907349,-0.2684752643108368,77700.0,1000.22998046875,77700.0,0.6758546829223633,0.3419599533081055,-1.2139334678649902,77700.0,-8.584141731262207,-3.9826326370239262,-2.5732290744781494,77700.0,-6.739078998565674,-6.078279495239258,-1.84233820438385
1453,77800.0,-27.17499923706055,-145.49099731445312,28.22400093078613,77800.0,0.3937026560306549,0.6737843751907349,-0.2684752643108368,77800.0,1000.22998046875,77800.0,0.6758546829223633,0.3419599533081055,-1.2139334678649902,77800.0,-8.584141731262207,-3.9826326370239262,-2.5732290744781494,77800.0,-6.739078998565674,-6.078279495239258,-1.84233820438385
1454,77900.0,-27.591999053955078,-143.27499389648438,28.22400093078613,77900.0,0.9868528246879578,0.04245513305068016,-1.0769554376602173,77900.0,1000.3699951171876,77900.0,-3.357118606567384,2.2388663291931152,-2.2765655517578125,77900.0,-8.627596855163574,-4.550367832183838,-1.014469861984253,77900.0,-7.951742172241211,-4.2084078788757315,-2.228403329849243
1455,78000.0,-27.92600059509277,-139.656005859375,28.59000015258789,78000.0,0.9868528246879578,0.04245513305068016,-1.0769554376602173,78000.0,1000.3699951171876,78000.0,-3.357118606567384,2.2388663291931152,-2.2765655517578125,78000.0,-8.627596855163574,-4.550367832183838,-1.014469861984253,78000.0,-7.951742172241211,-4.2084078788757315,-2.228403329849243
1456,78100.0,-24.44899940490723,-135.0,28.95599937438965,78100.0,-0.04276056587696075,0.12217304855585095,2.0173823833465576,78100.0,1000.3400268554688,78100.0,-0.7481298446655273,-12.494229316711426,4.5949249267578125,78100.0,-8.087165832519531,-5.533886432647705,0.37975919246673584,78100.0,-11.444284439086914,-3.29502010345459,-1.8968062400817869
1457,78200.0,-13.017999649047852,-130.56599426269528,29.2810001373291,78200.0,0.7944302558898926,-0.7290676832199097,1.3249666690826416,78200.0,1000.260009765625,78200.0,7.701403617858888,-4.503547668457031,-1.7581832408905032,78200.0,-9.544543266296387,-2.239088773727417,0.2419608980417252,78200.0,-10.292673110961914,-14.733318328857422,4.836885929107666
1458,78300.0,-8.595000267028809,-128.34700012207028,29.2810001373291,78300.0,0.7944302558898926,-0.7290676832199097,1.3249666690826416,78300.0,1000.260009765625,78300.0,7.701403617858888,-4.503547668457031,-1.7581832408905032,78300.0,-9.544543266296387,-2.239088773727417,0.2419608980417252,78300.0,-10.292673110961914,-14.733318328857422,4.836885929107666
1459,78400.0,-3.6689999103546143,-126.91300201416016,28.55299949645996,78400.0,-0.39125919342041016,-0.7489207983016968,-1.4590516090393066,78400.0,1000.3099975585938,78400.0,-9.951412200927734,4.761806011199951,-2.2157399654388428,78400.0,-9.64848804473877,0.3681624233722687,1.715087652206421,78400.0,-1.9470845460891724,-4.135385036468507,-0.043095629662275314
1460,78000.0,-27.92600059509277,-139.656005859375,28.59000015258789,78000.0,0.9868528246879578,0.04245513305068016,-1.0769554376602173,78000.0,1000.3699951171876,78000.0,-3.357118606567384,2.2388663291931152,-2.2765655517578125,78000.0,-8.627596855163574,-4.550367832183838,-1.014469861984253,78000.0,-7.951742172241211,-4.2084078788757315,-2.228403329849243
1461,78100.0,-24.44899940490723,-135.0,28.95599937438965,78100.0,-0.04276056587696075,0.12217304855585095,2.0173823833465576,78100.0,1000.3400268554688,78100.0,-0.7481298446655273,-12.494229316711426,4.5949249267578125,78100.0,-8.087165832519531,-5.533886432647705,0.37975919246673584,78100.0,-11.444284439086914,-3.29502010345459,-1.8968062400817869
1462,78200.0,-13.017999649047852,-130.56599426269528,29.2810001373291,78200.0,0.7944302558898926,-0.7290676832199097,1.3249666690826416,78200.0,1000.260009765625,78200.0,7.701403617858888,-4.503547668457031,-1.7581832408905032,78200.0,-9.544543266296387,-2.239088773727417,0.2419608980417252,78200.0,-10.292673110961914,-14.733318328857422,4.836885929107666
1463,78300.0,-8.595000267028809,-128.34700012207028,29.2810001373291,78300.0,0.7944302558898926,-0.7290676832199097,1.3249666690826416,78300.0,1000.260009765625,78300.0,7.701403617858888,-4.503547668457031,-1.7581832408905032,78300.0,-9.544543266296387,-2.239088773727417,0.2419608980417252,78300.0,-10.292673110961914,-14.733318328857422,4.836885929107666
1464,78400.0,-3.6689999103546143,-126.91300201416016,28.55299949645996,78400.0,-0.39125919342041016,-0.7489207983016968,-1.4590516090393066,78400.0,1000.3099975585938,78400.0,-9.951412200927734,4.761806011199951,-2.2157399654388428,78400.0,-9.64848804473877,0.3681624233722687,1.715087652206421,78400.0,-1.9470845460891724,-4.135385036468507,-0.043095629662275314
1465,78500.0,-7.236999988555907,-123.61199951171876,26.15500068664551,78500.0,-0.39125919342041016,-0.7489207983016968,-1.4590516090393066,78500.0,1000.3099975585938,78500.0,-9.951412200927734,4.761806011199951,-2.2157399654388428,78500.0,-9.64848804473877,0.3681624233722687,1.715087652206421,78500.0,-1.9470845460891724,-4.135385036468507,-0.043095629662275314
1466,78600.0,-9.777000427246094,-119.54100036621094,24.104999542236328,78600.0,2.662150621414185,0.6438519954681396,-0.16035212576389313,78600.0,1000.3499755859376,78600.0,-6.108927249908447,-9.057127952575684,-7.868356227874756,78600.0,-7.3730316162109375,-6.429367542266848,0.687042236328125,78600.0,-17.324443817138672,-1.6675615310668943,-1.5286977291107178
1467,78700.0,-15.121999740600586,-113.66699981689452,16.85099983215332,78700.0,2.662150621414185,0.6438519954681396,-0.16035212576389313,78700.0,1000.3499755859376,78700.0,-6.108927249908447,-9.057127952575684,-7.868356227874756,78700.0,-7.3730316162109375,-6.429367542266848,0.687042236328125,78700.0,-17.324443817138672,-1.6675615310668943,-1.5286977291107178
1468,78800.0,-19.04599952697754,-110.8499984741211,9.067999839782717,78800.0,2.352136611938477,2.699718952178955,-0.1719585657119751,78800.0,1000.280029296875,78800.0,-2.1307206153869642,5.513556003570557,-1.328037977218628,78800.0,-7.476970195770264,-5.691753387451173,2.80521821975708,78800.0,-13.585897445678713,-14.748881340026855,-5.063138008117676
1469,78900.0,-22.256999969482425,-108.40599822998048,-2.289999961853028,78900.0,2.352136611938477,2.699718952178955,-0.1719585657119751,78900.0,1000.280029296875,78900.0,-2.1307206153869642,5.513556003570557,-1.328037977218628,78900.0,-7.476970195770264,-5.691753387451173,2.80521821975708,78900.0,-13.585897445678713,-14.748881340026855,-5.063138008117676
1470,78500.0,-7.236999988555907,-123.61199951171876,26.15500068664551,78500.0,-0.39125919342041016,-0.7489207983016968,-1.4590516090393066,78500.0,1000.3099975585938,78500.0,-9.951412200927734,4.761806011199951,-2.2157399654388428,78500.0,-9.64848804473877,0.3681624233722687,1.715087652206421,78500.0,-1.9470845460891724,-4.135385036468507,-0.043095629662275314
1471,78600.0,-9.777000427246094,-119.54100036621094,24.104999542236328,78600.0,2.662150621414185,0.6438519954681396,-0.16035212576389313,78600.0,1000.3499755859376,78600.0,-6.108927249908447,-9.057127952575684,-7.868356227874756,78600.0,-7.3730316162109375,-6.429367542266848,0.687042236328125,78600.0,-17.324443817138672,-1.6675615310668943,-1.5286977291107178
1472,78700.0,-15.121999740600586,-113.66699981689452,16.85099983215332,78700.0,2.662150621414185,0.6438519954681396,-0.16035212576389313,78700.0,1000.3499755859376,78700.0,-6.108927249908447,-9.057127952575684,-7.868356227874756,78700.0,-7.3730316162109375,-6.429367542266848,0.687042236328125,78700.0,-17.324443817138672,-1.6675615310668943,-1.5286977291107178
1473,78800.0,-19.04599952697754,-110.8499984741211,9.067999839782717,78800.0,2.352136611938477,2.699718952178955,-0.1719585657119751,78800.0,1000.280029296875,78800.0,-2.1307206153869642,5.513556003570557,-1.328037977218628,78800.0,-7.476970195770264,-5.691753387451173,2.80521821975708,78800.0,-13.585897445678713,-14.748881340026855,-5.063138008117676
1474,78900.0,-22.256999969482425,-108.40599822998048,-2.289999961853028,78900.0,2.352136611938477,2.699718952178955,-0.1719585657119751,78900.0,1000.280029296875,78900.0,-2.1307206153869642,5.513556003570557,-1.328037977218628,78900.0,-7.476970195770264,-5.691753387451173,2.80521821975708,78900.0,-13.585897445678713,-14.748881340026855,-5.063138008117676
1475,79000.0,-21.750999450683594,-108.3740005493164,-7.438000202178955,79000.0,1.4217888116836548,0.6771441102027893,0.17104226350784302,79000.0,1000.3099975585938,79000.0,0.6259193420410156,-1.1096763610839844,-1.1393043994903564,79000.0,-7.723214626312256,-5.436941623687744,-2.638555765151977,79000.0,-9.85393524169922,0.07661445438861847,-3.9665937423706055
1476,79100.0,-21.256999969482425,-108.9209976196289,-16.607000350952152,79100.0,2.674673557281494,0.8338310718536377,2.56868839263916,79100.0,1000.3599853515624,79100.0,-4.425546646118164,-9.509354591369627,-0.2547208666801453,79100.0,-8.703357696533201,-4.4586381912231445,-0.7365525364875793,79100.0,-8.077438354492188,-5.568314552307129,-1.8758569955825808
1477,79200.0,-21.256999969482425,-108.9209976196289,-27.40299987792969,79200.0,2.674673557281494,0.8338310718536377,2.56868839263916,79200.0,1000.3599853515624,79200.0,-4.425546646118164,-9.509354591369627,-0.2547208666801453,79200.0,-8.703357696533201,-4.4586381912231445,-0.7365525364875793,79200.0,-8.077438354492188,-5.568314552307129,-1.8758569955825808
1478,79300.0,-19.218000411987305,-112.78900146484376,-33.77199935913086,79300.0,1.894598603248596,-0.8213083148002625,2.516764879226685,79300.0,1000.280029296875,79300.0,3.094780445098877,-0.01698349416255951,-2.1485111713409424,79300.0,-9.734360694885254,-0.8719043731689453,-0.8077061772346497,79300.0,-14.159907341003418,-10.381258964538574,-1.0624270439147951
1479,79400.0,-17.20199966430664,-117.677001953125,-39.88000106811523,79400.0,1.894598603248596,-0.8213083148002625,2.516764879226685,79400.0,1000.280029296875,79400.0,3.094780445098877,-0.01698349416255951,-2.1485111713409424,79400.0,-9.734360694885254,-0.8719043731689453,-0.8077061772346497,79400.0,-14.159907341003418,-10.381258964538574,-1.0624270439147951
1480,79000.0,-21.750999450683594,-108.3740005493164,-7.438000202178955,79000.0,1.4217888116836548,0.6771441102027893,0.17104226350784302,79000.0,1000.3099975585938,79000.0,0.6259193420410156,-1.1096763610839844,-1.1393043994903564,79000.0,-7.723214626312256,-5.436941623687744,-2.638555765151977,79000.0,-9.85393524169922,0.07661445438861847,-3.9665937423706055
1481,79100.0,-21.256999969482425,-108.9209976196289,-16.607000350952152,79100.0,2.674673557281494,0.8338310718536377,2.56868839263916,79100.0,1000.3599853515624,79100.0,-4.425546646118164,-9.509354591369627,-0.2547208666801453,79100.0,-8.703357696533201,-4.4586381912231445,-0.7365525364875793,79100.0,-8.077438354492188,-5.568314552307129,-1.8758569955825808
1482,79200.0,-21.256999969482425,-108.9209976196289,-27.40299987792969,79200.0,2.674673557281494,0.8338310718536377,2.56868839263916,79200.0,1000.3599853515624,79200.0,-4.425546646118164,-9.509354591369627,-0.2547208666801453,79200.0,-8.703357696533201,-4.4586381912231445,-0.7365525364875793,79200.0,-8.077438354492188,-5.568314552307129,-1.8758569955825808
1483,79300.0,-19.218000411987305,-112.78900146484376,-33.77199935913086,79300.0,1.894598603248596,-0.8213083148002625,2.516764879226685,79300.0,1000.280029296875,79300.0,3.094780445098877,-0.01698349416255951,-2.1485111713409424,79300.0,-9.734360694885254,-0.8719043731689453,-0.8077061772346497,79300.0,-14.159907341003418,-10.381258964538574,-1.0624270439147951
1484,79400.0,-17.20199966430664,-117.677001953125,-39.88000106811523,79400.0,1.894598603248596,-0.8213083148002625,2.516764879226685,79400.0,1000.280029296875,79400.0,3.094780445098877,-0.01698349416255951,-2.1485111713409424,79400.0,-9.734360694885254,-0.8719043731689453,-0.8077061772346497,79400.0,-14.159907341003418,-10.381258964538574,-1.0624270439147951
1485,79500.0,-17.610000610351566,-117.01000213623048,-39.19300079345703,79500.0,0.15057829022407532,-1.1737775802612305,-0.3280346393585205,79500.0,1000.260009765625,79500.0,5.260970115661621,1.995720624923706,-0.12215423583984375,79500.0,-9.712353706359863,-0.17096133530139926,1.3458551168441772,79500.0,-6.617573261260986,-0.18794482946395874,-0.8026561141014099
1486,79600.0,-17.993999481201172,-116.47100067138672,-36.25299835205078,79600.0,0.15057829022407532,-1.1737775802612305,-0.3280346393585205,79600.0,1000.260009765625,79600.0,5.260970115661621,1.995720624923706,-0.12215423583984375,79600.0,-9.712353706359863,-0.17096133530139926,1.3458551168441772,79600.0,-6.617573261260986,-0.18794482946395874,-0.8026561141014099
1487,79700.0,-23.00200080871582,-116.8560028076172,-35.060001373291016,79700.0,-0.5051855444908142,0.3552181422710419,-1.6313155889511108,79700.0,1000.25,79700.0,7.944658279418945,1.311953067779541,-1.2834569215774536,79700.0,-9.18386936187744,-0.5059286952018738,3.4016120433807373,79700.0,-3.9228994846344,1.4897919893264768,3.2794578075408936
1488,79800.0,-29.138999938964844,-117.21099853515624,-36.19300079345703,79800.0,-0.5051855444908142,0.3552181422710419,-1.6313155889511108,79800.0,1000.25,79800.0,7.944658279418945,1.311953067779541,-1.2834569215774536,79800.0,-9.18386936187744,-0.5059286952018738,3.4016120433807373,79800.0,-3.9228994846344,1.4897919893264768,3.2794578075408936
1489,79900.0,-28.145999908447266,-121.90299987792969,-39.41899871826172,79900.0,0.01924225501716137,-0.18020524084568024,-1.6908750534057615,79900.0,1000.3099975585938,79900.0,-1.1278538703918457,-0.4860825538635254,-1.0370891094207764,79900.0,-8.836498260498047,-3.266818761825561,2.722970724105835,79900.0,-0.8918401598930359,-1.9548656940460205,1.4395138025283811
1490,79500.0,-17.610000610351566,-117.01000213623048,-39.19300079345703,79500.0,0.15057829022407532,-1.1737775802612305,-0.3280346393585205,79500.0,1000.260009765625,79500.0,5.260970115661621,1.995720624923706,-0.12215423583984375,79500.0,-9.712353706359863,-0.17096133530139926,1.3458551168441772,79500.0,-6.617573261260986,-0.18794482946395874,-0.8026561141014099
1491,79600.0,-17.993999481201172,-116.47100067138672,-36.25299835205078,79600.0,0.15057829022407532,-1.1737775802612305,-0.3280346393585205,79600.0,1000.260009765625,79600.0,5.260970115661621,1.995720624923706,-0.12215423583984375,79600.0,-9.712353706359863,-0.17096133530139926,1.3458551168441772,79600.0,-6.617573261260986,-0.18794482946395874,-0.8026561141014099
1492,79700.0,-23.00200080871582,-116.8560028076172,-35.060001373291016,79700.0,-0.5051855444908142,0.3552181422710419,-1.6313155889511108,79700.0,1000.25,79700.0,7.944658279418945,1.311953067779541,-1.2834569215774536,79700.0,-9.18386936187744,-0.5059286952018738,3.4016120433807373,79700.0,-3.9228994846344,1.4897919893264768,3.2794578075408936
1493,79800.0,-29.138999938964844,-117.21099853515624,-36.19300079345703,79800.0,-0.5051855444908142,0.3552181422710419,-1.6313155889511108,79800.0,1000.25,79800.0,7.944658279418945,1.311953067779541,-1.2834569215774536,79800.0,-9.18386936187744,-0.5059286952018738,3.4016120433807373,79800.0,-3.9228994846344,1.4897919893264768,3.2794578075408936
1494,79900.0,-28.145999908447266,-121.90299987792969,-39.41899871826172,79900.0,0.01924225501716137,-0.18020524084568024,-1.6908750534057615,79900.0,1000.3099975585938,79900.0,-1.1278538703918457,-0.4860825538635254,-1.0370891094207764,79900.0,-8.836498260498047,-3.266818761825561,2.722970724105835,79900.0,-0.8918401598930359,-1.9548656940460205,1.4395138025283811
1495,80000.0,-28.743999481201172,-125.14900207519531,-43.02299880981445,80000.0,0.5601634383201599,0.5085453391075134,0.08277224004268646,80000.0,1000.3400268554688,80000.0,-0.23288631439208984,0.9958274364471436,-1.2274441719055176,80000.0,-6.894517421722412,-6.973052978515625,-0.11212766915559767,80000.0,-8.022371292114258,-7.45913553237915,-1.1492167711257937
1496,80100.0,-27.316999435424805,-128.13499450683594,-46.79800033569336,80100.0,0.5601634383201599,0.5085453391075134,0.08277224004268646,80100.0,1000.3400268554688,80100.0,-0.23288631439208984,0.9958274364471436,-1.2274441719055176,80100.0,-6.894517421722412,-6.973052978515625,-0.11212766915559767,80100.0,-8.022371292114258,-7.45913553237915,-1.1492167711257937
1497,80200.0,-24.18199920654297,-129.39100646972656,-49.33599853515625,80200.0,0.8503243923187256,0.7061602473258972,-0.049174651503562934,80200.0,1000.2999877929688,80200.0,0.5657830238342285,0.8951265811920166,-0.9861485958099364,80200.0,-8.704668998718263,-4.426119804382324,-0.8992053866386414,80200.0,-8.937555313110352,-3.4302923679351807,-2.126649618148804
1498,80300.0,-22.18400001525879,-130.65699768066406,-50.15800094604492,80300.0,0.8503243923187256,0.7061602473258972,-0.049174651503562934,80300.0,1000.2999877929688,80300.0,0.5657830238342285,0.8951265811920166,-0.9861485958099364,80300.0,-8.704668998718263,-4.426119804382324,-0.8992053866386414,80300.0,-8.937555313110352,-3.4302923679351807,-2.126649618148804
1499,80400.0,-20.413000106811523,-133.28300476074222,-51.21699905395508,80400.0,1.0180069208145142,0.5674937963485718,-0.3243694305419922,80400.0,1000.260009765625,80400.0,-1.2284784317016602,1.2562241554260254,-0.8569008111953735,80400.0,-8.558825492858888,-4.656417369842528,-1.1111721992492676,80400.0,-7.993042469024657,-3.7612907886505127,-2.097320795059204
1500,80000.0,-28.743999481201172,-125.14900207519531,-43.02299880981445,80000.0,0.5601634383201599,0.5085453391075134,0.08277224004268646,80000.0,1000.3400268554688,80000.0,-0.23288631439208984,0.9958274364471436,-1.2274441719055176,80000.0,-6.894517421722412,-6.973052978515625,-0.11212766915559767,80000.0,-8.022371292114258,-7.45913553237915,-1.1492167711257937
1501,80100.0,-27.316999435424805,-128.13499450683594,-46.79800033569336,80100.0,0.5601634383201599,0.5085453391075134,0.08277224004268646,80100.0,1000.3400268554688,80100.0,-0.23288631439208984,0.9958274364471436,-1.2274441719055176,80100.0,-6.894517421722412,-6.973052978515625,-0.11212766915559767,80100.0,-8.022371292114258,-7.45913553237915,-1.1492167711257937
1502,80200.0,-24.18199920654297,-129.39100646972656,-49.33599853515625,80200.0,0.8503243923187256,0.7061602473258972,-0.049174651503562934,80200.0,1000.2999877929688,80200.0,0.5657830238342285,0.8951265811920166,-0.9861485958099364,80200.0,-8.704668998718263,-4.426119804382324,-0.8992053866386414,80200.0,-8.937555313110352,-3.4302923679351807,-2.126649618148804
1503,80300.0,-22.18400001525879,-130.65699768066406,-50.15800094604492,80300.0,0.8503243923187256,0.7061602473258972,-0.049174651503562934,80300.0,1000.2999877929688,80300.0,0.5657830238342285,0.8951265811920166,-0.9861485958099364,80300.0,-8.704668998718263,-4.426119804382324,-0.8992053866386414,80300.0,-8.937555313110352,-3.4302923679351807,-2.126649618148804
1504,80400.0,-20.413000106811523,-133.28300476074222,-51.21699905395508,80400.0,1.0180069208145142,0.5674937963485718,-0.3243694305419922,80400.0,1000.260009765625,80400.0,-1.2284784317016602,1.2562241554260254,-0.8569008111953735,80400.0,-8.558825492858888,-4.656417369842528,-1.1111721992492676,80400.0,-7.993042469024657,-3.7612907886505127,-2.097320795059204
1505,80500.0,-19.999000549316406,-138.10400390625,-52.83300018310547,80500.0,1.0180069208145142,0.5674937963485718,-0.3243694305419922,80500.0,1000.260009765625,80500.0,-1.2284784317016602,1.2562241554260254,-0.8569008111953735,80500.0,-8.558825492858888,-4.656417369842528,-1.1111721992492676,80500.0,-7.993042469024657,-3.7612907886505127,-2.097320795059204
1506,80600.0,-18.363000869750977,-141.32000732421875,-54.26599884033203,80600.0,1.1481212377548218,0.4764748811721802,0.2971859276294708,80600.0,1000.2999877929688,80600.0,-0.3867025375366211,-0.2770025730133057,0.1925441920757293,80600.0,-8.409978866577147,-4.978010654449463,-0.8136534690856934,80600.0,-9.638457298278807,-3.7217864990234375,-1.670554280281067
1507,80700.0,-18.363000869750977,-145.447998046875,-55.40999984741211,80700.0,1.1481212377548218,0.4764748811721802,0.2971859276294708,80700.0,1000.2999877929688,80700.0,-0.3867025375366211,-0.2770025730133057,0.1925441920757293,80700.0,-8.409978866577147,-4.978010654449463,-0.8136534690856934,80700.0,-9.638457298278807,-3.7217864990234375,-1.670554280281067
1508,80800.0,-20.503000259399414,-148.1959991455078,-55.02000045776367,80800.0,0.08765916526317596,-0.18875735998153687,0.8347473740577698,80800.0,1000.3599853515624,80800.0,0.8846588134765625,-1.6046464443206787,0.12046849727630615,80800.0,-8.94709300994873,-3.9613330364227295,-0.6540265679359436,80800.0,-9.333795547485352,-4.238335609436035,-0.4614823758602142
1509,80900.0,-21.42099952697754,3.549000024795532,-41.999000549316406,80900.0,0.5002986192703247,-1.6643023490905762,1.465771198272705,80900.0,1000.27001953125,80900.0,0.4999427795410156,-0.7219789028167725,-2.17664098739624,80900.0,-9.353549003601074,-2.928175687789917,-0.3275669515132904,80900.0,-8.468890190124513,-4.532822132110597,-0.20709845423698425
1510,80500.0,-19.999000549316406,-138.10400390625,-52.83300018310547,80500.0,1.0180069208145142,0.5674937963485718,-0.3243694305419922,80500.0,1000.260009765625,80500.0,-1.2284784317016602,1.2562241554260254,-0.8569008111953735,80500.0,-8.558825492858888,-4.656417369842528,-1.1111721992492676,80500.0,-7.993042469024657,-3.7612907886505127,-2.097320795059204
1511,80600.0,-18.363000869750977,-141.32000732421875,-54.26599884033203,80600.0,1.1481212377548218,0.4764748811721802,0.2971859276294708,80600.0,1000.2999877929688,80600.0,-0.3867025375366211,-0.2770025730133057,0.1925441920757293,80600.0,-8.409978866577147,-4.978010654449463,-0.8136534690856934,80600.0,-9.638457298278807,-3.7217864990234375,-1.670554280281067
1512,80700.0,-18.363000869750977,-145.447998046875,-55.40999984741211,80700.0,1.1481212377548218,0.4764748811721802,0.2971859276294708,80700.0,1000.2999877929688,80700.0,-0.3867025375366211,-0.2770025730133057,0.1925441920757293,80700.0,-8.409978866577147,-4.978010654449463,-0.8136534690856934,80700.0,-9.638457298278807,-3.7217864990234375,-1.670554280281067
1513,80800.0,-20.503000259399414,-148.1959991455078,-55.02000045776367,80800.0,0.08765916526317596,-0.18875735998153687,0.8347473740577698,80800.0,1000.3599853515624,80800.0,0.8846588134765625,-1.6046464443206787,0.12046849727630615,80800.0,-8.94709300994873,-3.9613330364227295,-0.6540265679359436,80800.0,-9.333795547485352,-4.238335609436035,-0.4614823758602142
1514,80900.0,-21.42099952697754,3.549000024795532,-41.999000549316406,80900.0,0.5002986192703247,-1.6643023490905762,1.465771198272705,80900.0,1000.27001953125,80900.0,0.4999427795410156,-0.7219789028167725,-2.17664098739624,80900.0,-9.353549003601074,-2.928175687789917,-0.3275669515132904,80900.0,-8.468890190124513,-4.532822132110597,-0.20709845423698425
1515,81000.0,-26.84000015258789,4.0960001945495605,-36.06399917602539,81000.0,0.5002986192703247,-1.6643023490905762,1.465771198272705,81000.0,1000.27001953125,81000.0,0.4999427795410156,-0.7219789028167725,-2.17664098739624,81000.0,-9.353549003601074,-2.928175687789917,-0.3275669515132904,81000.0,-8.468890190124513,-4.532822132110597,-0.20709845423698425
1516,81100.0,-30.71999931335449,7.690000057220459,-31.035999298095703,81100.0,-0.894001305103302,-0.7709119319915771,0.5351179838180542,81100.0,1000.2000122070312,81100.0,3.7579598426818848,-0.3858640193939209,-1.5728086233139038,81100.0,-9.371657371520996,-1.6213459968566897,2.3903234004974365,81100.0,-8.87171459197998,-2.343324899673462,0.21368250250816345
1517,81200.0,-33.097000122070305,13.303999900817873,-25.711000442504893,81200.0,-0.894001305103302,-0.7709119319915771,0.5351179838180542,81200.0,1000.2000122070312,81200.0,3.7579598426818848,-0.3858640193939209,-1.5728086233139038,81200.0,-9.371657371520996,-1.6213459968566897,2.3903234004974365,81200.0,-8.87171459197998,-2.343324899673462,0.21368250250816345
1518,81300.0,-32.839000701904304,15.805999755859375,-24.489999771118164,81300.0,-0.7959573864936829,-0.4425718784332275,-1.3353514671325684,81300.0,1000.239990234375,81300.0,-2.06498622894287,3.7681186199188232,3.697663307189941,81300.0,-9.09702968597412,-1.053051233291626,3.5079221725463867,81300.0,-5.339069843292236,-1.4389152526855469,1.9351135492324831
1519,81400.0,-32.132999420166016,15.340999603271484,-27.827999114990234,81400.0,-0.7959573864936829,-0.4425718784332275,-1.3353514671325684,81400.0,1000.239990234375,81400.0,-2.06498622894287,3.7681186199188232,3.697663307189941,81400.0,-9.09702968597412,-1.053051233291626,3.5079221725463867,81400.0,-5.339069843292236,-1.4389152526855469,1.9351135492324831
1520,81000.0,-26.84000015258789,4.0960001945495605,-36.06399917602539,81000.0,0.5002986192703247,-1.6643023490905762,1.465771198272705,81000.0,1000.27001953125,81000.0,0.4999427795410156,-0.7219789028167725,-2.17664098739624,81000.0,-9.353549003601074,-2.928175687789917,-0.3275669515132904,81000.0,-8.468890190124513,-4.532822132110597,-0.20709845423698425
1521,81100.0,-30.71999931335449,7.690000057220459,-31.035999298095703,81100.0,-0.894001305103302,-0.7709119319915771,0.5351179838180542,81100.0,1000.2000122070312,81100.0,3.7579598426818848,-0.3858640193939209,-1.5728086233139038,81100.0,-9.371657371520996,-1.6213459968566897,2.3903234004974365,81100.0,-8.87171459197998,-2.343324899673462,0.21368250250816345
1522,81200.0,-33.097000122070305,13.303999900817873,-25.711000442504893,81200.0,-0.894001305103302,-0.7709119319915771,0.5351179838180542,81200.0,1000.2000122070312,81200.0,3.7579598426818848,-0.3858640193939209,-1.5728086233139038,81200.0,-9.371657371520996,-1.6213459968566897,2.3903234004974365,81200.0,-8.87171459197998,-2.343324899673462,0.21368250250816345
1523,81300.0,-32.839000701904304,15.805999755859375,-24.489999771118164,81300.0,-0.7959573864936829,-0.4425718784332275,-1.3353514671325684,81300.0,1000.239990234375,81300.0,-2.06498622894287,3.7681186199188232,3.697663307189941,81300.0,-9.09702968597412,-1.053051233291626,3.5079221725463867,81300.0,-5.339069843292236,-1.4389152526855469,1.9351135492324831
1524,81400.0,-32.132999420166016,15.340999603271484,-27.827999114990234,81400.0,-0.7959573864936829,-0.4425718784332275,-1.3353514671325684,81400.0,1000.239990234375,81400.0,-2.06498622894287,3.7681186199188232,3.697663307189941,81400.0,-9.09702968597412,-1.053051233291626,3.5079221725463867,81400.0,-5.339069843292236,-1.4389152526855469,1.9351135492324831
1525,81500.0,-32.132999420166016,16.093000411987305,-27.812000274658203,81500.0,0.9776898026466372,1.1771373748779297,-0.9398161768913268,81500.0,1000.25,81500.0,-12.316335678100586,-1.4640336036682131,-0.46491646766662603,81500.0,-7.8619728088378915,-5.8612494468688965,0.07440145313739778,81500.0,-9.926959037780762,-2.093130826950073,3.772064685821533
1526,81600.0,-30.413000106811523,15.527999877929688,-31.604999542236328,81600.0,0.9776898026466372,1.1771373748779297,-0.9398161768913268,81600.0,1000.25,81600.0,-12.316335678100586,-1.4640336036682131,-0.46491646766662603,81600.0,-7.8619728088378915,-5.8612494468688965,0.07440145313739778,81600.0,-9.926959037780762,-2.093130826950073,3.772064685821533
1527,81700.0,-30.084999084472656,11.185999870300293,-32.750999450683594,81700.0,-0.03970624133944512,2.575713396072388,-0.2620611786842346,81700.0,1000.260009765625,81700.0,-2.878424644470215,0.9015626907348632,6.348088264465332,81700.0,-6.846255779266357,-7.01682710647583,-0.2515484094619751,81700.0,-19.1625919342041,-8.480860710144043,-0.7164648771286011
1528,81800.0,-27.040000915527344,9.78499984741211,-35.51300048828125,81800.0,0.010995574295520779,1.151481032371521,-0.16065755486488342,81800.0,1000.22998046875,81800.0,1.0387959480285645,0.9336698055267334,-0.15656185150146484,81800.0,-8.094799995422362,-4.094230651855469,-3.7258391380310063,81800.0,-10.973224639892578,-3.192667961120605,2.6222493648529053
1529,81900.0,-24.173999786376953,9.685999870300293,-36.42100143432617,81900.0,0.010995574295520779,1.151481032371521,-0.16065755486488342,81900.0,1000.22998046875,81900.0,1.0387959480285645,0.9336698055267334,-0.15656185150146484,81900.0,-8.094799995422362,-4.094230651855469,-3.7258391380310063,81900.0,-10.973224639892578,-3.192667961120605,2.6222493648529053
1530,81500.0,-32.132999420166016,16.093000411987305,-27.812000274658203,81500.0,0.9776898026466372,1.1771373748779297,-0.9398161768913268,81500.0,1000.25,81500.0,-12.316335678100586,-1.4640336036682131,-0.46491646766662603,81500.0,-7.8619728088378915,-5.8612494468688965,0.07440145313739778,81500.0,-9.926959037780762,-2.093130826950073,3.772064685821533
1531,81600.0,-30.413000106811523,15.527999877929688,-31.604999542236328,81600.0,0.9776898026466372,1.1771373748779297,-0.9398161768913268,81600.0,1000.25,81600.0,-12.316335678100586,-1.4640336036682131,-0.46491646766662603,81600.0,-7.8619728088378915,-5.8612494468688965,0.07440145313739778,81600.0,-9.926959037780762,-2.093130826950073,3.772064685821533
1532,81700.0,-30.084999084472656,11.185999870300293,-32.750999450683594,81700.0,-0.03970624133944512,2.575713396072388,-0.2620611786842346,81700.0,1000.260009765625,81700.0,-2.878424644470215,0.9015626907348632,6.348088264465332,81700.0,-6.846255779266357,-7.01682710647583,-0.2515484094619751,81700.0,-19.1625919342041,-8.480860710144043,-0.7164648771286011
1533,81800.0,-27.040000915527344,9.78499984741211,-35.51300048828125,81800.0,0.010995574295520779,1.151481032371521,-0.16065755486488342,81800.0,1000.22998046875,81800.0,1.0387959480285645,0.9336698055267334,-0.15656185150146484,81800.0,-8.094799995422362,-4.094230651855469,-3.7258391380310063,81800.0,-10.973224639892578,-3.192667961120605,2.6222493648529053
1534,81900.0,-24.173999786376953,9.685999870300293,-36.42100143432617,81900.0,0.010995574295520779,1.151481032371521,-0.16065755486488342,81900.0,1000.22998046875,81900.0,1.0387959480285645,0.9336698055267334,-0.15656185150146484,81900.0,-8.094799995422362,-4.094230651855469,-3.7258391380310063,81900.0,-10.973224639892578,-3.192667961120605,2.6222493648529053
1535,82000.0,-21.34000015258789,9.685999870300293,-37.09500122070313,82000.0,0.07238753139972688,0.42791110277175903,-0.27091872692108154,82000.0,1000.260009765625,82000.0,0.04833412170410156,0.9322352409362792,-0.11349779367446901,82000.0,-8.813965797424316,-3.9258234500885014,-1.7528140544891355,82000.0,-7.775169849395753,-2.992153644561768,-1.9093759059906008
1536,82100.0,-20.0310001373291,8.984999656677246,-38.055999755859375,82100.0,0.07238753139972688,0.42791110277175903,-0.27091872692108154,82100.0,1000.260009765625,82100.0,0.04833412170410156,0.9322352409362792,-0.11349779367446901,82100.0,-8.813965797424316,-3.9258234500885014,-1.7528140544891355,82100.0,-7.775169849395753,-2.992153644561768,-1.9093759059906008
1537,82200.0,-20.0310001373291,8.984999656677246,-37.93299865722656,82200.0,0.2825251817703247,0.11331550031900404,-0.22296582162380216,82200.0,1000.219970703125,82200.0,-0.4158401489257813,-0.2764859199523926,-2.868083953857422,82200.0,-8.905084609985352,-4.057865619659424,-0.6352887749671936,82200.0,-8.85675048828125,-3.1256303787231445,-0.7487865686416626
1538,82300.0,-20.0310001373291,8.194999694824219,-38.36000061035156,82300.0,0.2825251817703247,0.11331550031900404,-0.22296582162380216,82300.0,1000.219970703125,82300.0,-0.4158401489257813,-0.2764859199523926,-2.868083953857422,82300.0,-8.905084609985352,-4.057865619659424,-0.6352887749671936,82300.0,-8.85675048828125,-3.1256303787231445,-0.7487865686416626
1539,82400.0,-19.20400047302246,6.103000164031982,-39.152000427246094,82400.0,0.5763513445854187,0.16035212576389313,0.09834930300712584,82400.0,1000.239990234375,82400.0,-0.010570526123046877,-1.3174324035644531,-0.3777437806129456,82400.0,-8.938904762268066,-4.024098873138429,-0.2701157629489899,82400.0,-9.354744911193848,-4.300584793090819,-3.138199806213379
1540,82000.0,-21.34000015258789,9.685999870300293,-37.09500122070313,82000.0,0.07238753139972688,0.42791110277175903,-0.27091872692108154,82000.0,1000.260009765625,82000.0,0.04833412170410156,0.9322352409362792,-0.11349779367446901,82000.0,-8.813965797424316,-3.9258234500885014,-1.7528140544891355,82000.0,-7.775169849395753,-2.992153644561768,-1.9093759059906008
1541,82100.0,-20.0310001373291,8.984999656677246,-38.055999755859375,82100.0,0.07238753139972688,0.42791110277175903,-0.27091872692108154,82100.0,1000.260009765625,82100.0,0.04833412170410156,0.9322352409362792,-0.11349779367446901,82100.0,-8.813965797424316,-3.9258234500885014,-1.7528140544891355,82100.0,-7.775169849395753,-2.992153644561768,-1.9093759059906008
1542,82200.0,-20.0310001373291,8.984999656677246,-37.93299865722656,82200.0,0.2825251817703247,0.11331550031900404,-0.22296582162380216,82200.0,1000.219970703125,82200.0,-0.4158401489257813,-0.2764859199523926,-2.868083953857422,82200.0,-8.905084609985352,-4.057865619659424,-0.6352887749671936,82200.0,-8.85675048828125,-3.1256303787231445,-0.7487865686416626
1543,82300.0,-20.0310001373291,8.194999694824219,-38.36000061035156,82300.0,0.2825251817703247,0.11331550031900404,-0.22296582162380216,82300.0,1000.219970703125,82300.0,-0.4158401489257813,-0.2764859199523926,-2.868083953857422,82300.0,-8.905084609985352,-4.057865619659424,-0.6352887749671936,82300.0,-8.85675048828125,-3.1256303787231445,-0.7487865686416626
1544,82400.0,-19.20400047302246,6.103000164031982,-39.152000427246094,82400.0,0.5763513445854187,0.16035212576389313,0.09834930300712584,82400.0,1000.239990234375,82400.0,-0.010570526123046877,-1.3174324035644531,-0.3777437806129456,82400.0,-8.938904762268066,-4.024098873138429,-0.2701157629489899,82400.0,-9.354744911193848,-4.300584793090819,-3.138199806213379
1545,82500.0,-19.20400047302246,2.657999992370605,-39.152000427246094,82500.0,0.5763513445854187,0.16035212576389313,0.09834930300712584,82500.0,1000.239990234375,82500.0,-0.010570526123046877,-1.3174324035644531,-0.3777437806129456,82500.0,-8.938904762268066,-4.024098873138429,-0.2701157629489899,82500.0,-9.354744911193848,-4.300584793090819,-3.138199806213379
1546,82600.0,-22.24799919128418,-0.08299999684095383,-35.20899963378906,82600.0,0.3521638214588165,-0.8665123581886292,0.6768386960029602,82600.0,1000.2999877929688,82600.0,0.8535537719726562,-2.5548832416534424,-0.2906101942062378,82600.0,-9.118520736694336,-3.604447841644287,-0.17591537535190582,82600.0,-9.129091262817383,-4.92188024520874,-0.5536591410636902
1547,82700.0,-25.5310001373291,-1.1239999532699585,-31.07200050354004,82700.0,0.206777885556221,-0.3219259977340698,1.3991868495941162,82700.0,1000.1900024414064,82700.0,0.8535537719726562,-2.5548832416534424,-0.2906101942062378,82700.0,-9.118520736694336,-3.604447841644287,-0.17591537535190582,82700.0,-9.129091262817383,-4.92188024520874,-0.5536591410636902
1548,82800.0,-27.488000869750977,-0.3930000066757202,-28.12100028991699,82800.0,0.206777885556221,-0.3219259977340698,1.3991868495941162,82800.0,1000.1900024414064,82800.0,1.7043437957763672,-2.2708210945129395,0.9425842165946959,82800.0,-9.305684089660645,-2.7255284786224365,1.4649661779403689,82800.0,-8.452130317687987,-5.280411720275879,1.1743559837341309
1549,82900.0,-30.21299934387207,-0.3930000066757202,-23.138999938964844,82900.0,-0.4056145250797272,-0.7299839854240417,0.3671300113201141,82900.0,1000.2100219726564,82900.0,4.821670055389403,0.2806485891342163,0.5208234786987305,82900.0,-9.670451164245604,-1.482688546180725,0.6741004586219788,82900.0,-7.966107368469237,-3.7535097599029537,1.6166846752166748
1550,82500.0,-19.20400047302246,2.657999992370605,-39.152000427246094,82500.0,0.5763513445854187,0.16035212576389313,0.09834930300712584,82500.0,1000.239990234375,82500.0,-0.010570526123046877,-1.3174324035644531,-0.3777437806129456,82500.0,-8.938904762268066,-4.024098873138429,-0.2701157629489899,82500.0,-9.354744911193848,-4.300584793090819,-3.138199806213379
1551,82600.0,-22.24799919128418,-0.08299999684095383,-35.20899963378906,82600.0,0.3521638214588165,-0.8665123581886292,0.6768386960029602,82600.0,1000.2999877929688,82600.0,0.8535537719726562,-2.5548832416534424,-0.2906101942062378,82600.0,-9.118520736694336,-3.604447841644287,-0.17591537535190582,82600.0,-9.129091262817383,-4.92188024520874,-0.5536591410636902
1552,82700.0,-25.5310001373291,-1.1239999532699585,-31.07200050354004,82700.0,0.206777885556221,-0.3219259977340698,1.3991868495941162,82700.0,1000.1900024414064,82700.0,0.8535537719726562,-2.5548832416534424,-0.2906101942062378,82700.0,-9.118520736694336,-3.604447841644287,-0.17591537535190582,82700.0,-9.129091262817383,-4.92188024520874,-0.5536591410636902
1553,82800.0,-27.488000869750977,-0.3930000066757202,-28.12100028991699,82800.0,0.206777885556221,-0.3219259977340698,1.3991868495941162,82800.0,1000.1900024414064,82800.0,1.7043437957763672,-2.2708210945129395,0.9425842165946959,82800.0,-9.305684089660645,-2.7255284786224365,1.4649661779403689,82800.0,-8.452130317687987,-5.280411720275879,1.1743559837341309
1554,82900.0,-30.21299934387207,-0.3930000066757202,-23.138999938964844,82900.0,-0.4056145250797272,-0.7299839854240417,0.3671300113201141,82900.0,1000.2100219726564,82900.0,4.821670055389403,0.2806485891342163,0.5208234786987305,82900.0,-9.670451164245604,-1.482688546180725,0.6741004586219788,82900.0,-7.966107368469237,-3.7535097599029537,1.6166846752166748
1555,83000.0,-32.437000274658196,5.119999885559082,-18.506999969482425,83000.0,-0.4056145250797272,-0.7299839854240417,0.3671300113201141,83000.0,1000.2100219726564,83000.0,4.821670055389403,0.2806485891342163,0.5208234786987305,83000.0,-9.670451164245604,-1.482688546180725,0.6741004586219788,83000.0,-7.966107368469237,-3.7535097599029537,1.6166846752166748
1556,83100.0,-32.437000274658196,6.176000118255615,-17.155000686645508,83100.0,-0.08338310569524765,-0.5885686874389648,-0.9676105380058287,83100.0,1000.260009765625,83100.0,-10.53500270843506,-2.049060106277466,-6.702012062072754,83100.0,-9.58493423461914,-0.7930077314376831,1.9158751964569087,83100.0,-4.763264179229736,-0.5123591423034668,2.43669867515564
1557,83200.0,-31.708999633789066,3.3320000171661377,-20.35300064086914,83200.0,-0.08338310569524765,-0.5885686874389648,-0.9676105380058287,83200.0,1000.260009765625,83200.0,-10.53500270843506,-2.049060106277466,-6.702012062072754,83200.0,-9.58493423461914,-0.7930077314376831,1.9158751964569087,83200.0,-4.763264179229736,-0.5123591423034668,2.43669867515564
1558,83300.0,-32.0260009765625,0.8849999904632568,-19.920000076293945,83300.0,-0.37598755955696106,2.273029565811157,-0.9550877809524536,83300.0,1000.1799926757812,83300.0,1.4815263748168943,0.7159295082092285,4.027942657470703,83300.0,-9.07410717010498,-2.2820508480072017,2.936531543731689,83300.0,-19.60910987854004,-4.331110954284668,-3.765480756759644
1559,83400.0,-29.77199935913086,-2.805999994277954,-22.71999931335449,83400.0,-0.37598755955696106,2.273029565811157,-0.9550877809524536,83400.0,1000.1799926757812,83400.0,1.4815263748168943,0.7159295082092285,4.027942657470703,83400.0,-9.07410717010498,-2.2820508480072017,2.936531543731689,83400.0,-19.60910987854004,-4.331110954284668,-3.765480756759644
1560,83000.0,-32.437000274658196,5.119999885559082,-18.506999969482425,83000.0,-0.4056145250797272,-0.7299839854240417,0.3671300113201141,83000.0,1000.2100219726564,83000.0,4.821670055389403,0.2806485891342163,0.5208234786987305,83000.0,-9.670451164245604,-1.482688546180725,0.6741004586219788,83000.0,-7.966107368469237,-3.7535097599029537,1.6166846752166748
1561,83100.0,-32.437000274658196,6.176000118255615,-17.155000686645508,83100.0,-0.08338310569524765,-0.5885686874389648,-0.9676105380058287,83100.0,1000.260009765625,83100.0,-10.53500270843506,-2.049060106277466,-6.702012062072754,83100.0,-9.58493423461914,-0.7930077314376831,1.9158751964569087,83100.0,-4.763264179229736,-0.5123591423034668,2.43669867515564
1562,83200.0,-31.708999633789066,3.3320000171661377,-20.35300064086914,83200.0,-0.08338310569524765,-0.5885686874389648,-0.9676105380058287,83200.0,1000.260009765625,83200.0,-10.53500270843506,-2.049060106277466,-6.702012062072754,83200.0,-9.58493423461914,-0.7930077314376831,1.9158751964569087,83200.0,-4.763264179229736,-0.5123591423034668,2.43669867515564
1563,83300.0,-32.0260009765625,0.8849999904632568,-19.920000076293945,83300.0,-0.37598755955696106,2.273029565811157,-0.9550877809524536,83300.0,1000.1799926757812,83300.0,1.4815263748168943,0.7159295082092285,4.027942657470703,83300.0,-9.07410717010498,-2.2820508480072017,2.936531543731689,83300.0,-19.60910987854004,-4.331110954284668,-3.765480756759644
1564,83400.0,-29.77199935913086,-2.805999994277954,-22.71999931335449,83400.0,-0.37598755955696106,2.273029565811157,-0.9550877809524536,83400.0,1000.1799926757812,83400.0,1.4815263748168943,0.7159295082092285,4.027942657470703,83400.0,-9.07410717010498,-2.2820508480072017,2.936531543731689,83400.0,-19.60910987854004,-4.331110954284668,-3.765480756759644
1565,83500.0,-27.25200080871582,-4.205999851226807,-25.57600021362305,83500.0,-0.4050036668777466,0.6075055003166199,-0.2025018334388733,83500.0,1000.260009765625,83500.0,0.6196413040161133,-0.2238798141479492,0.4803367257118225,83500.0,-7.582551002502441,-4.912366390228272,-3.8136615753173833,83500.0,-6.101024627685548,-4.196436882019043,0.21428105235099792
1566,83600.0,-25.95000076293945,-4.132999897003174,-27.43899917602539,83600.0,-0.228158175945282,0.3930917978286743,-0.008246680721640587,83600.0,1000.1799926757812,83600.0,0.4890918731689453,-1.1060502529144287,0.07015377283096312,83600.0,-8.880834579467773,-3.9115052223205566,-1.414673924446106,83600.0,-8.26119327545166,-4.135385036468507,-0.9343371987342834
1567,83700.0,-24.45199966430664,-4.0310001373291025,-28.23699951171875,83700.0,-0.228158175945282,0.3930917978286743,-0.008246680721640587,83700.0,1000.1799926757812,83700.0,0.4890918731689453,-1.1060502529144287,0.07015377283096312,83700.0,-8.880834579467773,-3.9115052223205566,-1.414673924446106,83700.0,-8.26119327545166,-4.135385036468507,-0.9343371987342834
1568,83800.0,-24.03400039672852,-4.0310001373291025,-28.23699951171875,83800.0,0.07635815441608429,0.11392636597156525,-0.3845396637916565,83800.0,1000.239990234375,83800.0,0.021457672119140625,0.9948582649230956,-1.1032137870788574,83800.0,-9.011252403259276,-3.737419843673706,-0.9997025728225708,83800.0,-8.522160530090332,-4.843470096588135,-0.9295487999916076
1569,83900.0,-23.61100006103516,-4.0310001373291025,-28.774999618530273,83900.0,0.07635815441608429,0.11392636597156525,-0.3845396637916565,83900.0,1000.239990234375,83900.0,0.021457672119140625,0.9948582649230956,-1.1032137870788574,83900.0,-9.011252403259276,-3.737419843673706,-0.9997025728225708,83900.0,-8.522160530090332,-4.843470096588135,-0.9295487999916076
1570,83500.0,-27.25200080871582,-4.205999851226807,-25.57600021362305,83500.0,-0.4050036668777466,0.6075055003166199,-0.2025018334388733,83500.0,1000.260009765625,83500.0,0.6196413040161133,-0.2238798141479492,0.4803367257118225,83500.0,-7.582551002502441,-4.912366390228272,-3.8136615753173833,83500.0,-6.101024627685548,-4.196436882019043,0.21428105235099792
1571,83600.0,-25.95000076293945,-4.132999897003174,-27.43899917602539,83600.0,-0.228158175945282,0.3930917978286743,-0.008246680721640587,83600.0,1000.1799926757812,83600.0,0.4890918731689453,-1.1060502529144287,0.07015377283096312,83600.0,-8.880834579467773,-3.9115052223205566,-1.414673924446106,83600.0,-8.26119327545166,-4.135385036468507,-0.9343371987342834
1572,83700.0,-24.45199966430664,-4.0310001373291025,-28.23699951171875,83700.0,-0.228158175945282,0.3930917978286743,-0.008246680721640587,83700.0,1000.1799926757812,83700.0,0.4890918731689453,-1.1060502529144287,0.07015377283096312,83700.0,-8.880834579467773,-3.9115052223205566,-1.414673924446106,83700.0,-8.26119327545166,-4.135385036468507,-0.9343371987342834
1573,83800.0,-24.03400039672852,-4.0310001373291025,-28.23699951171875,83800.0,0.07635815441608429,0.11392636597156525,-0.3845396637916565,83800.0,1000.239990234375,83800.0,0.021457672119140625,0.9948582649230956,-1.1032137870788574,83800.0,-9.011252403259276,-3.737419843673706,-0.9997025728225708,83800.0,-8.522160530090332,-4.843470096588135,-0.9295487999916076
1574,83900.0,-23.61100006103516,-4.0310001373291025,-28.774999618530273,83900.0,0.07635815441608429,0.11392636597156525,-0.3845396637916565,83900.0,1000.239990234375,83900.0,0.021457672119140625,0.9948582649230956,-1.1032137870788574,83900.0,-9.011252403259276,-3.737419843673706,-0.9997025728225708,83900.0,-8.522160530090332,-4.843470096588135,-0.9295487999916076
1575,84000.0,-22.937000274658203,-4.374000072479248,-29.42600059509277,84000.0,0.6527095437049866,0.1936442852020264,-0.15760323405265808,84000.0,1000.1799926757812,84000.0,-1.9450531005859373,-1.5322432518005369,-2.654731273651123,84000.0,-8.781841278076174,-4.339558124542236,-0.4667840003967285,84000.0,-8.760383605957031,-3.3446998596191406,-1.569997787475586
1576,84100.0,-22.225000381469727,-8.116999626159668,-29.746999740600586,84100.0,0.6527095437049866,0.1936442852020264,-0.15760323405265808,84100.0,1000.1799926757812,84100.0,-1.9450531005859373,-1.5322432518005369,-2.654731273651123,84100.0,-8.781841278076174,-4.339558124542236,-0.4667840003967285,84100.0,-8.760383605957031,-3.3446998596191406,-1.569997787475586
1577,84200.0,-21.902999877929688,-11.371999740600586,-29.746999740600586,84200.0,0.6065891981124878,-0.2553416788578033,0.07238753139972688,84200.0,1000.219970703125,84200.0,0.7274980545043945,-2.2594871520996094,0.17232933640480042,84200.0,-8.894695281982422,-4.1078972816467285,-0.4242120981216431,84200.0,-10.83974838256836,-5.6401405334472665,-3.078943490982056
1578,84300.0,-21.902999877929688,-13.31999969482422,-26.916000366210927,84300.0,0.6065891981124878,-0.2553416788578033,0.07238753139972688,84300.0,1000.219970703125,84300.0,0.7274980545043945,-2.2594871520996094,0.17232933640480042,84300.0,-8.894695281982422,-4.1078972816467285,-0.4242120981216431,84300.0,-10.83974838256836,-5.6401405334472665,-3.078943490982056
1579,84400.0,-24.14699935913086,-14.39799976348877,-23.10000038146973,84400.0,0.4874704778194428,-0.8191702961921692,0.4877758920192719,84400.0,1000.1900024414064,84400.0,0.5604772567749023,-1.4002904891967771,-1.3712316751480105,84400.0,-8.99587345123291,-3.885829925537109,0.3807312548160553,84400.0,-8.268375396728517,-6.145317077636719,0.5530605912208557
1580,84000.0,-22.937000274658203,-4.374000072479248,-29.42600059509277,84000.0,0.6527095437049866,0.1936442852020264,-0.15760323405265808,84000.0,1000.1799926757812,84000.0,-1.9450531005859373,-1.5322432518005369,-2.654731273651123,84000.0,-8.781841278076174,-4.339558124542236,-0.4667840003967285,84000.0,-8.760383605957031,-3.3446998596191406,-1.569997787475586
1581,84100.0,-22.225000381469727,-8.116999626159668,-29.746999740600586,84100.0,0.6527095437049866,0.1936442852020264,-0.15760323405265808,84100.0,1000.1799926757812,84100.0,-1.9450531005859373,-1.5322432518005369,-2.654731273651123,84100.0,-8.781841278076174,-4.339558124542236,-0.4667840003967285,84100.0,-8.760383605957031,-3.3446998596191406,-1.569997787475586
1582,84200.0,-21.902999877929688,-11.371999740600586,-29.746999740600586,84200.0,0.6065891981124878,-0.2553416788578033,0.07238753139972688,84200.0,1000.219970703125,84200.0,0.7274980545043945,-2.2594871520996094,0.17232933640480042,84200.0,-8.894695281982422,-4.1078972816467285,-0.4242120981216431,84200.0,-10.83974838256836,-5.6401405334472665,-3.078943490982056
1583,84300.0,-21.902999877929688,-13.31999969482422,-26.916000366210927,84300.0,0.6065891981124878,-0.2553416788578033,0.07238753139972688,84300.0,1000.219970703125,84300.0,0.7274980545043945,-2.2594871520996094,0.17232933640480042,84300.0,-8.894695281982422,-4.1078972816467285,-0.4242120981216431,84300.0,-10.83974838256836,-5.6401405334472665,-3.078943490982056
1584,84400.0,-24.14699935913086,-14.39799976348877,-23.10000038146973,84400.0,0.4874704778194428,-0.8191702961921692,0.4877758920192719,84400.0,1000.1900024414064,84400.0,0.5604772567749023,-1.4002904891967771,-1.3712316751480105,84400.0,-8.99587345123291,-3.885829925537109,0.3807312548160553,84400.0,-8.268375396728517,-6.145317077636719,0.5530605912208557
1585,84500.0,-29.006000518798828,-14.39799976348877,-18.097999572753906,84500.0,0.4874704778194428,-0.8191702961921692,0.4877758920192719,84500.0,1000.1799926757812,84500.0,0.5604772567749023,-1.4002904891967771,-1.3712316751480105,84500.0,-9.184391975402832,-3.2091464996337886,1.232367992401123,84500.0,-8.62391471862793,-4.609436988830566,-0.1388636976480484
1586,84600.0,-32.013999938964844,-14.39799976348877,-13.097999572753904,84600.0,0.5112941861152649,-0.6185010671615601,1.206153392791748,84600.0,1000.1799926757812,84600.0,-0.12573528289794922,-1.1254420280456543,0.2718634605407715,84600.0,-9.184391975402832,-3.2091464996337886,1.232367992401123,84600.0,-8.62391471862793,-4.609436988830566,-0.1388636976480484
1587,84700.0,-33.705001831054695,-14.39799976348877,-12.182000160217285,84700.0,-0.008857546374201775,-0.6606507897377014,0.294437050819397,84700.0,1000.0900268554688,84700.0,3.8207597732543945,0.5811083316802979,0.2886683940887451,84700.0,-9.568387031555176,-1.8786826133728027,1.0425533056259155,84700.0,-9.694122314453123,-3.004124641418457,1.314416766166687
1588,84800.0,-37.94200134277344,-4.992000102996826,-4.808000087738037,84800.0,-0.008857546374201775,-0.6606507897377014,0.294437050819397,84800.0,1000.0900268554688,84800.0,3.8207597732543945,0.5811083316802979,0.2886683940887451,84800.0,-9.568387031555176,-1.8786826133728027,1.0425533056259155,84800.0,-9.694122314453123,-3.004124641418457,1.314416766166687
1589,84900.0,-37.54999923706055,-4.991000175476074,-4.828999996185303,84900.0,-0.11026117950677873,-0.3475823104381561,-0.5974262356758118,84900.0,1000.2000122070312,84900.0,-8.154971122741701,1.639246106147766,-3.3521547317504883,84900.0,-9.453119277954102,-1.198213815689087,2.318018674850464,84900.0,-5.632359504699707,-0.6171054840087891,2.606687068939209
1590,84500.0,-29.006000518798828,-14.39799976348877,-18.097999572753906,84500.0,0.4874704778194428,-0.8191702961921692,0.4877758920192719,84500.0,1000.1799926757812,84500.0,0.5604772567749023,-1.4002904891967771,-1.3712316751480105,84500.0,-9.184391975402832,-3.2091464996337886,1.232367992401123,84500.0,-8.62391471862793,-4.609436988830566,-0.1388636976480484
1591,84600.0,-32.013999938964844,-14.39799976348877,-13.097999572753904,84600.0,0.5112941861152649,-0.6185010671615601,1.206153392791748,84600.0,1000.1799926757812,84600.0,-0.12573528289794922,-1.1254420280456543,0.2718634605407715,84600.0,-9.184391975402832,-3.2091464996337886,1.232367992401123,84600.0,-8.62391471862793,-4.609436988830566,-0.1388636976480484
1592,84700.0,-33.705001831054695,-14.39799976348877,-12.182000160217285,84700.0,-0.008857546374201775,-0.6606507897377014,0.294437050819397,84700.0,1000.0900268554688,84700.0,3.8207597732543945,0.5811083316802979,0.2886683940887451,84700.0,-9.568387031555176,-1.8786826133728027,1.0425533056259155,84700.0,-9.694122314453123,-3.004124641418457,1.314416766166687
1593,84800.0,-37.94200134277344,-4.992000102996826,-4.808000087738037,84800.0,-0.008857546374201775,-0.6606507897377014,0.294437050819397,84800.0,1000.0900268554688,84800.0,3.8207597732543945,0.5811083316802979,0.2886683940887451,84800.0,-9.568387031555176,-1.8786826133728027,1.0425533056259155,84800.0,-9.694122314453123,-3.004124641418457,1.314416766166687
1594,84900.0,-37.54999923706055,-4.991000175476074,-4.828999996185303,84900.0,-0.11026117950677873,-0.3475823104381561,-0.5974262356758118,84900.0,1000.2000122070312,84900.0,-8.154971122741701,1.639246106147766,-3.3521547317504883,84900.0,-9.453119277954102,-1.198213815689087,2.318018674850464,84900.0,-5.632359504699707,-0.6171054840087891,2.606687068939209
1595,85000.0,-37.24499893188477,-7.623000144958496,-6.460000038146973,85000.0,-0.11026117950677873,-0.3475823104381561,-0.5974262356758118,85000.0,1000.2000122070312,85000.0,-8.154971122741701,1.639246106147766,-3.3521547317504883,85000.0,-9.453119277954102,-1.198213815689087,2.318018674850464,85000.0,-5.632359504699707,-0.6171054840087891,2.606687068939209
1596,85100.0,-37.61999893188477,-9.416999816894533,-6.138000011444093,85100.0,-0.8649851679801941,0.599564254283905,-0.8802568316459656,85100.0,1000.1900024414064,85100.0,-1.1772069931030271,-0.29489684104919434,-0.10339605808258057,85100.0,-9.289780616760254,-1.870286583900452,2.5243594646453857,85100.0,-17.444751739501953,-0.23104046285152435,-0.8277952671051025
1597,85200.0,-37.275001525878906,-12.937000274658205,-10.220000267028807,85200.0,-0.8649851679801941,0.599564254283905,-0.8802568316459656,85200.0,1000.1900024414064,85200.0,-1.1772069931030271,-0.29489684104919434,-0.10339605808258057,85200.0,-9.289780616760254,-1.870286583900452,2.5243594646453857,85200.0,-17.444751739501953,-0.23104046285152435,-0.8277952671051025
1598,85300.0,-35.97999954223633,-15.371000289916992,-15.463000297546387,85300.0,-0.14935655891895294,0.6218608021736145,-0.6185010671615601,85300.0,1000.219970703125,85300.0,-0.6215553283691406,0.5095393657684326,-0.6802671551704407,85300.0,-9.07715892791748,-3.5495924949646,1.0844202041625977,85300.0,-10.254365921020508,-3.844489336013794,0.9810241460800172
1599,85400.0,-33.323001861572266,-16.263999938964847,-18.270000457763672,85400.0,-0.16584990918636322,0.7180721163749695,-0.1820378452539444,85400.0,1000.1799926757812,85400.0,-0.6215553283691406,0.5095393657684326,-0.6802671551704407,85400.0,-8.742766380310059,-4.442015647888184,-0.05415419861674309,85400.0,-9.3643217086792,-3.9324762821197523,-0.7344213724136353
1600,85000.0,-37.24499893188477,-7.623000144958496,-6.460000038146973,85000.0,-0.11026117950677873,-0.3475823104381561,-0.5974262356758118,85000.0,1000.2000122070312,85000.0,-8.154971122741701,1.639246106147766,-3.3521547317504883,85000.0,-9.453119277954102,-1.198213815689087,2.318018674850464,85000.0,-5.632359504699707,-0.6171054840087891,2.606687068939209
1601,85100.0,-37.61999893188477,-9.416999816894533,-6.138000011444093,85100.0,-0.8649851679801941,0.599564254283905,-0.8802568316459656,85100.0,1000.1900024414064,85100.0,-1.1772069931030271,-0.29489684104919434,-0.10339605808258057,85100.0,-9.289780616760254,-1.870286583900452,2.5243594646453857,85100.0,-17.444751739501953,-0.23104046285152435,-0.8277952671051025
1602,85200.0,-37.275001525878906,-12.937000274658205,-10.220000267028807,85200.0,-0.8649851679801941,0.599564254283905,-0.8802568316459656,85200.0,1000.1900024414064,85200.0,-1.1772069931030271,-0.29489684104919434,-0.10339605808258057,85200.0,-9.289780616760254,-1.870286583900452,2.5243594646453857,85200.0,-17.444751739501953,-0.23104046285152435,-0.8277952671051025
1603,85300.0,-35.97999954223633,-15.371000289916992,-15.463000297546387,85300.0,-0.14935655891895294,0.6218608021736145,-0.6185010671615601,85300.0,1000.219970703125,85300.0,-0.6215553283691406,0.5095393657684326,-0.6802671551704407,85300.0,-9.07715892791748,-3.5495924949646,1.0844202041625977,85300.0,-10.254365921020508,-3.844489336013794,0.9810241460800172
1604,85400.0,-33.323001861572266,-16.263999938964847,-18.270000457763672,85400.0,-0.16584990918636322,0.7180721163749695,-0.1820378452539444,85400.0,1000.1799926757812,85400.0,-0.6215553283691406,0.5095393657684326,-0.6802671551704407,85400.0,-8.742766380310059,-4.442015647888184,-0.05415419861674309,85400.0,-9.3643217086792,-3.9324762821197523,-0.7344213724136353
1605,85500.0,-31.46299934387207,-16.750999450683597,-20.645999908447266,85500.0,-0.16584990918636322,0.7180721163749695,-0.1820378452539444,85500.0,1000.1799926757812,85500.0,-0.08936119079589844,1.6025798320770264,-0.09101760387420654,85500.0,-8.742766380310059,-4.442015647888184,-0.05415419861674309,85500.0,-9.3643217086792,-3.9324762821197523,-0.7344213724136353
1606,85600.0,-31.158000946044922,-16.365999221801758,-21.301000595092773,85600.0,0.27947086095809937,0.2926044464111328,-0.36010506749153137,85600.0,1000.0900268554688,85600.0,-1.1352310180664065,1.6782283782958984,0.1900204420089721,85600.0,-8.613561630249022,-4.503753662109375,-1.301210641860962,85600.0,-8.702922821044924,-2.9011738300323486,-1.3922282457351685
1607,85700.0,-31.158000946044922,-16.72800064086914,-21.211000442504886,85700.0,0.27947086095809937,0.2926044464111328,-0.36010506749153137,85700.0,1000.0900268554688,85700.0,-1.1352310180664065,1.6782283782958984,0.1900204420089721,85700.0,-8.613561630249022,-4.503753662109375,-1.301210641860962,85700.0,-8.702922821044924,-2.9011738300323486,-1.3922282457351685
1608,85800.0,-30.42700004577637,-17.416999816894528,-21.53899955749512,85800.0,0.4077525436878204,0.24556782841682434,-0.1820378452539444,85800.0,1000.1400146484376,85800.0,-2.066259384155273,-2.215733051300049,-0.14358139038085938,85800.0,-8.368552207946777,-4.906809329986572,-1.4356038570404053,85800.0,-9.503783226013184,-3.228580951690674,-1.2455834150314329
1609,85900.0,-29.711000442504893,-19.18000030517578,-21.53899955749512,85900.0,0.4077525436878204,0.24556782841682434,-0.1820378452539444,85900.0,1000.1400146484376,85900.0,-2.066259384155273,-2.215733051300049,-0.14358139038085938,85900.0,-8.368552207946777,-4.906809329986572,-1.4356038570404053,85900.0,-9.503783226013184,-3.228580951690674,-1.2455834150314329
1610,85500.0,-31.46299934387207,-16.750999450683597,-20.645999908447266,85500.0,-0.16584990918636322,0.7180721163749695,-0.1820378452539444,85500.0,1000.1799926757812,85500.0,-0.08936119079589844,1.6025798320770264,-0.09101760387420654,85500.0,-8.742766380310059,-4.442015647888184,-0.05415419861674309,85500.0,-9.3643217086792,-3.9324762821197523,-0.7344213724136353
1611,85600.0,-31.158000946044922,-16.365999221801758,-21.301000595092773,85600.0,0.27947086095809937,0.2926044464111328,-0.36010506749153137,85600.0,1000.0900268554688,85600.0,-1.1352310180664065,1.6782283782958984,0.1900204420089721,85600.0,-8.613561630249022,-4.503753662109375,-1.301210641860962,85600.0,-8.702922821044924,-2.9011738300323486,-1.3922282457351685
1612,85700.0,-31.158000946044922,-16.72800064086914,-21.211000442504886,85700.0,0.27947086095809937,0.2926044464111328,-0.36010506749153137,85700.0,1000.0900268554688,85700.0,-1.1352310180664065,1.6782283782958984,0.1900204420089721,85700.0,-8.613561630249022,-4.503753662109375,-1.301210641860962,85700.0,-8.702922821044924,-2.9011738300323486,-1.3922282457351685
1613,85800.0,-30.42700004577637,-17.416999816894528,-21.53899955749512,85800.0,0.4077525436878204,0.24556782841682434,-0.1820378452539444,85800.0,1000.1400146484376,85800.0,-2.066259384155273,-2.215733051300049,-0.14358139038085938,85800.0,-8.368552207946777,-4.906809329986572,-1.4356038570404053,85800.0,-9.503783226013184,-3.228580951690674,-1.2455834150314329
1614,85900.0,-29.711000442504893,-19.18000030517578,-21.53899955749512,85900.0,0.4077525436878204,0.24556782841682434,-0.1820378452539444,85900.0,1000.1400146484376,85900.0,-2.066259384155273,-2.215733051300049,-0.14358139038085938,85900.0,-8.368552207946777,-4.906809329986572,-1.4356038570404053,85900.0,-9.503783226013184,-3.228580951690674,-1.2455834150314329
1615,86000.0,-29.40500068664551,-22.43600082397461,-21.53899955749512,86000.0,0.7046330571174622,0.19089539349079127,0.2177734673023224,86000.0,1000.1900024414064,86000.0,-1.078373908996582,-1.5331883430480957,2.032356977462769,86000.0,-8.180325508117676,-5.244599342346191,-1.3216700553894043,86000.0,-10.24658489227295,-7.46033239364624,-1.4652514457702637
1616,86100.0,-29.069000244140625,-22.572999954223643,-16.0,86100.0,0.7046330571174622,0.19089539349079127,0.2177734673023224,86100.0,1000.1900024414064,86100.0,-1.078373908996582,-1.5331883430480957,2.032356977462769,86100.0,-8.180325508117676,-5.244599342346191,-1.3216700553894043,86100.0,-10.24658489227295,-7.46033239364624,-1.4652514457702637
1617,86200.0,-33.167999267578125,-22.21299934387207,-9.437000274658203,86200.0,0.5650503635406494,-0.8249735236167908,0.4239404797554016,86200.0,1000.0900268554688,86200.0,1.0260124206542969,-2.1178236007690434,0.3595868349075317,86200.0,-8.438577651977539,-4.945521354675293,-0.7089619636535645,86200.0,-9.51695156097412,-6.478709697723389,1.323395013809204
1618,86300.0,-36.262001037597656,-21.791000366210934,-4.669000148773193,86300.0,0.7440338730812073,-0.5531384944915771,1.3845261335372925,86300.0,1000.0599975585938,86300.0,1.0260124206542969,-2.1178236007690434,0.3595868349075317,86300.0,-8.76526927947998,-4.227409362792969,1.2122066020965576,86300.0,-7.739256858825684,-6.345232963562013,1.5717934370040894
1619,86400.0,-38.94300079345703,-14.128999710083008,0.8140000104904175,86400.0,0.7440338730812073,-0.5531384944915771,1.3845261335372925,86400.0,1000.0599975585938,86400.0,1.847543716430664,-0.15247571468353271,-0.4888379573822022,86400.0,-8.76526927947998,-4.227409362792969,1.2122066020965576,86400.0,-7.739256858825684,-6.345232963562013,1.5717934370040894
1620,86000.0,-29.40500068664551,-22.43600082397461,-21.53899955749512,86000.0,0.7046330571174622,0.19089539349079127,0.2177734673023224,86000.0,1000.1900024414064,86000.0,-1.078373908996582,-1.5331883430480957,2.032356977462769,86000.0,-8.180325508117676,-5.244599342346191,-1.3216700553894043,86000.0,-10.24658489227295,-7.46033239364624,-1.4652514457702637
1621,86100.0,-29.069000244140625,-22.572999954223643,-16.0,86100.0,0.7046330571174622,0.19089539349079127,0.2177734673023224,86100.0,1000.1900024414064,86100.0,-1.078373908996582,-1.5331883430480957,2.032356977462769,86100.0,-8.180325508117676,-5.244599342346191,-1.3216700553894043,86100.0,-10.24658489227295,-7.46033239364624,-1.4652514457702637
1622,86200.0,-33.167999267578125,-22.21299934387207,-9.437000274658203,86200.0,0.5650503635406494,-0.8249735236167908,0.4239404797554016,86200.0,1000.0900268554688,86200.0,1.0260124206542969,-2.1178236007690434,0.3595868349075317,86200.0,-8.438577651977539,-4.945521354675293,-0.7089619636535645,86200.0,-9.51695156097412,-6.478709697723389,1.323395013809204
1623,86300.0,-36.262001037597656,-21.791000366210934,-4.669000148773193,86300.0,0.7440338730812073,-0.5531384944915771,1.3845261335372925,86300.0,1000.0599975585938,86300.0,1.0260124206542969,-2.1178236007690434,0.3595868349075317,86300.0,-8.76526927947998,-4.227409362792969,1.2122066020965576,86300.0,-7.739256858825684,-6.345232963562013,1.5717934370040894
1624,86400.0,-38.94300079345703,-14.128999710083008,0.8140000104904175,86400.0,0.7440338730812073,-0.5531384944915771,1.3845261335372925,86400.0,1000.0599975585938,86400.0,1.847543716430664,-0.15247571468353271,-0.4888379573822022,86400.0,-8.76526927947998,-4.227409362792969,1.2122066020965576,86400.0,-7.739256858825684,-6.345232963562013,1.5717934370040894
1625,86500.0,-39.86199951171875,-6.077000141143799,5.460999965667725,86500.0,-0.10231992602348328,-0.769079327583313,-0.3045163154602051,86500.0,1000.0999755859376,86500.0,2.655177116394043,2.1378145217895512,-1.1282973289489746,86500.0,-9.339599609375,-1.4420626163482666,2.6196775436401367,86500.0,-7.492055892944336,-1.594538331031799,2.1308395862579346
1626,86600.0,-40.19900131225586,-4.519000053405762,7.15399980545044,86600.0,-0.10231992602348328,-0.769079327583313,-0.3045163154602051,86600.0,1000.0999755859376,86600.0,2.655177116394043,2.1378145217895512,-1.1282973289489746,86600.0,-9.339599609375,-1.4420626163482666,2.6196775436401367,86600.0,-7.492055892944336,-1.594538331031799,2.1308395862579346
1627,86700.0,-40.19900131225586,-6.541999816894531,4.698999881744385,86700.0,-0.3597996234893799,0.3591887652873993,-0.5073235630989075,86700.0,1000.1500244140624,86700.0,2.7490553855896,-0.02909374237060547,0.7625408172607422,86700.0,-8.800494194030762,-1.781078577041626,3.9432799816131587,86700.0,-6.145317077636719,0.3567360639572144,2.814982652664185
1628,86800.0,-40.5009994506836,-9.883999824523926,2.003000020980835,86800.0,-0.3597996234893799,0.3591887652873993,-0.5073235630989075,86800.0,1000.1500244140624,86800.0,2.7490553855896,-0.02909374237060547,0.7625408172607422,86800.0,-8.800494194030762,-1.781078577041626,3.9432799816131587,86800.0,-6.145317077636719,0.3567360639572144,2.814982652664185
1629,86900.0,-40.14699935913086,-14.508000373840332,-2.838000059127808,86900.0,-0.3359758853912353,-0.206777885556221,-0.6050620079040527,86900.0,1000.1500244140624,86900.0,0.9728417396545408,-1.14680814743042,-5.883798599243164,86900.0,-8.80758285522461,-2.727231025695801,3.340522289276123,86900.0,-6.05852746963501,-2.7563247680664062,4.103063106536865
1630,86500.0,-39.86199951171875,-6.077000141143799,5.460999965667725,86500.0,-0.10231992602348328,-0.769079327583313,-0.3045163154602051,86500.0,1000.0999755859376,86500.0,2.655177116394043,2.1378145217895512,-1.1282973289489746,86500.0,-9.339599609375,-1.4420626163482666,2.6196775436401367,86500.0,-7.492055892944336,-1.594538331031799,2.1308395862579346
1631,86600.0,-40.19900131225586,-4.519000053405762,7.15399980545044,86600.0,-0.10231992602348328,-0.769079327583313,-0.3045163154602051,86600.0,1000.0999755859376,86600.0,2.655177116394043,2.1378145217895512,-1.1282973289489746,86600.0,-9.339599609375,-1.4420626163482666,2.6196775436401367,86600.0,-7.492055892944336,-1.594538331031799,2.1308395862579346
1632,86700.0,-40.19900131225586,-6.541999816894531,4.698999881744385,86700.0,-0.3597996234893799,0.3591887652873993,-0.5073235630989075,86700.0,1000.1500244140624,86700.0,2.7490553855896,-0.02909374237060547,0.7625408172607422,86700.0,-8.800494194030762,-1.781078577041626,3.9432799816131587,86700.0,-6.145317077636719,0.3567360639572144,2.814982652664185
1633,86800.0,-40.5009994506836,-9.883999824523926,2.003000020980835,86800.0,-0.3597996234893799,0.3591887652873993,-0.5073235630989075,86800.0,1000.1500244140624,86800.0,2.7490553855896,-0.02909374237060547,0.7625408172607422,86800.0,-8.800494194030762,-1.781078577041626,3.9432799816131587,86800.0,-6.145317077636719,0.3567360639572144,2.814982652664185
1634,86900.0,-40.14699935913086,-14.508000373840332,-2.838000059127808,86900.0,-0.3359758853912353,-0.206777885556221,-0.6050620079040527,86900.0,1000.1500244140624,86900.0,0.9728417396545408,-1.14680814743042,-5.883798599243164,86900.0,-8.80758285522461,-2.727231025695801,3.340522289276123,86900.0,-6.05852746963501,-2.7563247680664062,4.103063106536865
1635,87000.0,-37.89599990844727,-16.46500015258789,-7.618000030517577,87000.0,-0.3359758853912353,-0.206777885556221,-0.6050620079040527,87000.0,1000.1500244140624,87000.0,0.9728417396545408,-1.14680814743042,-5.883798599243164,87000.0,-8.80758285522461,-2.727231025695801,3.340522289276123,87000.0,-6.05852746963501,-2.7563247680664062,4.103063106536865
1636,87100.0,-36.09000015258789,-17.656999588012695,-11.407999992370605,87100.0,-0.6536257863044739,0.6679811477661133,-0.180816113948822,87100.0,1000.1799926757812,87100.0,0.4969358444213867,0.392521858215332,-2.2388935089111333,87100.0,-8.402647972106934,-3.86066484451294,3.2651405334472656,87100.0,-7.429806232452393,-5.0074729919433585,-2.6186580657958984
1637,87200.0,-35.595001220703125,-17.299999237060547,-12.781999588012695,87200.0,0.19853121042251587,-0.6398813724517822,-0.3191770911216736,87200.0,1000.1900024414064,87200.0,0.4969358444213867,0.392521858215332,-2.2388935089111333,87200.0,-8.402647972106934,-3.86066484451294,3.2651405334472656,87200.0,-8.162431716918945,-3.90554141998291,-0.5919663906097412
1638,87300.0,-35.20600128173828,-17.155000686645508,-13.138999938964846,87300.0,0.19853121042251587,-0.6398813724517822,-0.3191770911216736,87300.0,1000.1900024414064,87300.0,-0.6861534118652344,1.06469988822937,-4.925824165344238,87300.0,-8.659367561340332,-4.298063278198241,1.6469272375106812,87300.0,-8.162431716918945,-3.90554141998291,-0.5919663906097412
1639,87400.0,-34.21699905395508,-17.773000717163086,-13.01200008392334,87400.0,0.25992316007614136,0.1823432743549347,-0.4178318381309509,87400.0,1000.1199951171876,87400.0,-1.4965553283691406,-0.17689990997314453,-3.6002767086029053,87400.0,-8.28791332244873,-4.527912616729736,2.6417555809021,87400.0,-8.974066734313965,-3.463212728500366,-2.28406834602356
1640,87000.0,-37.89599990844727,-16.46500015258789,-7.618000030517577,87000.0,-0.3359758853912353,-0.206777885556221,-0.6050620079040527,87000.0,1000.1500244140624,87000.0,0.9728417396545408,-1.14680814743042,-5.883798599243164,87000.0,-8.80758285522461,-2.727231025695801,3.340522289276123,87000.0,-6.05852746963501,-2.7563247680664062,4.103063106536865
1641,87100.0,-36.09000015258789,-17.656999588012695,-11.407999992370605,87100.0,-0.6536257863044739,0.6679811477661133,-0.180816113948822,87100.0,1000.1799926757812,87100.0,0.4969358444213867,0.392521858215332,-2.2388935089111333,87100.0,-8.402647972106934,-3.86066484451294,3.2651405334472656,87100.0,-7.429806232452393,-5.0074729919433585,-2.6186580657958984
1642,87200.0,-35.595001220703125,-17.299999237060547,-12.781999588012695,87200.0,0.19853121042251587,-0.6398813724517822,-0.3191770911216736,87200.0,1000.1900024414064,87200.0,0.4969358444213867,0.392521858215332,-2.2388935089111333,87200.0,-8.402647972106934,-3.86066484451294,3.2651405334472656,87200.0,-8.162431716918945,-3.90554141998291,-0.5919663906097412
1643,87300.0,-35.20600128173828,-17.155000686645508,-13.138999938964846,87300.0,0.19853121042251587,-0.6398813724517822,-0.3191770911216736,87300.0,1000.1900024414064,87300.0,-0.6861534118652344,1.06469988822937,-4.925824165344238,87300.0,-8.659367561340332,-4.298063278198241,1.6469272375106812,87300.0,-8.162431716918945,-3.90554141998291,-0.5919663906097412
1644,87400.0,-34.21699905395508,-17.773000717163086,-13.01200008392334,87400.0,0.25992316007614136,0.1823432743549347,-0.4178318381309509,87400.0,1000.1199951171876,87400.0,-1.4965553283691406,-0.17689990997314453,-3.6002767086029053,87400.0,-8.28791332244873,-4.527912616729736,2.6417555809021,87400.0,-8.974066734313965,-3.463212728500366,-2.28406834602356
1645,87500.0,-33.812999725341804,-17.773000717163086,-13.355999946594238,87500.0,0.25992316007614136,0.1823432743549347,-0.4178318381309509,87500.0,1000.1199951171876,87500.0,-1.4965553283691406,-0.17689990997314453,-3.6002767086029053,87500.0,-8.28791332244873,-4.527912616729736,2.6417555809021,87500.0,-8.974066734313965,-3.463212728500366,-2.28406834602356
1646,87600.0,-33.16299819946289,-18.51000022888184,-13.657999992370605,87600.0,0.4685336351394653,0.3121521472930908,0.0757472887635231,87600.0,1000.1300048828124,87600.0,-2.0594186782836914,0.12339210510253905,-2.329493761062622,87600.0,-8.139508247375487,-4.9041948318481445,2.422329425811768,87600.0,-9.636063575744627,-5.081094741821289,-1.1779472827911377
1647,87700.0,-32.834999084472656,-18.86400032043457,-12.760000228881836,87700.0,0.4685336351394653,0.3121521472930908,0.0757472887635231,87700.0,1000.1300048828124,87700.0,-2.0594186782836914,0.12339210510253905,-2.329493761062622,87700.0,-8.139508247375487,-4.9041948318481445,2.422329425811768,87700.0,-9.636063575744627,-5.081094741821289,-1.1779472827911377
1648,87800.0,-32.485000610351555,-19.19799995422364,-7.401999950408935,87800.0,0.3793473243713379,-0.8133670687675476,1.0427470207214355,87800.0,1000.1699829101564,87800.0,-5.0400495529174805,-0.573277473449707,-2.135049819946289,87800.0,-8.494820594787598,-4.364121913909912,2.2277402877807617,87800.0,-10.554239273071287,-4.240729808807373,-0.10175357013940813
1649,87900.0,-32.485000610351555,-12.78499984741211,-5.584000110626222,87900.0,0.3793473243713379,-0.8133670687675476,1.0427470207214355,87900.0,1000.1699829101564,87900.0,-5.0400495529174805,-0.573277473449707,-2.135049819946289,87900.0,-8.494820594787598,-4.364121913909912,2.2277402877807617,87900.0,-10.554239273071287,-4.240729808807373,-0.10175357013940813
1650,87500.0,-33.812999725341804,-17.773000717163086,-13.355999946594238,87500.0,0.25992316007614136,0.1823432743549347,-0.4178318381309509,87500.0,1000.1199951171876,87500.0,-1.4965553283691406,-0.17689990997314453,-3.6002767086029053,87500.0,-8.28791332244873,-4.527912616729736,2.6417555809021,87500.0,-8.974066734313965,-3.463212728500366,-2.28406834602356
1651,87600.0,-33.16299819946289,-18.51000022888184,-13.657999992370605,87600.0,0.4685336351394653,0.3121521472930908,0.0757472887635231,87600.0,1000.1300048828124,87600.0,-2.0594186782836914,0.12339210510253905,-2.329493761062622,87600.0,-8.139508247375487,-4.9041948318481445,2.422329425811768,87600.0,-9.636063575744627,-5.081094741821289,-1.1779472827911377
1652,87700.0,-32.834999084472656,-18.86400032043457,-12.760000228881836,87700.0,0.4685336351394653,0.3121521472930908,0.0757472887635231,87700.0,1000.1300048828124,87700.0,-2.0594186782836914,0.12339210510253905,-2.329493761062622,87700.0,-8.139508247375487,-4.9041948318481445,2.422329425811768,87700.0,-9.636063575744627,-5.081094741821289,-1.1779472827911377
1653,87800.0,-32.485000610351555,-19.19799995422364,-7.401999950408935,87800.0,0.3793473243713379,-0.8133670687675476,1.0427470207214355,87800.0,1000.1699829101564,87800.0,-5.0400495529174805,-0.573277473449707,-2.135049819946289,87800.0,-8.494820594787598,-4.364121913909912,2.2277402877807617,87800.0,-10.554239273071287,-4.240729808807373,-0.10175357013940813
1654,87900.0,-32.485000610351555,-12.78499984741211,-5.584000110626222,87900.0,0.3793473243713379,-0.8133670687675476,1.0427470207214355,87900.0,1000.1699829101564,87900.0,-5.0400495529174805,-0.573277473449707,-2.135049819946289,87900.0,-8.494820594787598,-4.364121913909912,2.2277402877807617,87900.0,-10.554239273071287,-4.240729808807373,-0.10175357013940813
1655,88000.0,-32.485000610351555,-5.144999980926514,-3.941999912261963,88000.0,0.8506298661231995,0.816726803779602,1.8454239368438718,88000.0,1000.0999755859376,88000.0,2.3005313873291016,-3.476349353790283,-0.9131603240966796,88000.0,-8.863677978515625,-2.042986392974853,3.6649446487426762,88000.0,-13.903727531433105,-2.6162638664245605,1.5298948287963867
1656,88100.0,-33.166000366210945,0.9819999933242798,-2.553999900817871,88100.0,0.2736676335334778,-1.056185960769653,0.14324790239334104,88100.0,1000.0800170898438,88100.0,2.3005313873291016,-3.476349353790283,-0.9131603240966796,88100.0,-8.863677978515625,-2.042986392974853,3.6649446487426762,88100.0,-7.090428352355957,-1.9009962081909184,1.4317326545715332
1657,88200.0,-33.166000366210945,1.631999969482422,-0.7149999737739563,88200.0,0.2736676335334778,-1.056185960769653,0.14324790239334104,88200.0,1000.0800170898438,88200.0,2.312680721282959,0.7931890487670898,-0.31940221786499023,88200.0,-9.39095973968506,1.5753531455993652,2.344892978668213,88200.0,-7.090428352355957,-1.9009962081909184,1.4317326545715332
1658,88300.0,-33.166000366210945,2.8239998817443848,-0.9120000004768372,88300.0,-0.8436049222946167,0.16340644657611847,-1.2223412990570068,88300.0,1000.0800170898438,88300.0,7.135115146636963,-5.4654083251953125,-4.158888339996338,88300.0,-8.650731086730957,2.2282934188842773,4.045977115631104,88300.0,-6.338050365447997,3.0214824676513667,3.726574897766113
1659,88400.0,-28.03899955749512,1.0479999780654907,-1.559000015258789,88400.0,-0.8436049222946167,0.16340644657611847,-1.2223412990570068,88400.0,1000.0800170898438,88400.0,7.135115146636963,-5.4654083251953125,-4.158888339996338,88400.0,-8.650731086730957,2.2282934188842773,4.045977115631104,88400.0,-6.338050365447997,3.0214824676513667,3.726574897766113
1660,88000.0,-32.485000610351555,-5.144999980926514,-3.941999912261963,88000.0,0.8506298661231995,0.816726803779602,1.8454239368438718,88000.0,1000.0999755859376,88000.0,2.3005313873291016,-3.476349353790283,-0.9131603240966796,88000.0,-8.863677978515625,-2.042986392974853,3.6649446487426762,88000.0,-13.903727531433105,-2.6162638664245605,1.5298948287963867
1661,88100.0,-33.166000366210945,0.9819999933242798,-2.553999900817871,88100.0,0.2736676335334778,-1.056185960769653,0.14324790239334104,88100.0,1000.0800170898438,88100.0,2.3005313873291016,-3.476349353790283,-0.9131603240966796,88100.0,-8.863677978515625,-2.042986392974853,3.6649446487426762,88100.0,-7.090428352355957,-1.9009962081909184,1.4317326545715332
1662,88200.0,-33.166000366210945,1.631999969482422,-0.7149999737739563,88200.0,0.2736676335334778,-1.056185960769653,0.14324790239334104,88200.0,1000.0800170898438,88200.0,2.312680721282959,0.7931890487670898,-0.31940221786499023,88200.0,-9.39095973968506,1.5753531455993652,2.344892978668213,88200.0,-7.090428352355957,-1.9009962081909184,1.4317326545715332
1663,88300.0,-33.166000366210945,2.8239998817443848,-0.9120000004768372,88300.0,-0.8436049222946167,0.16340644657611847,-1.2223412990570068,88300.0,1000.0800170898438,88300.0,7.135115146636963,-5.4654083251953125,-4.158888339996338,88300.0,-8.650731086730957,2.2282934188842773,4.045977115631104,88300.0,-6.338050365447997,3.0214824676513667,3.726574897766113
1664,88400.0,-28.03899955749512,1.0479999780654907,-1.559000015258789,88400.0,-0.8436049222946167,0.16340644657611847,-1.2223412990570068,88400.0,1000.0800170898438,88400.0,7.135115146636963,-5.4654083251953125,-4.158888339996338,88400.0,-8.650731086730957,2.2282934188842773,4.045977115631104,88400.0,-6.338050365447997,3.0214824676513667,3.726574897766113
1665,88500.0,-21.89900016784668,-3.0969998836517334,-10.958000183105467,88500.0,-0.20097467303276065,1.2559388875961304,-1.251968264579773,88500.0,1000.0800170898438,88500.0,3.7302613258361816,-5.013713836669922,-3.220475673675537,88500.0,-8.98104476928711,-0.3920060992240906,3.918869733810425,88500.0,-1.845929503440857,-5.857414245605469,-0.24001872539520264
1666,88600.0,-14.03499984741211,-7.620999813079834,-18.48200035095215,88600.0,-0.20097467303276065,1.2559388875961304,-1.251968264579773,88600.0,1000.0800170898438,88600.0,3.7302613258361816,-5.013713836669922,-3.220475673675537,88600.0,-8.98104476928711,-0.3920060992240906,3.918869733810425,88600.0,-1.845929503440857,-5.857414245605469,-0.24001872539520264
1667,88700.0,-7.901000022888184,-8.406000137329103,-20.996000289916992,88700.0,1.0051788091659546,1.2489140033721924,0.32650747895240784,88700.0,1000.1500244140624,88700.0,1.7750411033630369,2.0727219581604004,-0.4065443277359009,88700.0,-9.245305061340332,-2.830888032913208,1.6373097896575928,88700.0,-5.51504373550415,-7.844601631164551,-1.5831658840179443
1668,88800.0,-1.8960000276565552,-11.343000411987305,-20.198999404907227,88800.0,1.0051788091659546,1.2489140033721924,0.32650747895240784,88800.0,1000.1500244140624,88800.0,1.7750411033630369,2.0727219581604004,-0.4065443277359009,88800.0,-9.245305061340332,-2.830888032913208,1.6373097896575928,88800.0,-5.51504373550415,-7.844601631164551,-1.5831658840179443
1669,88900.0,2.990000009536743,-13.345999717712402,-18.302000045776367,88900.0,1.5909985303878784,2.0234911441802983,-0.7809911966323853,88900.0,1000.0800170898438,88900.0,0.13481903076171875,0.9451537132263184,0.3760080337524414,88900.0,-9.624431610107422,-1.878791570663452,-0.1040191799402237,88900.0,-7.849390506744385,0.19393034279346466,-0.5105634927749634
1670,88500.0,-21.89900016784668,-3.0969998836517334,-10.958000183105467,88500.0,-0.20097467303276065,1.2559388875961304,-1.251968264579773,88500.0,1000.0800170898438,88500.0,3.7302613258361816,-5.013713836669922,-3.220475673675537,88500.0,-8.98104476928711,-0.3920060992240906,3.918869733810425,88500.0,-1.845929503440857,-5.857414245605469,-0.24001872539520264
1671,88600.0,-14.03499984741211,-7.620999813079834,-18.48200035095215,88600.0,-0.20097467303276065,1.2559388875961304,-1.251968264579773,88600.0,1000.0800170898438,88600.0,3.7302613258361816,-5.013713836669922,-3.220475673675537,88600.0,-8.98104476928711,-0.3920060992240906,3.918869733810425,88600.0,-1.845929503440857,-5.857414245605469,-0.24001872539520264
1672,88700.0,-7.901000022888184,-8.406000137329103,-20.996000289916992,88700.0,1.0051788091659546,1.2489140033721924,0.32650747895240784,88700.0,1000.1500244140624,88700.0,1.7750411033630369,2.0727219581604004,-0.4065443277359009,88700.0,-9.245305061340332,-2.830888032913208,1.6373097896575928,88700.0,-5.51504373550415,-7.844601631164551,-1.5831658840179443
1673,88800.0,-1.8960000276565552,-11.343000411987305,-20.198999404907227,88800.0,1.0051788091659546,1.2489140033721924,0.32650747895240784,88800.0,1000.1500244140624,88800.0,1.7750411033630369,2.0727219581604004,-0.4065443277359009,88800.0,-9.245305061340332,-2.830888032913208,1.6373097896575928,88800.0,-5.51504373550415,-7.844601631164551,-1.5831658840179443
1674,88900.0,2.990000009536743,-13.345999717712402,-18.302000045776367,88900.0,1.5909985303878784,2.0234911441802983,-0.7809911966323853,88900.0,1000.0800170898438,88900.0,0.13481903076171875,0.9451537132263184,0.3760080337524414,88900.0,-9.624431610107422,-1.878791570663452,-0.1040191799402237,88900.0,-7.849390506744385,0.19393034279346466,-0.5105634927749634
1675,89000.0,8.949999809265137,-15.190999984741213,-15.258000373840332,89000.0,1.5909985303878784,2.0234911441802983,-0.7809911966323853,89000.0,1000.0800170898438,89000.0,0.13481903076171875,0.9451537132263184,0.3760080337524414,89000.0,-9.624431610107422,-1.878791570663452,-0.1040191799402237,89000.0,-8.60236644744873,-2.551620483398437,-2.381632089614868
1676,89100.0,10.694000244140623,-20.667999267578125,-13.60099983215332,89100.0,2.065335512161255,0.7272350788116455,2.573269844055176,89100.0,1000.1900024414064,89100.0,-1.2551498413085938,-11.7303466796875,3.0008847713470463,89100.0,-8.737185478210451,-3.4967741966247563,-2.7576401233673096,89100.0,-8.60236644744873,-2.551620483398437,-2.381632089614868
1677,89200.0,2.1630001068115234,-30.05200004577637,-8.215999603271483,89200.0,0.12522737681865692,-0.6432411074638367,0.6294966340065002,89200.0,1000.1799926757812,89200.0,4.901764869689941,-4.760015487670898,0.7850160002708435,89200.0,-9.423588752746582,-0.7380574345588684,-2.6118268966674805,89200.0,-10.678738594055176,-12.468403816223145,0.3890577852725983
1678,89300.0,-4.618000030517578,-34.790000915527344,-2.434999942779541,89300.0,0.12522737681865692,-0.6432411074638367,0.6294966340065002,89300.0,1000.1799926757812,89300.0,4.901764869689941,-4.760015487670898,0.7850160002708435,89300.0,-9.423588752746582,-0.7380574345588684,-2.6118268966674805,89300.0,-10.678738594055176,-12.468403816223145,0.3890577852725983
1679,89400.0,-8.090999603271483,-39.93299865722656,1.0099999904632568,89400.0,-0.6389650702476501,-1.349706768989563,-0.9190467596054076,89400.0,1000.0499877929688,89400.0,4.7164273262023935,-0.6836096048355103,1.4273802042007446,89400.0,-9.691964149475098,0.29423099756240845,-1.466166377067566,89400.0,-4.790199279785156,-4.465784549713135,-0.6811503767967224
1680,89000.0,8.949999809265137,-15.190999984741213,-15.258000373840332,89000.0,1.5909985303878784,2.0234911441802983,-0.7809911966323853,89000.0,1000.0800170898438,89000.0,0.13481903076171875,0.9451537132263184,0.3760080337524414,89000.0,-9.624431610107422,-1.878791570663452,-0.1040191799402237,89000.0,-8.60236644744873,-2.551620483398437,-2.381632089614868
1681,89100.0,10.694000244140623,-20.667999267578125,-13.60099983215332,89100.0,2.065335512161255,0.7272350788116455,2.573269844055176,89100.0,1000.1900024414064,89100.0,-1.2551498413085938,-11.7303466796875,3.0008847713470463,89100.0,-8.737185478210451,-3.4967741966247563,-2.7576401233673096,89100.0,-8.60236644744873,-2.551620483398437,-2.381632089614868
1682,89200.0,2.1630001068115234,-30.05200004577637,-8.215999603271483,89200.0,0.12522737681865692,-0.6432411074638367,0.6294966340065002,89200.0,1000.1799926757812,89200.0,4.901764869689941,-4.760015487670898,0.7850160002708435,89200.0,-9.423588752746582,-0.7380574345588684,-2.6118268966674805,89200.0,-10.678738594055176,-12.468403816223145,0.3890577852725983
1683,89300.0,-4.618000030517578,-34.790000915527344,-2.434999942779541,89300.0,0.12522737681865692,-0.6432411074638367,0.6294966340065002,89300.0,1000.1799926757812,89300.0,4.901764869689941,-4.760015487670898,0.7850160002708435,89300.0,-9.423588752746582,-0.7380574345588684,-2.6118268966674805,89300.0,-10.678738594055176,-12.468403816223145,0.3890577852725983
1684,89400.0,-8.090999603271483,-39.93299865722656,1.0099999904632568,89400.0,-0.6389650702476501,-1.349706768989563,-0.9190467596054076,89400.0,1000.0499877929688,89400.0,4.7164273262023935,-0.6836096048355103,1.4273802042007446,89400.0,-9.691964149475098,0.29423099756240845,-1.466166377067566,89400.0,-4.790199279785156,-4.465784549713135,-0.6811503767967224
1685,89500.0,-7.664000034332275,-43.83300018310547,-0.3720000088214874,89500.0,-0.6389650702476501,-1.349706768989563,-0.9190467596054076,89500.0,1000.0499877929688,89500.0,4.7164273262023935,-0.6836096048355103,1.4273802042007446,89500.0,-9.691964149475098,0.29423099756240845,-1.466166377067566,89500.0,-4.790199279785156,-4.465784549713135,-0.6811503767967224
1686,89600.0,-5.861999988555907,-48.11999893188477,0.2240000069141388,89600.0,-0.3292563557624817,-0.2785545587539673,-0.817337691783905,89600.0,1000.1400146484376,89600.0,1.267534255981445,2.71307373046875,-3.392288446426392,89600.0,-9.7035493850708,-1.1401735544204712,0.8435200452804565,89600.0,-4.987122058868408,-1.8237831592559808,2.270900249481201
1687,89700.0,-6.949999809265138,-49.94300079345703,6.079999923706055,89700.0,-0.3292563557624817,-0.2785545587539673,-0.817337691783905,89700.0,1000.1400146484376,89700.0,1.267534255981445,2.71307373046875,-3.392288446426392,89700.0,-9.7035493850708,-1.1401735544204712,0.8435200452804565,89700.0,-4.987122058868408,-1.8237831592559808,2.270900249481201
1688,89800.0,-7.675000190734862,-48.63800048828125,18.53700065612793,89800.0,2.540588617324829,2.7039949893951416,-0.5021312236785889,89800.0,1000.1199951171876,89800.0,0.8652877807617188,1.308931827545166,-4.203700065612793,89800.0,-8.087417602539062,-5.546012878417969,-0.0763113796710968,89800.0,-6.819883346557617,-2.8329391479492188,-3.468599796295166
1689,89900.0,-7.241000175476074,-41.63600158691406,33.89500045776367,89900.0,2.540588617324829,2.7039949893951416,-0.5021312236785889,89900.0,1000.1799926757812,89900.0,0.8652877807617188,1.308931827545166,-4.203700065612793,89900.0,-8.087417602539062,-5.546012878417969,-0.0763113796710968,89900.0,-6.51641845703125,-4.659116744995117,-6.666056156158447
1690,89500.0,-7.664000034332275,-43.83300018310547,-0.3720000088214874,89500.0,-0.6389650702476501,-1.349706768989563,-0.9190467596054076,89500.0,1000.0499877929688,89500.0,4.7164273262023935,-0.6836096048355103,1.4273802042007446,89500.0,-9.691964149475098,0.29423099756240845,-1.466166377067566,89500.0,-4.790199279785156,-4.465784549713135,-0.6811503767967224
1691,89600.0,-5.861999988555907,-48.11999893188477,0.2240000069141388,89600.0,-0.3292563557624817,-0.2785545587539673,-0.817337691783905,89600.0,1000.1400146484376,89600.0,1.267534255981445,2.71307373046875,-3.392288446426392,89600.0,-9.7035493850708,-1.1401735544204712,0.8435200452804565,89600.0,-4.987122058868408,-1.8237831592559808,2.270900249481201
1692,89700.0,-6.949999809265138,-49.94300079345703,6.079999923706055,89700.0,-0.3292563557624817,-0.2785545587539673,-0.817337691783905,89700.0,1000.1400146484376,89700.0,1.267534255981445,2.71307373046875,-3.392288446426392,89700.0,-9.7035493850708,-1.1401735544204712,0.8435200452804565,89700.0,-4.987122058868408,-1.8237831592559808,2.270900249481201
1693,89800.0,-7.675000190734862,-48.63800048828125,18.53700065612793,89800.0,2.540588617324829,2.7039949893951416,-0.5021312236785889,89800.0,1000.1199951171876,89800.0,0.8652877807617188,1.308931827545166,-4.203700065612793,89800.0,-8.087417602539062,-5.546012878417969,-0.0763113796710968,89800.0,-6.819883346557617,-2.8329391479492188,-3.468599796295166
1694,89900.0,-7.241000175476074,-41.63600158691406,33.89500045776367,89900.0,2.540588617324829,2.7039949893951416,-0.5021312236785889,89900.0,1000.1799926757812,89900.0,0.8652877807617188,1.308931827545166,-4.203700065612793,89900.0,-8.087417602539062,-5.546012878417969,-0.0763113796710968,89900.0,-6.51641845703125,-4.659116744995117,-6.666056156158447
1695,90000.0,-12.10099983215332,-39.03900146484375,35.53900146484375,90000.0,1.974927306175232,-2.436741352081299,0.5919284224510193,90000.0,1000.1799926757812,90000.0,0.8769044876098633,1.970884799957276,-6.232390880584718,90000.0,-7.381706237792969,-5.968048572540282,-2.4623563289642334,90000.0,-6.51641845703125,-4.659116744995117,-6.666056156158447
1696,90100.0,-18.60300064086914,-33.34600067138672,42.38199996948242,90100.0,1.4535537958145142,1.0418306589126587,-0.5528330206871033,90100.0,1000.1199951171876,90100.0,-3.8168125152587886,-0.426609992980957,-0.951133131980896,90100.0,-8.595211982727049,-2.6807656288146973,3.886671781539917,90100.0,-7.7183074951171875,-0.7098808288574219,-2.3457190990448
1697,90200.0,-19.729000091552734,-25.98200035095215,49.39099884033203,90200.0,1.4535537958145142,1.0418306589126587,-0.5528330206871033,90200.0,1000.1199951171876,90200.0,-3.8168125152587886,-0.426609992980957,-0.951133131980896,90200.0,-8.595211982727049,-2.6807656288146973,3.886671781539917,90200.0,-7.7183074951171875,-0.7098808288574219,-2.3457190990448
1698,90300.0,-17.471000671386722,-17.181999206542972,55.56999969482422,90300.0,2.1138992309570317,0.4077525436878204,1.607797384262085,90300.0,1000.1900024414064,90300.0,1.1888141632080078,-3.5037684440612797,-0.0651741623878479,90300.0,-8.097333908081055,-5.3021159172058105,-1.5783408880233765,90300.0,-11.914146423339846,-5.728725910186768,-2.5294740200042725
1699,90400.0,-14.178000450134276,-1.0889999866485596,61.18299865722656,90400.0,2.1138992309570317,0.4077525436878204,1.607797384262085,90400.0,1000.1900024414064,90400.0,1.1888141632080078,-3.5037684440612797,-0.0651741623878479,90400.0,-8.097333908081055,-5.3021159172058105,-1.5783408880233765,90400.0,-11.914146423339846,-5.728725910186768,-2.5294740200042725
1700,90000.0,-12.10099983215332,-39.03900146484375,35.53900146484375,90000.0,1.974927306175232,-2.436741352081299,0.5919284224510193,90000.0,1000.1799926757812,90000.0,0.8769044876098633,1.970884799957276,-6.232390880584718,90000.0,-7.381706237792969,-5.968048572540282,-2.4623563289642334,90000.0,-6.51641845703125,-4.659116744995117,-6.666056156158447
1701,90100.0,-18.60300064086914,-33.34600067138672,42.38199996948242,90100.0,1.4535537958145142,1.0418306589126587,-0.5528330206871033,90100.0,1000.1199951171876,90100.0,-3.8168125152587886,-0.426609992980957,-0.951133131980896,90100.0,-8.595211982727049,-2.6807656288146973,3.886671781539917,90100.0,-7.7183074951171875,-0.7098808288574219,-2.3457190990448
1702,90200.0,-19.729000091552734,-25.98200035095215,49.39099884033203,90200.0,1.4535537958145142,1.0418306589126587,-0.5528330206871033,90200.0,1000.1199951171876,90200.0,-3.8168125152587886,-0.426609992980957,-0.951133131980896,90200.0,-8.595211982727049,-2.6807656288146973,3.886671781539917,90200.0,-7.7183074951171875,-0.7098808288574219,-2.3457190990448
1703,90300.0,-17.471000671386722,-17.181999206542972,55.56999969482422,90300.0,2.1138992309570317,0.4077525436878204,1.607797384262085,90300.0,1000.1900024414064,90300.0,1.1888141632080078,-3.5037684440612797,-0.0651741623878479,90300.0,-8.097333908081055,-5.3021159172058105,-1.5783408880233765,90300.0,-11.914146423339846,-5.728725910186768,-2.5294740200042725
1704,90400.0,-14.178000450134276,-1.0889999866485596,61.18299865722656,90400.0,2.1138992309570317,0.4077525436878204,1.607797384262085,90400.0,1000.1900024414064,90400.0,1.1888141632080078,-3.5037684440612797,-0.0651741623878479,90400.0,-8.097333908081055,-5.3021159172058105,-1.5783408880233765,90400.0,-11.914146423339846,-5.728725910186768,-2.5294740200042725
1705,90500.0,-7.7880001068115225,8.8100004196167,61.303001403808594,90500.0,0.28038713335990906,-0.19975294172763824,1.7205020189285278,90500.0,1000.1099853515624,90500.0,1.882667064666748,-2.573959350585937,1.9973254203796396,90500.0,-9.591264724731444,-1.92927360534668,-0.6752327084541321,90500.0,-8.402450561523438,-5.433042049407959,-0.74040687084198
1706,90600.0,4.073999881744385,7.76200008392334,58.27299880981445,90600.0,0.28038713335990906,-0.19975294172763824,1.7205020189285278,90600.0,1000.1099853515624,90600.0,1.882667064666748,-2.573959350585937,1.9973254203796396,90600.0,-9.591264724731444,-1.92927360534668,-0.6752327084541321,90600.0,-8.402450561523438,-5.433042049407959,-0.74040687084198
1707,90700.0,9.81700038909912,7.745999813079834,56.08000183105469,90700.0,-0.2538145184516907,-1.548237919807434,0.5891795158386229,90700.0,1000.030029296875,90700.0,3.7384204864501953,1.0680110454559326,0.3582158088684082,90700.0,-9.699735641479492,-1.37946617603302,-0.4273276031017304,90700.0,-7.817068576812744,-3.953425645828247,1.569997787475586
1708,90800.0,16.344999313354492,5.894000053405763,53.1609992980957,90800.0,-0.2538145184516907,-1.548237919807434,0.5891795158386229,90800.0,1000.0599975585938,90800.0,3.7384204864501953,1.0680110454559326,0.3582158088684082,90800.0,-9.699735641479492,-1.37946617603302,-0.4273276031017304,90800.0,-5.34625244140625,-2.2200236320495605,2.039859771728516
1709,90900.0,17.02199935913086,5.958000183105469,50.38199996948242,90900.0,-0.2779437005519867,-1.0790934562683103,-0.7238753437995911,90900.0,1000.0599975585938,90900.0,1.5959367752075195,4.8727993965148935,1.3620684146881104,90900.0,-9.084672927856444,-3.288034677505493,1.6816439628601074,90900.0,-5.34625244140625,-2.2200236320495605,2.039859771728516
1710,90500.0,-7.7880001068115225,8.8100004196167,61.303001403808594,90500.0,0.28038713335990906,-0.19975294172763824,1.7205020189285278,90500.0,1000.1099853515624,90500.0,1.882667064666748,-2.573959350585937,1.9973254203796396,90500.0,-9.591264724731444,-1.92927360534668,-0.6752327084541321,90500.0,-8.402450561523438,-5.433042049407959,-0.74040687084198
1711,90600.0,4.073999881744385,7.76200008392334,58.27299880981445,90600.0,0.28038713335990906,-0.19975294172763824,1.7205020189285278,90600.0,1000.1099853515624,90600.0,1.882667064666748,-2.573959350585937,1.9973254203796396,90600.0,-9.591264724731444,-1.92927360534668,-0.6752327084541321,90600.0,-8.402450561523438,-5.433042049407959,-0.74040687084198
1712,90700.0,9.81700038909912,7.745999813079834,56.08000183105469,90700.0,-0.2538145184516907,-1.548237919807434,0.5891795158386229,90700.0,1000.030029296875,90700.0,3.7384204864501953,1.0680110454559326,0.3582158088684082,90700.0,-9.699735641479492,-1.37946617603302,-0.4273276031017304,90700.0,-7.817068576812744,-3.953425645828247,1.569997787475586
1713,90800.0,16.344999313354492,5.894000053405763,53.1609992980957,90800.0,-0.2538145184516907,-1.548237919807434,0.5891795158386229,90800.0,1000.0599975585938,90800.0,3.7384204864501953,1.0680110454559326,0.3582158088684082,90800.0,-9.699735641479492,-1.37946617603302,-0.4273276031017304,90800.0,-5.34625244140625,-2.2200236320495605,2.039859771728516
1714,90900.0,17.02199935913086,5.958000183105469,50.38199996948242,90900.0,-0.2779437005519867,-1.0790934562683103,-0.7238753437995911,90900.0,1000.0599975585938,90900.0,1.5959367752075195,4.8727993965148935,1.3620684146881104,90900.0,-9.084672927856444,-3.288034677505493,1.6816439628601074,90900.0,-5.34625244140625,-2.2200236320495605,2.039859771728516
1715,91000.0,15.373000144958494,7.162000179290772,52.49399948120117,91000.0,0.2696970105171204,0.5396994352340698,-1.6218472719192505,91000.0,1000.1099853515624,91000.0,-6.273792266845702,0.6704416275024414,-1.5859169960021973,91000.0,-8.307482719421388,-5.070321083068848,1.2033185958862305,91000.0,-6.711545944213867,-0.1975216418504715,2.565387010574341
1716,91100.0,14.298999786376953,9.88599967956543,52.236000061035156,91100.0,0.2696970105171204,0.5396994352340698,-1.6218472719192505,91100.0,1000.1099853515624,91100.0,-6.273792266845702,0.6704416275024414,-1.5859169960021973,91100.0,-8.307482719421388,-5.070321083068848,1.2033185958862305,91100.0,-6.711545944213867,-0.1975216418504715,2.565387010574341
1717,91200.0,4.6469998359680185,13.83899974822998,52.236000061035156,91200.0,0.4196644127368927,1.1875220537185671,-0.7867944240570068,91200.0,1000.1699829101564,91200.0,-5.2364654541015625,4.840046405792236,-2.4525830745697017,91200.0,-6.785381317138673,-7.047996520996094,0.674324631690979,91200.0,-13.059173583984375,-6.377554893493652,-0.9115923047065736
1718,91300.0,-1.8730000257492063,14.291999816894533,52.75799942016602,91300.0,0.4196644127368927,1.1875220537185671,-0.7867944240570068,91300.0,1000.1699829101564,91300.0,-5.2364654541015625,4.840046405792236,-2.4525830745697017,91300.0,-6.785381317138673,-7.047996520996094,0.674324631690979,91300.0,-13.059173583984375,-6.377554893493652,-0.9115923047065736
1719,91400.0,-7.611999988555907,15.218999862670898,53.474998474121094,91400.0,-0.8136724829673767,1.263574719429016,-0.3686571717262268,91400.0,1000.1400146484376,91400.0,-2.851749897003174,2.961577892303467,1.6038163900375366,91400.0,-6.1365909576416025,-7.644853591918945,-0.2624415755271912,91400.0,-11.373056411743164,-2.804807186126709,-2.715024709701538
1720,91000.0,15.373000144958494,7.162000179290772,52.49399948120117,91000.0,0.2696970105171204,0.5396994352340698,-1.6218472719192505,91000.0,1000.1099853515624,91000.0,-6.273792266845702,0.6704416275024414,-1.5859169960021973,91000.0,-8.307482719421388,-5.070321083068848,1.2033185958862305,91000.0,-6.711545944213867,-0.1975216418504715,2.565387010574341
1721,91100.0,14.298999786376953,9.88599967956543,52.236000061035156,91100.0,0.2696970105171204,0.5396994352340698,-1.6218472719192505,91100.0,1000.1099853515624,91100.0,-6.273792266845702,0.6704416275024414,-1.5859169960021973,91100.0,-8.307482719421388,-5.070321083068848,1.2033185958862305,91100.0,-6.711545944213867,-0.1975216418504715,2.565387010574341
1722,91200.0,4.6469998359680185,13.83899974822998,52.236000061035156,91200.0,0.4196644127368927,1.1875220537185671,-0.7867944240570068,91200.0,1000.1699829101564,91200.0,-5.2364654541015625,4.840046405792236,-2.4525830745697017,91200.0,-6.785381317138673,-7.047996520996094,0.674324631690979,91200.0,-13.059173583984375,-6.377554893493652,-0.9115923047065736
1723,91300.0,-1.8730000257492063,14.291999816894533,52.75799942016602,91300.0,0.4196644127368927,1.1875220537185671,-0.7867944240570068,91300.0,1000.1699829101564,91300.0,-5.2364654541015625,4.840046405792236,-2.4525830745697017,91300.0,-6.785381317138673,-7.047996520996094,0.674324631690979,91300.0,-13.059173583984375,-6.377554893493652,-0.9115923047065736
1724,91400.0,-7.611999988555907,15.218999862670898,53.474998474121094,91400.0,-0.8136724829673767,1.263574719429016,-0.3686571717262268,91400.0,1000.1400146484376,91400.0,-2.851749897003174,2.961577892303467,1.6038163900375366,91400.0,-6.1365909576416025,-7.644853591918945,-0.2624415755271912,91400.0,-11.373056411743164,-2.804807186126709,-2.715024709701538
1725,91500.0,-9.022000312805176,14.720000267028807,53.474998474121094,91500.0,-0.8136724829673767,1.263574719429016,-0.3686571717262268,91500.0,1000.1400146484376,91500.0,-2.851749897003174,2.961577892303467,1.6038163900375366,91500.0,-6.1365909576416025,-7.644853591918945,-0.2624415755271912,91500.0,-11.373056411743164,-2.804807186126709,-2.715024709701538
1726,91600.0,-8.439000129699707,13.729000091552734,53.474998474121094,91600.0,-0.16982053220272064,0.29626965522766113,-0.2767219543457031,91600.0,1000.1500244140624,91600.0,-4.1898274421691895,3.909781694412232,1.5678818225860596,91600.0,-5.508802890777588,-7.647629261016848,-2.708740472793579,91600.0,-8.360552787780763,-4.686051368713379,-1.1049240827560425
1727,91700.0,-8.116000175476074,12.781999588012695,53.78499984741211,91700.0,-0.16982053220272064,0.29626965522766113,-0.2767219543457031,91700.0,1000.1500244140624,91700.0,-4.1898274421691895,3.909781694412232,1.5678818225860596,91700.0,-5.508802890777588,-7.647629261016848,-2.708740472793579,91700.0,-8.360552787780763,-4.686051368713379,-1.1049240827560425
1728,91800.0,-8.467000007629395,11.699999809265135,53.78499984741211,91800.0,0.20036379992961886,-0.11148291081190108,-0.3353650271892548,91800.0,1000.1099853515624,91800.0,-5.5842862129211435,1.384809494018555,-0.11894559860229492,91800.0,-5.252904415130615,-7.6423420906066895,-3.18935489654541,91800.0,-9.442731857299805,-3.732560396194458,-1.6214730739593506
1729,91900.0,-8.100000381469728,11.31700038909912,53.78499984741211,91900.0,0.1963931769132614,0.06017022579908371,0.24526239931583405,91900.0,1000.1199951171876,91900.0,-3.4654407501220703,2.412952423095703,2.438592433929444,91900.0,-5.157898426055908,-7.874293327331543,-2.7499065399169917,91900.0,-10.74218463897705,-6.489483833312987,-2.868852138519287
1730,91500.0,-9.022000312805176,14.720000267028807,53.474998474121094,91500.0,-0.8136724829673767,1.263574719429016,-0.3686571717262268,91500.0,1000.1400146484376,91500.0,-2.851749897003174,2.961577892303467,1.6038163900375366,91500.0,-6.1365909576416025,-7.644853591918945,-0.2624415755271912,91500.0,-11.373056411743164,-2.804807186126709,-2.715024709701538
1731,91600.0,-8.439000129699707,13.729000091552734,53.474998474121094,91600.0,-0.16982053220272064,0.29626965522766113,-0.2767219543457031,91600.0,1000.1500244140624,91600.0,-4.1898274421691895,3.909781694412232,1.5678818225860596,91600.0,-5.508802890777588,-7.647629261016848,-2.708740472793579,91600.0,-8.360552787780763,-4.686051368713379,-1.1049240827560425
1732,91700.0,-8.116000175476074,12.781999588012695,53.78499984741211,91700.0,-0.16982053220272064,0.29626965522766113,-0.2767219543457031,91700.0,1000.1500244140624,91700.0,-4.1898274421691895,3.909781694412232,1.5678818225860596,91700.0,-5.508802890777588,-7.647629261016848,-2.708740472793579,91700.0,-8.360552787780763,-4.686051368713379,-1.1049240827560425
1733,91800.0,-8.467000007629395,11.699999809265135,53.78499984741211,91800.0,0.20036379992961886,-0.11148291081190108,-0.3353650271892548,91800.0,1000.1099853515624,91800.0,-5.5842862129211435,1.384809494018555,-0.11894559860229492,91800.0,-5.252904415130615,-7.6423420906066895,-3.18935489654541,91800.0,-9.442731857299805,-3.732560396194458,-1.6214730739593506
1734,91900.0,-8.100000381469728,11.31700038909912,53.78499984741211,91900.0,0.1963931769132614,0.06017022579908371,0.24526239931583405,91900.0,1000.1199951171876,91900.0,-3.4654407501220703,2.412952423095703,2.438592433929444,91900.0,-5.157898426055908,-7.874293327331543,-2.7499065399169917,91900.0,-10.74218463897705,-6.489483833312987,-2.868852138519287
1735,92000.0,-4.301000118255615,9.559000015258787,53.44599914550781,92000.0,0.1963931769132614,0.06017022579908371,0.24526239931583405,92000.0,1000.1199951171876,92000.0,-3.4654407501220703,2.412952423095703,2.438592433929444,92000.0,-5.157898426055908,-7.874293327331543,-2.7499065399169917,92000.0,-10.74218463897705,-6.489483833312987,-2.868852138519287
1736,92100.0,3.4130001068115234,8.789999961853027,53.11800003051758,92100.0,0.2843577861785889,-1.0589349269866943,0.9755517840385436,92100.0,1000.1699829101564,92100.0,-0.446744441986084,-0.03283071517944336,1.599355697631836,92100.0,-5.733680725097656,-7.573654174804687,-2.436198234558105,92100.0,-9.199121475219727,-5.1607017517089835,0.002394201699644327
1737,92200.0,7.857999801635742,7.927999973297119,52.73400115966797,92200.0,0.2843577861785889,-1.0589349269866943,0.9755517840385436,92200.0,1000.1699829101564,92200.0,-0.446744441986084,-0.03283071517944336,1.599355697631836,92200.0,-5.733680725097656,-7.573654174804687,-2.436198234558105,92200.0,-9.199121475219727,-5.1607017517089835,0.002394201699644327
1738,92300.0,12.144000053405762,6.9000000953674325,51.93099975585938,92300.0,0.5671883821487427,-1.161560297012329,0.9242390990257264,92300.0,1000.02001953125,92300.0,1.7028961181640625,2.0553841590881348,0.1927417516708374,92300.0,-7.419405460357666,-6.3758487701416025,-0.6865662932395935,92300.0,-7.86614990234375,-6.408679485321045,0.9127894043922424
1739,92400.0,14.491999626159668,6.9000000953674325,50.91400146484375,92400.0,0.5671883821487427,-1.161560297012329,0.9242390990257264,92400.0,1000.02001953125,92400.0,1.7028961181640625,2.0553841590881348,0.1927417516708374,92400.0,-7.419405460357666,-6.3758487701416025,-0.6865662932395935,92400.0,-7.86614990234375,-6.408679485321045,0.9127894043922424
1740,92000.0,-4.301000118255615,9.559000015258787,53.44599914550781,92000.0,0.1963931769132614,0.06017022579908371,0.24526239931583405,92000.0,1000.1199951171876,92000.0,-3.4654407501220703,2.412952423095703,2.438592433929444,92000.0,-5.157898426055908,-7.874293327331543,-2.7499065399169917,92000.0,-10.74218463897705,-6.489483833312987,-2.868852138519287
1741,92100.0,3.4130001068115234,8.789999961853027,53.11800003051758,92100.0,0.2843577861785889,-1.0589349269866943,0.9755517840385436,92100.0,1000.1699829101564,92100.0,-0.446744441986084,-0.03283071517944336,1.599355697631836,92100.0,-5.733680725097656,-7.573654174804687,-2.436198234558105,92100.0,-9.199121475219727,-5.1607017517089835,0.002394201699644327
1742,92200.0,7.857999801635742,7.927999973297119,52.73400115966797,92200.0,0.2843577861785889,-1.0589349269866943,0.9755517840385436,92200.0,1000.1699829101564,92200.0,-0.446744441986084,-0.03283071517944336,1.599355697631836,92200.0,-5.733680725097656,-7.573654174804687,-2.436198234558105,92200.0,-9.199121475219727,-5.1607017517089835,0.002394201699644327
1743,92300.0,12.144000053405762,6.9000000953674325,51.93099975585938,92300.0,0.5671883821487427,-1.161560297012329,0.9242390990257264,92300.0,1000.02001953125,92300.0,1.7028961181640625,2.0553841590881348,0.1927417516708374,92300.0,-7.419405460357666,-6.3758487701416025,-0.6865662932395935,92300.0,-7.86614990234375,-6.408679485321045,0.9127894043922424
1744,92400.0,14.491999626159668,6.9000000953674325,50.91400146484375,92400.0,0.5671883821487427,-1.161560297012329,0.9242390990257264,92400.0,1000.02001953125,92400.0,1.7028961181640625,2.0553841590881348,0.1927417516708374,92400.0,-7.419405460357666,-6.3758487701416025,-0.6865662932395935,92400.0,-7.86614990234375,-6.408679485321045,0.9127894043922424
1745,92500.0,17.86400032043457,6.9000000953674325,50.52099990844727,92500.0,0.2941316068172455,-0.6829473376274109,-0.2073887437582016,92500.0,1000.1199951171876,92500.0,1.2433633804321291,3.7087903022766113,0.4157288074493408,92500.0,-8.358777046203612,-4.86916971206665,1.6100921630859375,92500.0,-6.655880928039551,-2.813785552978516,1.802833914756775
1746,92600.0,15.100000381469727,8.649999618530272,50.52099990844727,92600.0,0.2941316068172455,-0.6829473376274109,-0.2073887437582016,92600.0,1000.1199951171876,92600.0,1.2433633804321291,3.7087903022766113,0.4157288074493408,92600.0,-8.358777046203612,-4.86916971206665,1.6100921630859375,92600.0,-6.655880928039551,-2.813785552978516,1.802833914756775
1747,92700.0,10.607000350952148,9.480999946594238,52.81800079345703,92700.0,-0.2577851414680481,0.6136141419410706,-0.6233879923820496,92700.0,1000.1300048828124,92700.0,-3.775700092315674,2.277540922164917,1.2913215160369873,92700.0,-7.980647087097168,-4.864591121673584,2.96907377243042,92700.0,-6.737283706665039,-1.1558008193969729,3.3848025798797607
1748,92800.0,4.863999843597412,9.480999946594238,54.88800048828125,92800.0,-0.41813725233078,1.0965031385421753,-0.5378668308258057,92800.0,1000.0499877929688,92800.0,1.4374885559082031,-0.22686004638671875,-0.6043450832366943,92800.0,-7.8158278465271,-5.611466884613037,1.8959596157073968,92800.0,-11.591527938842773,-3.33392596244812,3.1872811317443848
1749,92900.0,-1.2400000095367432,5.415999889373778,56.60499954223633,92900.0,-0.41813725233078,1.0965031385421753,-0.5378668308258057,92900.0,1000.0499877929688,92900.0,1.4374885559082031,-0.22686004638671875,-0.6043450832366943,92900.0,-7.8158278465271,-5.611466884613037,1.8959596157073968,92900.0,-11.591527938842773,-3.33392596244812,3.1872811317443848
1750,92500.0,17.86400032043457,6.9000000953674325,50.52099990844727,92500.0,0.2941316068172455,-0.6829473376274109,-0.2073887437582016,92500.0,1000.1199951171876,92500.0,1.2433633804321291,3.7087903022766113,0.4157288074493408,92500.0,-8.358777046203612,-4.86916971206665,1.6100921630859375,92500.0,-6.655880928039551,-2.813785552978516,1.802833914756775
1751,92600.0,15.100000381469727,8.649999618530272,50.52099990844727,92600.0,0.2941316068172455,-0.6829473376274109,-0.2073887437582016,92600.0,1000.1199951171876,92600.0,1.2433633804321291,3.7087903022766113,0.4157288074493408,92600.0,-8.358777046203612,-4.86916971206665,1.6100921630859375,92600.0,-6.655880928039551,-2.813785552978516,1.802833914756775
1752,92700.0,10.607000350952148,9.480999946594238,52.81800079345703,92700.0,-0.2577851414680481,0.6136141419410706,-0.6233879923820496,92700.0,1000.1300048828124,92700.0,-3.775700092315674,2.277540922164917,1.2913215160369873,92700.0,-7.980647087097168,-4.864591121673584,2.96907377243042,92700.0,-6.737283706665039,-1.1558008193969729,3.3848025798797607
1753,92800.0,4.863999843597412,9.480999946594238,54.88800048828125,92800.0,-0.41813725233078,1.0965031385421753,-0.5378668308258057,92800.0,1000.0499877929688,92800.0,1.4374885559082031,-0.22686004638671875,-0.6043450832366943,92800.0,-7.8158278465271,-5.611466884613037,1.8959596157073968,92800.0,-11.591527938842773,-3.33392596244812,3.1872811317443848
1754,92900.0,-1.2400000095367432,5.415999889373778,56.60499954223633,92900.0,-0.41813725233078,1.0965031385421753,-0.5378668308258057,92900.0,1000.0499877929688,92900.0,1.4374885559082031,-0.22686004638671875,-0.6043450832366943,92900.0,-7.8158278465271,-5.611466884613037,1.8959596157073968,92900.0,-11.591527938842773,-3.33392596244812,3.1872811317443848
1755,93000.0,-4.948999881744385,4.361999988555908,56.51800155639648,93000.0,-0.07177666574716568,0.4288274049758911,-0.19486601650714874,93000.0,1000.0599975585938,93000.0,-1.2212677001953125,3.3771674633026123,-1.2528517246246338,93000.0,-7.4595046043396,-6.365574359893799,-0.07500965148210527,93000.0,-6.0220160484313965,-6.592434406280518,-0.679354727268219
1756,93100.0,-7.043000221252441,3.663000106811523,56.51800155639648,93100.0,-0.07177666574716568,0.4288274049758911,-0.19486601650714874,93100.0,1000.0599975585938,93100.0,-1.2212677001953125,3.3771674633026123,-1.2528517246246338,93100.0,-7.4595046043396,-6.365574359893799,-0.07500965148210527,93100.0,-6.0220160484313965,-6.592434406280518,-0.679354727268219
1757,93200.0,-7.604000091552732,3.25,57.3129997253418,93200.0,-0.19456058740615845,-0.09468411654233932,-0.3943135142326355,93200.0,1000.0599975585938,93200.0,-0.9480967521667479,2.271144390106201,-1.1266211271286009,93200.0,-7.37092399597168,-6.427978992462157,-0.7217661738395691,93200.0,-8.592191696166992,-3.0508115291595463,-1.974617838859558
1758,93300.0,-8.138999938964844,2.0209999084472656,57.64699935913086,93300.0,-0.19456058740615845,-0.09468411654233932,-0.3943135142326355,93300.0,1000.0599975585938,93300.0,-0.9480967521667479,2.271144390106201,-1.1266211271286009,93300.0,-7.37092399597168,-6.427978992462157,-0.7217661738395691,93300.0,-8.592191696166992,-3.0508115291595463,-1.974617838859558
1759,93400.0,-7.743000030517577,-1.0110000371932983,57.64699935913086,93400.0,-0.17776179313659668,0.04734205827116966,-0.39461895823478704,93400.0,1000.0399780273438,93400.0,-2.2655344009399414,2.9616541862487797,-0.4752662181854248,93400.0,-7.062901973724365,-6.756082534790039,-0.8007112741470337,93400.0,-8.010998725891112,-4.484938144683838,-1.9273324012756348
1760,93000.0,-4.948999881744385,4.361999988555908,56.51800155639648,93000.0,-0.07177666574716568,0.4288274049758911,-0.19486601650714874,93000.0,1000.0599975585938,93000.0,-1.2212677001953125,3.3771674633026123,-1.2528517246246338,93000.0,-7.4595046043396,-6.365574359893799,-0.07500965148210527,93000.0,-6.0220160484313965,-6.592434406280518,-0.679354727268219
1761,93100.0,-7.043000221252441,3.663000106811523,56.51800155639648,93100.0,-0.07177666574716568,0.4288274049758911,-0.19486601650714874,93100.0,1000.0599975585938,93100.0,-1.2212677001953125,3.3771674633026123,-1.2528517246246338,93100.0,-7.4595046043396,-6.365574359893799,-0.07500965148210527,93100.0,-6.0220160484313965,-6.592434406280518,-0.679354727268219
1762,93200.0,-7.604000091552732,3.25,57.3129997253418,93200.0,-0.19456058740615845,-0.09468411654233932,-0.3943135142326355,93200.0,1000.0599975585938,93200.0,-0.9480967521667479,2.271144390106201,-1.1266211271286009,93200.0,-7.37092399597168,-6.427978992462157,-0.7217661738395691,93200.0,-8.592191696166992,-3.0508115291595463,-1.974617838859558
1763,93300.0,-8.138999938964844,2.0209999084472656,57.64699935913086,93300.0,-0.19456058740615845,-0.09468411654233932,-0.3943135142326355,93300.0,1000.0599975585938,93300.0,-0.9480967521667479,2.271144390106201,-1.1266211271286009,93300.0,-7.37092399597168,-6.427978992462157,-0.7217661738395691,93300.0,-8.592191696166992,-3.0508115291595463,-1.974617838859558
1764,93400.0,-7.743000030517577,-1.0110000371932983,57.64699935913086,93400.0,-0.17776179313659668,0.04734205827116966,-0.39461895823478704,93400.0,1000.0399780273438,93400.0,-2.2655344009399414,2.9616541862487797,-0.4752662181854248,93400.0,-7.062901973724365,-6.756082534790039,-0.8007112741470337,93400.0,-8.010998725891112,-4.484938144683838,-1.9273324012756348
1765,93500.0,-7.743000030517577,-3.3199999332427983,57.95800018310547,93500.0,-0.17776179313659668,0.04734205827116966,-0.39461895823478704,93500.0,1000.0399780273438,93500.0,-2.2655344009399414,2.9616541862487797,-0.4752662181854248,93500.0,-7.062901973724365,-6.756082534790039,-0.8007112741470337,93500.0,-8.010998725891112,-4.484938144683838,-1.9273324012756348
1766,93600.0,-7.743000030517577,-4.576000213623047,58.32500076293945,93600.0,0.3344487249851227,-0.11026117950677873,-0.2696970105171204,93600.0,1000.1099853515624,93600.0,-3.6364774703979488,0.4251766204833984,-1.006387710571289,93600.0,-6.754620552062987,-7.032395839691162,-1.044453263282776,93600.0,-9.02015495300293,-4.070741653442384,-1.519719481468201
1767,93700.0,-7.00600004196167,-4.1479997634887695,59.38199996948242,93700.0,0.8316930532455444,-0.2165517359972,0.8374962806701659,93700.0,1000.1699829101564,93700.0,-0.8976263999938965,2.1403779983520512,-1.5739388465881348,93700.0,-6.62985897064209,-7.212738513946532,-0.4379144608974457,93700.0,-10.266336441040039,-6.787561893463135,-1.4443022012710571
1768,93800.0,0.4239999949932097,-4.453999996185303,60.93899917602539,93800.0,0.8316930532455444,-0.2165517359972,0.8374962806701659,93800.0,1000.1699829101564,93800.0,-0.8976263999938965,2.1403779983520512,-1.5739388465881348,93800.0,-6.62985897064209,-7.212738513946532,-0.4379144608974457,93800.0,-10.266336441040039,-6.787561893463135,-1.4443022012710571
1769,93900.0,6.578000068664551,-3.3580000400543213,62.01100158691406,93900.0,0.3488040566444397,-0.7602217793464661,0.8246681094169617,93900.0,1000.0700073242188,93900.0,-2.349654197692871,-0.09221506118774414,-0.64552903175354,93900.0,-7.808290004730225,-5.869347095489503,0.86705082654953,93900.0,-8.705916404724121,-3.728969097137451,-0.7068880796432495
1770,93500.0,-7.743000030517577,-3.3199999332427983,57.95800018310547,93500.0,-0.17776179313659668,0.04734205827116966,-0.39461895823478704,93500.0,1000.0399780273438,93500.0,-2.2655344009399414,2.9616541862487797,-0.4752662181854248,93500.0,-7.062901973724365,-6.756082534790039,-0.8007112741470337,93500.0,-8.010998725891112,-4.484938144683838,-1.9273324012756348
1771,93600.0,-7.743000030517577,-4.576000213623047,58.32500076293945,93600.0,0.3344487249851227,-0.11026117950677873,-0.2696970105171204,93600.0,1000.1099853515624,93600.0,-3.6364774703979488,0.4251766204833984,-1.006387710571289,93600.0,-6.754620552062987,-7.032395839691162,-1.044453263282776,93600.0,-9.02015495300293,-4.070741653442384,-1.519719481468201
1772,93700.0,-7.00600004196167,-4.1479997634887695,59.38199996948242,93700.0,0.8316930532455444,-0.2165517359972,0.8374962806701659,93700.0,1000.1699829101564,93700.0,-0.8976263999938965,2.1403779983520512,-1.5739388465881348,93700.0,-6.62985897064209,-7.212738513946532,-0.4379144608974457,93700.0,-10.266336441040039,-6.787561893463135,-1.4443022012710571
1773,93800.0,0.4239999949932097,-4.453999996185303,60.93899917602539,93800.0,0.8316930532455444,-0.2165517359972,0.8374962806701659,93800.0,1000.1699829101564,93800.0,-0.8976263999938965,2.1403779983520512,-1.5739388465881348,93800.0,-6.62985897064209,-7.212738513946532,-0.4379144608974457,93800.0,-10.266336441040039,-6.787561893463135,-1.4443022012710571
1774,93900.0,6.578000068664551,-3.3580000400543213,62.01100158691406,93900.0,0.3488040566444397,-0.7602217793464661,0.8246681094169617,93900.0,1000.0700073242188,93900.0,-2.349654197692871,-0.09221506118774414,-0.64552903175354,93900.0,-7.808290004730225,-5.869347095489503,0.86705082654953,93900.0,-8.705916404724121,-3.728969097137451,-0.7068880796432495
1775,94000.0,10.869999885559082,-1.315000057220459,62.01100158691406,94000.0,0.3488040566444397,-0.7602217793464661,0.8246681094169617,94000.0,1000.0700073242188,94000.0,-2.349654197692871,-0.09221506118774414,-0.64552903175354,94000.0,-7.808290004730225,-5.869347095489503,0.86705082654953,94000.0,-8.705916404724121,-3.728969097137451,-0.7068880796432495
1776,94100.0,14.48900032043457,-0.6679999828338623,62.42900085449219,94100.0,-0.07330382615327835,-0.930042326450348,0.9615018963813782,94100.0,1000.0499877929688,94100.0,1.6187028884887695,0.7664370536804199,-1.94913911819458,94100.0,-8.496678352355957,-4.2658305168151855,2.4040701389312744,94100.0,-10.846332550048828,-4.358045578002931,1.7585411071777344
1777,94200.0,17.707000732421875,-1.0829999446868896,62.42900085449219,94200.0,-0.07330382615327835,-0.930042326450348,0.9615018963813782,94200.0,1000.0499877929688,94200.0,1.6187028884887695,0.7664370536804199,-1.94913911819458,94200.0,-8.496678352355957,-4.2658305168151855,2.4040701389312744,94200.0,-10.846332550048828,-4.358045578002931,1.7585411071777344
1778,94300.0,18.584999084472656,-5.620999813079834,59.12699890136719,94300.0,-0.21563543379306802,-0.6450737118721008,-0.3933972120285034,94300.0,1000.0,94300.0,1.435859203338623,2.8761086463928223,-2.720232486724853,94300.0,-8.633713722229004,-2.6584548950195317,3.816017866134644,94300.0,-7.0150108337402335,-1.892017841339112,1.8668787479400641
1779,94400.0,15.991999626159668,-8.293999671936035,60.45800018310547,94400.0,-0.21563543379306802,-0.6450737118721008,-0.3933972120285034,94400.0,1000.0,94400.0,1.435859203338623,2.8761086463928223,-2.720232486724853,94400.0,-8.633713722229004,-2.6584548950195317,3.816017866134644,94400.0,-7.0150108337402335,-1.892017841339112,1.8668787479400641
1780,94000.0,10.869999885559082,-1.315000057220459,62.01100158691406,94000.0,0.3488040566444397,-0.7602217793464661,0.8246681094169617,94000.0,1000.0700073242188,94000.0,-2.349654197692871,-0.09221506118774414,-0.64552903175354,94000.0,-7.808290004730225,-5.869347095489503,0.86705082654953,94000.0,-8.705916404724121,-3.728969097137451,-0.7068880796432495
1781,94100.0,14.48900032043457,-0.6679999828338623,62.42900085449219,94100.0,-0.07330382615327835,-0.930042326450348,0.9615018963813782,94100.0,1000.0499877929688,94100.0,1.6187028884887695,0.7664370536804199,-1.94913911819458,94100.0,-8.496678352355957,-4.2658305168151855,2.4040701389312744,94100.0,-10.846332550048828,-4.358045578002931,1.7585411071777344
1782,94200.0,17.707000732421875,-1.0829999446868896,62.42900085449219,94200.0,-0.07330382615327835,-0.930042326450348,0.9615018963813782,94200.0,1000.0499877929688,94200.0,1.6187028884887695,0.7664370536804199,-1.94913911819458,94200.0,-8.496678352355957,-4.2658305168151855,2.4040701389312744,94200.0,-10.846332550048828,-4.358045578002931,1.7585411071777344
1783,94300.0,18.584999084472656,-5.620999813079834,59.12699890136719,94300.0,-0.21563543379306802,-0.6450737118721008,-0.3933972120285034,94300.0,1000.0,94300.0,1.435859203338623,2.8761086463928223,-2.720232486724853,94300.0,-8.633713722229004,-2.6584548950195317,3.816017866134644,94300.0,-7.0150108337402335,-1.892017841339112,1.8668787479400641
1784,94400.0,15.991999626159668,-8.293999671936035,60.45800018310547,94400.0,-0.21563543379306802,-0.6450737118721008,-0.3933972120285034,94400.0,1000.0,94400.0,1.435859203338623,2.8761086463928223,-2.720232486724853,94400.0,-8.633713722229004,-2.6584548950195317,3.816017866134644,94400.0,-7.0150108337402335,-1.892017841339112,1.8668787479400641
1785,94500.0,12.961999893188475,-7.890999794006348,62.90399932861328,94500.0,-0.3179553747177124,0.7718282341957092,-1.2107349634170532,94500.0,1000.0499877929688,94500.0,1.2777996063232422,1.5195083618164065,-4.0478806495666495,94500.0,-7.979811191558838,-3.21189546585083,4.7092156410217285,94500.0,-6.543951988220215,-0.3357867896556854,1.9889830350875848
1786,94600.0,8.142999649047853,-8.48799991607666,64.23100280761719,94600.0,0.07330382615327835,0.6331618428230286,-0.7342600226402283,94600.0,1000.02001953125,94600.0,-2.361419200897217,0.13003301620483398,-4.774993896484375,94600.0,-7.695457458496094,-5.0695109367370605,3.3541605472564697,94600.0,-6.4176578521728525,-3.5500025749206543,-0.6937199234962463
1787,94700.0,3.92300009727478,-10.23799991607666,63.8759994506836,94700.0,0.07330382615327835,0.6331618428230286,-0.7342600226402283,94700.0,1000.02001953125,94700.0,-2.361419200897217,0.13003301620483398,-4.774993896484375,94700.0,-7.695457458496094,-5.0695109367370605,3.3541605472564697,94700.0,-6.4176578521728525,-3.5500025749206543,-0.6937199234962463
1788,94800.0,0.020999999716877937,-10.85200023651123,64.27300262451172,94800.0,0.0754418596625328,0.778853178024292,-0.11392636597156525,94800.0,1000.0,94800.0,-0.5156707763671875,2.1499567031860347,-3.380828857421875,94800.0,-7.422485828399657,-5.913825988769531,2.470574855804444,94800.0,-9.783905029296877,-5.783792972564697,-2.304419040679932
1789,94900.0,-1.4320000410079956,-10.85200023651123,64.27300262451172,94900.0,0.0754418596625328,0.778853178024292,-0.11392636597156525,94900.0,1000.0,94900.0,-0.5156707763671875,2.1499567031860347,-3.380828857421875,94900.0,-7.422485828399657,-5.913825988769531,2.470574855804444,94900.0,-9.783905029296877,-5.783792972564697,-2.304419040679932
1790,94500.0,12.961999893188475,-7.890999794006348,62.90399932861328,94500.0,-0.3179553747177124,0.7718282341957092,-1.2107349634170532,94500.0,1000.0499877929688,94500.0,1.2777996063232422,1.5195083618164065,-4.0478806495666495,94500.0,-7.979811191558838,-3.21189546585083,4.7092156410217285,94500.0,-6.543951988220215,-0.3357867896556854,1.9889830350875848
1791,94600.0,8.142999649047853,-8.48799991607666,64.23100280761719,94600.0,0.07330382615327835,0.6331618428230286,-0.7342600226402283,94600.0,1000.02001953125,94600.0,-2.361419200897217,0.13003301620483398,-4.774993896484375,94600.0,-7.695457458496094,-5.0695109367370605,3.3541605472564697,94600.0,-6.4176578521728525,-3.5500025749206543,-0.6937199234962463
1792,94700.0,3.92300009727478,-10.23799991607666,63.8759994506836,94700.0,0.07330382615327835,0.6331618428230286,-0.7342600226402283,94700.0,1000.02001953125,94700.0,-2.361419200897217,0.13003301620483398,-4.774993896484375,94700.0,-7.695457458496094,-5.0695109367370605,3.3541605472564697,94700.0,-6.4176578521728525,-3.5500025749206543,-0.6937199234962463
1793,94800.0,0.020999999716877937,-10.85200023651123,64.27300262451172,94800.0,0.0754418596625328,0.778853178024292,-0.11392636597156525,94800.0,1000.0,94800.0,-0.5156707763671875,2.1499567031860347,-3.380828857421875,94800.0,-7.422485828399657,-5.913825988769531,2.470574855804444,94800.0,-9.783905029296877,-5.783792972564697,-2.304419040679932
1794,94900.0,-1.4320000410079956,-10.85200023651123,64.27300262451172,94900.0,0.0754418596625328,0.778853178024292,-0.11392636597156525,94900.0,1000.0,94900.0,-0.5156707763671875,2.1499567031860347,-3.380828857421875,94900.0,-7.422485828399657,-5.913825988769531,2.470574855804444,94900.0,-9.783905029296877,-5.783792972564697,-2.304419040679932
1795,95000.0,-3.5520000457763667,-11.638999938964846,64.27300262451172,95000.0,0.09987647086381912,0.4572326242923737,-0.4960225820541382,95000.0,1000.0800170898438,95000.0,-0.7003626823425293,2.3794267177581787,-3.401252269744873,95000.0,-7.735945701599121,-5.851991176605225,1.4421240091323853,95000.0,-8.251616477966309,-3.7020344734191895,-1.9387048482894893
1796,95100.0,-4.2119998931884775,-11.940999984741213,63.95800018310547,95100.0,0.09987647086381912,0.4572326242923737,-0.4960225820541382,95100.0,1000.0800170898438,95100.0,-0.7003626823425293,2.3794267177581787,-3.401252269744873,95100.0,-7.735945701599121,-5.851991176605225,1.4421240091323853,95100.0,-8.251616477966309,-3.7020344734191895,-1.9387048482894893
1797,95200.0,-4.669000148773193,-11.940999984741213,63.63899993896485,95200.0,0.2767219543457031,0.27488934993743896,-0.3304781019687653,95200.0,999.969970703125,95200.0,-1.7315468788146973,2.4002056121826167,-2.946173906326294,95200.0,-7.445909023284912,-6.3184871673583975,0.8975158333778381,95200.0,-8.146271705627441,-3.93906044960022,-2.50373649597168
1798,95300.0,-4.669000148773193,-11.940999984741213,63.63899993896485,95300.0,0.2767219543457031,0.27488934993743896,-0.3304781019687653,95300.0,999.969970703125,95300.0,-1.7315468788146973,2.4002056121826167,-2.946173906326294,95300.0,-7.445909023284912,-6.3184871673583975,0.8975158333778381,95300.0,-8.146271705627441,-3.93906044960022,-2.50373649597168
1799,95400.0,-5.815000057220459,-11.940999984741213,64.01200103759766,95400.0,0.7348709106445312,0.09682214260101316,-0.1472185254096985,95400.0,999.9500122070312,95400.0,-3.474031925201416,0.5776681900024414,-3.5300755500793457,95400.0,-7.309557437896728,-6.485312461853027,0.825509786605835,95400.0,-9.041104316711426,-4.08510684967041,-2.120664119720459
1800,95000.0,-3.5520000457763667,-11.638999938964846,64.27300262451172,95000.0,0.09987647086381912,0.4572326242923737,-0.4960225820541382,95000.0,1000.0800170898438,95000.0,-0.7003626823425293,2.3794267177581787,-3.401252269744873,95000.0,-7.735945701599121,-5.851991176605225,1.4421240091323853,95000.0,-8.251616477966309,-3.7020344734191895,-1.9387048482894893
1801,95100.0,-4.2119998931884775,-11.940999984741213,63.95800018310547,95100.0,0.09987647086381912,0.4572326242923737,-0.4960225820541382,95100.0,1000.0800170898438,95100.0,-0.7003626823425293,2.3794267177581787,-3.401252269744873,95100.0,-7.735945701599121,-5.851991176605225,1.4421240091323853,95100.0,-8.251616477966309,-3.7020344734191895,-1.9387048482894893
1802,95200.0,-4.669000148773193,-11.940999984741213,63.63899993896485,95200.0,0.2767219543457031,0.27488934993743896,-0.3304781019687653,95200.0,999.969970703125,95200.0,-1.7315468788146973,2.4002056121826167,-2.946173906326294,95200.0,-7.445909023284912,-6.3184871673583975,0.8975158333778381,95200.0,-8.146271705627441,-3.93906044960022,-2.50373649597168
1803,95300.0,-4.669000148773193,-11.940999984741213,63.63899993896485,95300.0,0.2767219543457031,0.27488934993743896,-0.3304781019687653,95300.0,999.969970703125,95300.0,-1.7315468788146973,2.4002056121826167,-2.946173906326294,95300.0,-7.445909023284912,-6.3184871673583975,0.8975158333778381,95300.0,-8.146271705627441,-3.93906044960022,-2.50373649597168
1804,95400.0,-5.815000057220459,-11.940999984741213,64.01200103759766,95400.0,0.7348709106445312,0.09682214260101316,-0.1472185254096985,95400.0,999.9500122070312,95400.0,-3.474031925201416,0.5776681900024414,-3.5300755500793457,95400.0,-7.309557437896728,-6.485312461853027,0.825509786605835,95400.0,-9.041104316711426,-4.08510684967041,-2.120664119720459
1805,95500.0,-6.184999942779541,-6.504000186920166,64.64600372314453,95500.0,1.0265589952468872,-0.1823432743549347,0.8665123581886292,95500.0,1000.0599975585938,95500.0,0.04640769958496094,2.2534899711608887,-5.308368682861328,95500.0,-7.397439479827881,-6.260904312133789,1.4997925758361816,95500.0,-10.871471405029297,-5.683236122131348,-2.030282974243164
1806,95600.0,-0.7590000033378601,-2.4649999141693115,64.64600372314453,95600.0,1.0265589952468872,-0.1823432743549347,0.8665123581886292,95600.0,1000.0599975585938,95600.0,0.04640769958496094,2.2534899711608887,-5.308368682861328,95600.0,-7.397439479827881,-6.260904312133789,1.4997925758361816,95600.0,-10.871471405029297,-5.683236122131348,-2.030282974243164
1807,95700.0,2.2939999103546143,1.1390000581741333,64.64600372314453,95700.0,0.22082778811454773,-0.865290641784668,0.6444628238677979,95700.0,1000.0599975585938,95700.0,-2.9840612411499023,-1.3994648456573486,-2.321007013320924,95700.0,-8.363863945007324,-4.361584663391113,2.681929349899292,95700.0,-8.317456245422362,-2.1080946922302246,-2.626439332962036
1808,95800.0,5.585999965667725,3.911999940872192,64.00700378417969,95800.0,0.22082778811454773,-0.865290641784668,0.6444628238677979,95800.0,1000.0599975585938,95800.0,-2.9840612411499023,-1.3994648456573486,-2.321007013320924,95800.0,-8.363863945007324,-4.361584663391113,2.681929349899292,95800.0,-8.317456245422362,-2.1080946922302246,-2.626439332962036
1809,95900.0,9.196999549865724,5.881999969482423,62.41400146484375,95900.0,0.26053401827812195,-0.8286387324333191,0.8793405294418335,95900.0,1000.0399780273438,95900.0,0.9195332527160645,-0.734060525894165,-3.60924768447876,95900.0,-8.380017280578612,-3.0202314853668213,4.101694583892821,95900.0,-11.364078521728516,-4.41969633102417,1.7806875705718994
1810,95500.0,-6.184999942779541,-6.504000186920166,64.64600372314453,95500.0,1.0265589952468872,-0.1823432743549347,0.8665123581886292,95500.0,1000.0599975585938,95500.0,0.04640769958496094,2.2534899711608887,-5.308368682861328,95500.0,-7.397439479827881,-6.260904312133789,1.4997925758361816,95500.0,-10.871471405029297,-5.683236122131348,-2.030282974243164
1811,95600.0,-0.7590000033378601,-2.4649999141693115,64.64600372314453,95600.0,1.0265589952468872,-0.1823432743549347,0.8665123581886292,95600.0,1000.0599975585938,95600.0,0.04640769958496094,2.2534899711608887,-5.308368682861328,95600.0,-7.397439479827881,-6.260904312133789,1.4997925758361816,95600.0,-10.871471405029297,-5.683236122131348,-2.030282974243164
1812,95700.0,2.2939999103546143,1.1390000581741333,64.64600372314453,95700.0,0.22082778811454773,-0.865290641784668,0.6444628238677979,95700.0,1000.0599975585938,95700.0,-2.9840612411499023,-1.3994648456573486,-2.321007013320924,95700.0,-8.363863945007324,-4.361584663391113,2.681929349899292,95700.0,-8.317456245422362,-2.1080946922302246,-2.626439332962036
1813,95800.0,5.585999965667725,3.911999940872192,64.00700378417969,95800.0,0.22082778811454773,-0.865290641784668,0.6444628238677979,95800.0,1000.0599975585938,95800.0,-2.9840612411499023,-1.3994648456573486,-2.321007013320924,95800.0,-8.363863945007324,-4.361584663391113,2.681929349899292,95800.0,-8.317456245422362,-2.1080946922302246,-2.626439332962036
1814,95900.0,9.196999549865724,5.881999969482423,62.41400146484375,95900.0,0.26053401827812195,-0.8286387324333191,0.8793405294418335,95900.0,1000.0399780273438,95900.0,0.9195332527160645,-0.734060525894165,-3.60924768447876,95900.0,-8.380017280578612,-3.0202314853668213,4.101694583892821,95900.0,-11.364078521728516,-4.41969633102417,1.7806875705718994
1815,96000.0,12.913000106811525,6.1579999923706055,60.33599853515625,96000.0,0.26053401827812195,-0.8286387324333191,0.8793405294418335,96000.0,1000.0399780273438,96000.0,0.9195332527160645,-0.734060525894165,-3.60924768447876,96000.0,-8.380017280578612,-3.0202314853668213,4.101694583892821,96000.0,-11.364078521728516,-4.41969633102417,1.7806875705718994
1816,96100.0,16.009000778198242,5.692999839782715,58.21200180053711,96100.0,-0.27641651034355164,-0.7400632500648499,-0.5406157374382019,96100.0,999.8900146484376,96100.0,1.0537028312683103,1.7409940958023071,-3.9809730052948,96100.0,-8.055451393127441,-1.2800617218017578,5.444403171539307,96100.0,-7.135918140411378,-2.014122247695924,1.8351556062698364
1817,96200.0,13.637999534606935,6.422999858856201,58.79199981689453,96200.0,-0.27641651034355164,-0.7400632500648499,-0.5406157374382019,96200.0,999.8900146484376,96200.0,1.0537028312683103,1.7409940958023071,-3.9809730052948,96200.0,-8.055451393127441,-1.2800617218017578,5.444403171539307,96200.0,-7.135918140411378,-2.014122247695924,1.8351556062698364
1818,96300.0,10.6899995803833,6.822000026702881,58.79199981689453,96300.0,-0.4621195495128632,0.5894849896430969,-1.3432927131652832,96300.0,999.9400024414064,96300.0,-1.5435800552368164,0.034603118896484375,-4.238161087036134,96300.0,-7.137369155883789,-2.1216721534729004,6.381758689880371,96300.0,-6.083666324615479,-0.3806780576705933,2.4007856845855717
1819,96400.0,2.5510001182556152,7.178999900817871,59.13600158691406,96400.0,-0.4642575979232788,1.1407908201217651,-0.778853178024292,96400.0,999.9400024414064,96400.0,-2.550086975097656,0.7903351783752441,-5.137180805206299,96400.0,-7.077342033386231,-4.236427307128906,5.304179191589356,96400.0,-8.620922088623049,-4.201824188232422,1.0660183429718018
1820,96000.0,12.913000106811525,6.1579999923706055,60.33599853515625,96000.0,0.26053401827812195,-0.8286387324333191,0.8793405294418335,96000.0,1000.0399780273438,96000.0,0.9195332527160645,-0.734060525894165,-3.60924768447876,96000.0,-8.380017280578612,-3.0202314853668213,4.101694583892821,96000.0,-11.364078521728516,-4.41969633102417,1.7806875705718994
1821,96100.0,16.009000778198242,5.692999839782715,58.21200180053711,96100.0,-0.27641651034355164,-0.7400632500648499,-0.5406157374382019,96100.0,999.8900146484376,96100.0,1.0537028312683103,1.7409940958023071,-3.9809730052948,96100.0,-8.055451393127441,-1.2800617218017578,5.444403171539307,96100.0,-7.135918140411378,-2.014122247695924,1.8351556062698364
1822,96200.0,13.637999534606935,6.422999858856201,58.79199981689453,96200.0,-0.27641651034355164,-0.7400632500648499,-0.5406157374382019,96200.0,999.8900146484376,96200.0,1.0537028312683103,1.7409940958023071,-3.9809730052948,96200.0,-8.055451393127441,-1.2800617218017578,5.444403171539307,96200.0,-7.135918140411378,-2.014122247695924,1.8351556062698364
1823,96300.0,10.6899995803833,6.822000026702881,58.79199981689453,96300.0,-0.4621195495128632,0.5894849896430969,-1.3432927131652832,96300.0,999.9400024414064,96300.0,-1.5435800552368164,0.034603118896484375,-4.238161087036134,96300.0,-7.137369155883789,-2.1216721534729004,6.381758689880371,96300.0,-6.083666324615479,-0.3806780576705933,2.4007856845855717
1824,96400.0,2.5510001182556152,7.178999900817871,59.13600158691406,96400.0,-0.4642575979232788,1.1407908201217651,-0.778853178024292,96400.0,999.9400024414064,96400.0,-2.550086975097656,0.7903351783752441,-5.137180805206299,96400.0,-7.077342033386231,-4.236427307128906,5.304179191589356,96400.0,-8.620922088623049,-4.201824188232422,1.0660183429718018
1825,96500.0,1.1150000095367432,7.178999900817871,59.52999877929688,96500.0,-0.4642575979232788,1.1407908201217651,-0.778853178024292,96500.0,999.9400024414064,96500.0,-2.550086975097656,0.7903351783752441,-5.137180805206299,96500.0,-7.077342033386231,-4.236427307128906,5.304179191589356,96500.0,-8.620922088623049,-4.201824188232422,1.0660183429718018
1826,96600.0,-2.1329998970031743,4.296000003814696,59.85800170898438,96600.0,-0.5143485069274902,-0.10476338863372804,-0.21288654208183289,96600.0,999.9099731445312,96600.0,-1.028177261352539,2.176577091217041,-3.881951332092285,96600.0,-7.473836898803711,-5.465013980865479,3.23199462890625,96600.0,-10.023923873901367,-4.6746788024902335,-1.9051860570907595
1827,96700.0,-2.9279999732971187,1.7130000591278076,59.85800170898438,96700.0,-0.5143485069274902,-0.10476338863372804,-0.21288654208183289,96700.0,999.9099731445312,96700.0,-1.028177261352539,2.176577091217041,-3.881951332092285,96700.0,-7.473836898803711,-5.465013980865479,3.23199462890625,96700.0,-10.023923873901367,-4.6746788024902335,-1.9051860570907595
1828,96800.0,-3.256999969482422,-2.0810000896453857,59.5359992980957,96800.0,0.05833763256669045,-0.04489859566092491,-0.20311269164085388,96800.0,1000.0,96800.0,-1.0928373336791992,2.0296196937561035,-4.684436798095703,96800.0,-7.3976173400878915,-5.795413017272949,2.803363561630249,96800.0,-8.42579460144043,-3.618835926055908,-1.0785878896713257
1829,96900.0,-4.151000022888184,-2.868000030517578,59.15599822998047,96900.0,0.05833763256669045,-0.04489859566092491,-0.20311269164085388,96900.0,1000.0,96900.0,-1.0928373336791992,2.0296196937561035,-4.684436798095703,96900.0,-7.3976173400878915,-5.795413017272949,2.803363561630249,96900.0,-8.42579460144043,-3.618835926055908,-1.0785878896713257
1830,96500.0,1.1150000095367432,7.178999900817871,59.52999877929688,96500.0,-0.4642575979232788,1.1407908201217651,-0.778853178024292,96500.0,999.9400024414064,96500.0,-2.550086975097656,0.7903351783752441,-5.137180805206299,96500.0,-7.077342033386231,-4.236427307128906,5.304179191589356,96500.0,-8.620922088623049,-4.201824188232422,1.0660183429718018
1831,96600.0,-2.1329998970031743,4.296000003814696,59.85800170898438,96600.0,-0.5143485069274902,-0.10476338863372804,-0.21288654208183289,96600.0,999.9099731445312,96600.0,-1.028177261352539,2.176577091217041,-3.881951332092285,96600.0,-7.473836898803711,-5.465013980865479,3.23199462890625,96600.0,-10.023923873901367,-4.6746788024902335,-1.9051860570907595
1832,96700.0,-2.9279999732971187,1.7130000591278076,59.85800170898438,96700.0,-0.5143485069274902,-0.10476338863372804,-0.21288654208183289,96700.0,999.9099731445312,96700.0,-1.028177261352539,2.176577091217041,-3.881951332092285,96700.0,-7.473836898803711,-5.465013980865479,3.23199462890625,96700.0,-10.023923873901367,-4.6746788024902335,-1.9051860570907595
1833,96800.0,-3.256999969482422,-2.0810000896453857,59.5359992980957,96800.0,0.05833763256669045,-0.04489859566092491,-0.20311269164085388,96800.0,1000.0,96800.0,-1.0928373336791992,2.0296196937561035,-4.684436798095703,96800.0,-7.3976173400878915,-5.795413017272949,2.803363561630249,96800.0,-8.42579460144043,-3.618835926055908,-1.0785878896713257
1834,96900.0,-4.151000022888184,-2.868000030517578,59.15599822998047,96900.0,0.05833763256669045,-0.04489859566092491,-0.20311269164085388,96900.0,1000.0,96900.0,-1.0928373336791992,2.0296196937561035,-4.684436798095703,96900.0,-7.3976173400878915,-5.795413017272949,2.803363561630249,96900.0,-8.42579460144043,-3.618835926055908,-1.0785878896713257
1835,97000.0,-4.1090002059936515,-3.220999956130981,59.15599822998047,97000.0,0.2373211532831192,0.17959438264369965,-0.39797869324684143,97000.0,999.97998046875,97000.0,-2.821654319763184,1.1983394622802734,-4.6535305976867685,97000.0,-7.367672920227051,-5.804078578948975,2.863646507263184,97000.0,-8.46051025390625,-3.774458885192871,-1.820790410041809
1836,97100.0,-4.829999923706055,-2.759999990463257,59.15599822998047,97100.0,0.2373211532831192,0.17959438264369965,-0.39797869324684143,97100.0,999.97998046875,97100.0,-2.821654319763184,1.1983394622802734,-4.6535305976867685,97100.0,-7.367672920227051,-5.804078578948975,2.863646507263184,97100.0,-8.46051025390625,-3.774458885192871,-1.820790410041809
1837,97200.0,-5.2210001945495605,-2.759999990463257,59.88100051879883,97200.0,0.007024950347840786,0.26633724570274353,0.029626963660120964,97200.0,1000.010009765625,97200.0,-1.136690616607666,0.7080841064453125,-2.675745248794556,97200.0,-7.282475471496582,-5.952625274658202,2.77527928352356,97200.0,-10.104129791259766,-4.75428581237793,-1.8782511949539185
1838,97300.0,-1.718000054359436,-2.759999990463257,60.23400115966797,97300.0,1.0241155624389648,-0.8243626356124878,0.8799513578414917,97300.0,1000.010009765625,97300.0,-0.47271728515625,-1.138861894607544,-3.3560361862182617,97300.0,-7.637460231781006,-5.676052570343018,2.3710830211639404,97300.0,-8.774150848388674,-4.967968463897705,-0.3046621680259705
1839,97400.0,4.997000217437744,0.07100000232458115,60.55099868774414,97400.0,1.0241155624389648,-0.8243626356124878,0.8799513578414917,97400.0,1000.010009765625,97400.0,-0.47271728515625,-1.138861894607544,-3.3560361862182617,97400.0,-7.637460231781006,-5.676052570343018,2.3710830211639404,97400.0,-8.774150848388674,-4.967968463897705,-0.3046621680259705
1840,97000.0,-4.1090002059936515,-3.220999956130981,59.15599822998047,97000.0,0.2373211532831192,0.17959438264369965,-0.39797869324684143,97000.0,999.97998046875,97000.0,-2.821654319763184,1.1983394622802734,-4.6535305976867685,97000.0,-7.367672920227051,-5.804078578948975,2.863646507263184,97000.0,-8.46051025390625,-3.774458885192871,-1.820790410041809
1841,97100.0,-4.829999923706055,-2.759999990463257,59.15599822998047,97100.0,0.2373211532831192,0.17959438264369965,-0.39797869324684143,97100.0,999.97998046875,97100.0,-2.821654319763184,1.1983394622802734,-4.6535305976867685,97100.0,-7.367672920227051,-5.804078578948975,2.863646507263184,97100.0,-8.46051025390625,-3.774458885192871,-1.820790410041809
1842,97200.0,-5.2210001945495605,-2.759999990463257,59.88100051879883,97200.0,0.007024950347840786,0.26633724570274353,0.029626963660120964,97200.0,1000.010009765625,97200.0,-1.136690616607666,0.7080841064453125,-2.675745248794556,97200.0,-7.282475471496582,-5.952625274658202,2.77527928352356,97200.0,-10.104129791259766,-4.75428581237793,-1.8782511949539185
1843,97300.0,-1.718000054359436,-2.759999990463257,60.23400115966797,97300.0,1.0241155624389648,-0.8243626356124878,0.8799513578414917,97300.0,1000.010009765625,97300.0,-0.47271728515625,-1.138861894607544,-3.3560361862182617,97300.0,-7.637460231781006,-5.676052570343018,2.3710830211639404,97300.0,-8.774150848388674,-4.967968463897705,-0.3046621680259705
1844,97400.0,4.997000217437744,0.07100000232458115,60.55099868774414,97400.0,1.0241155624389648,-0.8243626356124878,0.8799513578414917,97400.0,1000.010009765625,97400.0,-0.47271728515625,-1.138861894607544,-3.3560361862182617,97400.0,-7.637460231781006,-5.676052570343018,2.3710830211639404,97400.0,-8.774150848388674,-4.967968463897705,-0.3046621680259705
1845,97500.0,9.803000450134276,4.168000221252441,60.55099868774414,97500.0,0.2718350291252136,-0.07666359096765518,1.0913107395172121,97500.0,999.969970703125,97500.0,0.13453388214111328,-2.0593938827514653,-3.506886482238768,97500.0,-8.015924453735353,-3.5759198665618896,4.373571872711182,97500.0,-8.488641738891603,-4.714781761169434,1.0175356864929201
1846,97600.0,13.592000007629395,4.3540000915527335,60.22600173950195,97600.0,0.2718350291252136,-0.07666359096765518,1.0913107395172121,97600.0,999.969970703125,97600.0,0.13453388214111328,-2.0593938827514653,-3.506886482238768,97600.0,-8.015924453735353,-3.5759198665618896,4.373571872711182,97600.0,-8.488641738891603,-4.714781761169434,1.0175356864929201
1847,97700.0,18.69799995422364,3.2739999294281006,57.98899841308594,97700.0,0.0003054326225537807,-0.4743368625640869,0.08979719132184982,97700.0,999.8699951171876,97700.0,2.716982364654541,0.1592869758605957,-2.7782022953033447,97700.0,-8.548357009887695,-1.525324463844299,4.557342529296875,97700.0,-8.413823127746582,-3.5847184658050537,1.0504560470581057
1848,97800.0,21.466999053955078,3.908999919891357,55.45299911499024,97800.0,0.0003054326225537807,-0.4743368625640869,0.08979719132184982,97800.0,999.8699951171876,97800.0,2.716982364654541,0.1592869758605957,-2.7782022953033447,97800.0,-8.548357009887695,-1.525324463844299,4.557342529296875,97800.0,-8.413823127746582,-3.5847184658050537,1.0504560470581057
1849,97900.0,19.138999938964844,3.513999938964844,56.62799835205078,97900.0,-0.009468411095440388,-0.2220495194196701,-1.0922271013259888,97900.0,999.9500122070312,97900.0,-7.69558572769165,1.7365763187408447,-4.613820552825928,97900.0,-8.188930511474611,-1.1947791576385498,5.261588096618652,97900.0,-5.471948146820068,-1.035492181777954,2.483385801315308
1850,97500.0,9.803000450134276,4.168000221252441,60.55099868774414,97500.0,0.2718350291252136,-0.07666359096765518,1.0913107395172121,97500.0,999.969970703125,97500.0,0.13453388214111328,-2.0593938827514653,-3.506886482238768,97500.0,-8.015924453735353,-3.5759198665618896,4.373571872711182,97500.0,-8.488641738891603,-4.714781761169434,1.0175356864929201
1851,97600.0,13.592000007629395,4.3540000915527335,60.22600173950195,97600.0,0.2718350291252136,-0.07666359096765518,1.0913107395172121,97600.0,999.969970703125,97600.0,0.13453388214111328,-2.0593938827514653,-3.506886482238768,97600.0,-8.015924453735353,-3.5759198665618896,4.373571872711182,97600.0,-8.488641738891603,-4.714781761169434,1.0175356864929201
1852,97700.0,18.69799995422364,3.2739999294281006,57.98899841308594,97700.0,0.0003054326225537807,-0.4743368625640869,0.08979719132184982,97700.0,999.8699951171876,97700.0,2.716982364654541,0.1592869758605957,-2.7782022953033447,97700.0,-8.548357009887695,-1.525324463844299,4.557342529296875,97700.0,-8.413823127746582,-3.5847184658050537,1.0504560470581057
1853,97800.0,21.466999053955078,3.908999919891357,55.45299911499024,97800.0,0.0003054326225537807,-0.4743368625640869,0.08979719132184982,97800.0,999.8699951171876,97800.0,2.716982364654541,0.1592869758605957,-2.7782022953033447,97800.0,-8.548357009887695,-1.525324463844299,4.557342529296875,97800.0,-8.413823127746582,-3.5847184658050537,1.0504560470581057
1854,97900.0,19.138999938964844,3.513999938964844,56.62799835205078,97900.0,-0.009468411095440388,-0.2220495194196701,-1.0922271013259888,97900.0,999.9500122070312,97900.0,-7.69558572769165,1.7365763187408447,-4.613820552825928,97900.0,-8.188930511474611,-1.1947791576385498,5.261588096618652,97900.0,-5.471948146820068,-1.035492181777954,2.483385801315308
1855,98000.0,15.317999839782715,3.115000009536743,57.78099822998047,98000.0,-0.009468411095440388,-0.2220495194196701,-1.0922271013259888,98000.0,999.9500122070312,98000.0,-7.69558572769165,1.7365763187408447,-4.613820552825928,98000.0,-8.188930511474611,-1.1947791576385498,5.261588096618652,98000.0,-5.471948146820068,-1.035492181777954,2.483385801315308
1856,98100.0,12.394000053405762,2.3399999141693115,58.441001892089844,98100.0,-0.3097086846828461,1.4178181886672974,-0.6160575747489929,98100.0,999.9400024414064,98100.0,1.6727533340454102,-2.8564510345458984,-3.798438310623169,98100.0,-7.847571849822997,-2.468004941940308,5.338066577911377,98100.0,-15.543157577514648,-0.7314286231994629,0.7242460250854492
1857,98200.0,3.813999891281128,-0.0040000001899898035,58.76100158691406,98200.0,0.1215621829032898,1.0754282474517822,-0.3854559659957886,98200.0,999.9500122070312,98200.0,1.425823211669922,0.7031536102294922,-2.556840181350708,98200.0,-8.615938186645508,-3.625850200653076,2.9646575450897217,98200.0,-6.943184852600098,-6.482301235198975,-0.8337807655334473
1858,98300.0,-0.9409999847412108,-3.5409998893737797,58.81800079345703,98300.0,0.1215621829032898,1.0754282474517822,-0.3854559659957886,98300.0,999.9500122070312,98300.0,1.425823211669922,0.7031536102294922,-2.556840181350708,98300.0,-8.615938186645508,-3.625850200653076,2.9646575450897217,98300.0,-6.943184852600098,-6.482301235198975,-0.8337807655334473
1859,98400.0,-2.2839999198913574,-2.009000062942505,59.17599868774414,98400.0,0.6679811477661133,0.5809328556060791,-0.008552113547921179,98400.0,999.9299926757812,98400.0,1.433584213256836,-0.1385955810546875,-3.320722818374634,98400.0,-8.862812042236328,-3.991589546203613,1.2992857694625854,98400.0,-7.436988830566406,-3.288435935974121,-1.2575544118881226
1860,98000.0,15.317999839782715,3.115000009536743,57.78099822998047,98000.0,-0.009468411095440388,-0.2220495194196701,-1.0922271013259888,98000.0,999.9500122070312,98000.0,-7.69558572769165,1.7365763187408447,-4.613820552825928,98000.0,-8.188930511474611,-1.1947791576385498,5.261588096618652,98000.0,-5.471948146820068,-1.035492181777954,2.483385801315308
1861,98100.0,12.394000053405762,2.3399999141693115,58.441001892089844,98100.0,-0.3097086846828461,1.4178181886672974,-0.6160575747489929,98100.0,999.9400024414064,98100.0,1.6727533340454102,-2.8564510345458984,-3.798438310623169,98100.0,-7.847571849822997,-2.468004941940308,5.338066577911377,98100.0,-15.543157577514648,-0.7314286231994629,0.7242460250854492
1862,98200.0,3.813999891281128,-0.0040000001899898035,58.76100158691406,98200.0,0.1215621829032898,1.0754282474517822,-0.3854559659957886,98200.0,999.9500122070312,98200.0,1.425823211669922,0.7031536102294922,-2.556840181350708,98200.0,-8.615938186645508,-3.625850200653076,2.9646575450897217,98200.0,-6.943184852600098,-6.482301235198975,-0.8337807655334473
1863,98300.0,-0.9409999847412108,-3.5409998893737797,58.81800079345703,98300.0,0.1215621829032898,1.0754282474517822,-0.3854559659957886,98300.0,999.9500122070312,98300.0,1.425823211669922,0.7031536102294922,-2.556840181350708,98300.0,-8.615938186645508,-3.625850200653076,2.9646575450897217,98300.0,-6.943184852600098,-6.482301235198975,-0.8337807655334473
1864,98400.0,-2.2839999198913574,-2.009000062942505,59.17599868774414,98400.0,0.6679811477661133,0.5809328556060791,-0.008552113547921179,98400.0,999.9299926757812,98400.0,1.433584213256836,-0.1385955810546875,-3.320722818374634,98400.0,-8.862812042236328,-3.991589546203613,1.2992857694625854,98400.0,-7.436988830566406,-3.288435935974121,-1.2575544118881226
1865,98500.0,-3.6050000190734863,-3.2070000171661377,59.48899841308594,98500.0,0.6679811477661133,0.5809328556060791,-0.008552113547921179,98500.0,999.9299926757812,98500.0,1.433584213256836,-0.1385955810546875,-3.320722818374634,98500.0,-8.862812042236328,-3.991589546203613,1.2992857694625854,98500.0,-7.436988830566406,-3.288435935974121,-1.2575544118881226
1866,98600.0,-4.426000118255615,-3.2070000171661377,59.48899841308594,98600.0,0.4578435122966766,0.3127630054950714,-0.12400564551353455,98600.0,999.8300170898438,98600.0,1.386117935180664,-0.4068748950958252,-2.288360118865967,98600.0,-9.056123733520508,-3.69033145904541,0.7337877750396729,98600.0,-7.622539520263673,-3.8289270401000977,-2.586935043334961
1867,98700.0,-4.0349998474121085,-1.715999960899353,59.80599975585938,98700.0,0.4578435122966766,0.3127630054950714,-0.12400564551353455,98700.0,999.8300170898438,98700.0,1.386117935180664,-0.4068748950958252,-2.288360118865967,98700.0,-9.056123733520508,-3.69033145904541,0.7337877750396729,98700.0,-7.622539520263673,-3.8289270401000977,-2.586935043334961
1868,98800.0,-4.3480000495910645,3.059999942779541,59.80599975585938,98800.0,1.4062118530273438,0.06658431142568587,-0.6389650702476501,98800.0,999.9400024414064,98800.0,-3.940007209777832,-0.22162199020385745,-3.4604976177215576,98800.0,-9.082279205322266,-3.6692535877227774,0.4681681394577026,98800.0,-7.6961612701416025,-4.076128482818604,-1.8201918601989744
1869,98900.0,-4.742000102996826,8.876999855041504,59.80599975585938,98900.0,1.4062118530273438,0.06658431142568587,-0.6389650702476501,98900.0,999.9400024414064,98900.0,-3.940007209777832,-0.22162199020385745,-3.4604976177215576,98900.0,-9.082279205322266,-3.6692535877227774,0.4681681394577026,98900.0,-7.6961612701416025,-4.076128482818604,-1.8201918601989744
1870,98500.0,-3.6050000190734863,-3.2070000171661377,59.48899841308594,98500.0,0.6679811477661133,0.5809328556060791,-0.008552113547921179,98500.0,999.9299926757812,98500.0,1.433584213256836,-0.1385955810546875,-3.320722818374634,98500.0,-8.862812042236328,-3.991589546203613,1.2992857694625854,98500.0,-7.436988830566406,-3.288435935974121,-1.2575544118881226
1871,98600.0,-4.426000118255615,-3.2070000171661377,59.48899841308594,98600.0,0.4578435122966766,0.3127630054950714,-0.12400564551353455,98600.0,999.8300170898438,98600.0,1.386117935180664,-0.4068748950958252,-2.288360118865967,98600.0,-9.056123733520508,-3.69033145904541,0.7337877750396729,98600.0,-7.622539520263673,-3.8289270401000977,-2.586935043334961
1872,98700.0,-4.0349998474121085,-1.715999960899353,59.80599975585938,98700.0,0.4578435122966766,0.3127630054950714,-0.12400564551353455,98700.0,999.8300170898438,98700.0,1.386117935180664,-0.4068748950958252,-2.288360118865967,98700.0,-9.056123733520508,-3.69033145904541,0.7337877750396729,98700.0,-7.622539520263673,-3.8289270401000977,-2.586935043334961
1873,98800.0,-4.3480000495910645,3.059999942779541,59.80599975585938,98800.0,1.4062118530273438,0.06658431142568587,-0.6389650702476501,98800.0,999.9400024414064,98800.0,-3.940007209777832,-0.22162199020385745,-3.4604976177215576,98800.0,-9.082279205322266,-3.6692535877227774,0.4681681394577026,98800.0,-7.6961612701416025,-4.076128482818604,-1.8201918601989744
1874,98900.0,-4.742000102996826,8.876999855041504,59.80599975585938,98900.0,1.4062118530273438,0.06658431142568587,-0.6389650702476501,98900.0,999.9400024414064,98900.0,-3.940007209777832,-0.22162199020385745,-3.4604976177215576,98900.0,-9.082279205322266,-3.6692535877227774,0.4681681394577026,98900.0,-7.6961612701416025,-4.076128482818604,-1.8201918601989744
1875,99000.0,-3.5179998874664307,15.543999671936035,59.49399948120117,99000.0,-0.2449569702148437,0.04001167416572572,2.2650883197784424,99000.0,999.97998046875,99000.0,-1.0147724151611328,-8.563277244567871,-0.20389878749847407,99000.0,-8.767218589782715,-4.2202205657958975,1.223116159439087,99000.0,-12.707225799560547,-4.441842555999756,-2.2373814582824707
1876,99100.0,3.990999937057495,9.487000465393066,55.9000015258789,99100.0,-0.028099801391363144,-0.294437050819397,0.950506329536438,99100.0,999.969970703125,99100.0,0.7808189392089844,-3.459226369857788,-1.7731506824493408,99100.0,-9.740580558776855,-0.4413160681724548,1.047256350517273,99100.0,-10.755352973937988,-9.004592895507812,0.8433575630187988
1877,99200.0,3.921000003814697,10.369000434875488,53.0359992980957,99200.0,-0.028099801391363144,-0.294437050819397,0.950506329536438,99200.0,999.969970703125,99200.0,0.7808189392089844,-3.459226369857788,-1.7731506824493408,99200.0,-9.740580558776855,-0.4413160681724548,1.047256350517273,99200.0,-10.755352973937988,-9.004592895507812,0.8433575630187988
1878,99300.0,7.505000114440918,7.9749999046325675,48.14599990844727,99300.0,-0.5079344511032104,-0.3445279896259308,-0.7846564054489136,99300.0,999.8900146484376,99300.0,4.743865013122559,-2.3887343406677246,-0.7079349756240845,99300.0,-9.59267807006836,1.360708475112915,1.5163725614547732,99300.0,-8.811859130859375,-2.098517894744873,-0.2567781209945679
1879,99400.0,5.635000228881836,7.9749999046325675,46.71699905395508,99400.0,-0.5079344511032104,-0.3445279896259308,-0.7846564054489136,99400.0,999.8900146484376,99400.0,4.743865013122559,-2.3887343406677246,-0.7079349756240845,99400.0,-9.59267807006836,1.360708475112915,1.5163725614547732,99400.0,-8.811859130859375,-2.098517894744873,-0.2567781209945679
1880,99000.0,-3.5179998874664307,15.543999671936035,59.49399948120117,99000.0,-0.2449569702148437,0.04001167416572572,2.2650883197784424,99000.0,999.97998046875,99000.0,-1.0147724151611328,-8.563277244567871,-0.20389878749847407,99000.0,-8.767218589782715,-4.2202205657958975,1.223116159439087,99000.0,-12.707225799560547,-4.441842555999756,-2.2373814582824707
1881,99100.0,3.990999937057495,9.487000465393066,55.9000015258789,99100.0,-0.028099801391363144,-0.294437050819397,0.950506329536438,99100.0,999.969970703125,99100.0,0.7808189392089844,-3.459226369857788,-1.7731506824493408,99100.0,-9.740580558776855,-0.4413160681724548,1.047256350517273,99100.0,-10.755352973937988,-9.004592895507812,0.8433575630187988
1882,99200.0,3.921000003814697,10.369000434875488,53.0359992980957,99200.0,-0.028099801391363144,-0.294437050819397,0.950506329536438,99200.0,999.969970703125,99200.0,0.7808189392089844,-3.459226369857788,-1.7731506824493408,99200.0,-9.740580558776855,-0.4413160681724548,1.047256350517273,99200.0,-10.755352973937988,-9.004592895507812,0.8433575630187988
1883,99300.0,7.505000114440918,7.9749999046325675,48.14599990844727,99300.0,-0.5079344511032104,-0.3445279896259308,-0.7846564054489136,99300.0,999.8900146484376,99300.0,4.743865013122559,-2.3887343406677246,-0.7079349756240845,99300.0,-9.59267807006836,1.360708475112915,1.5163725614547732,99300.0,-8.811859130859375,-2.098517894744873,-0.2567781209945679
1884,99400.0,5.635000228881836,7.9749999046325675,46.71699905395508,99400.0,-0.5079344511032104,-0.3445279896259308,-0.7846564054489136,99400.0,999.8900146484376,99400.0,4.743865013122559,-2.3887343406677246,-0.7079349756240845,99400.0,-9.59267807006836,1.360708475112915,1.5163725614547732,99400.0,-8.811859130859375,-2.098517894744873,-0.2567781209945679
1885,99500.0,5.964000225067139,4.537000179290772,44.209999084472656,99500.0,-0.3384193480014801,0.3149010241031647,-0.1973094791173935,99500.0,999.9600219726564,99500.0,-7.955031394958496,-11.0508451461792,-6.0581374168396,99500.0,-9.570575714111328,0.06276742368936539,2.1378719806671143,99500.0,-4.8267107009887695,-2.3259668350219727,1.4299370050430298
1886,99600.0,-2.249000072479248,5.47599983215332,42.124000549316406,99600.0,-0.3384193480014801,0.3149010241031647,-0.1973094791173935,99600.0,999.9600219726564,99600.0,-7.955031394958496,-11.0508451461792,-6.0581374168396,99600.0,-9.570575714111328,0.06276742368936539,2.1378719806671143,99600.0,-4.8267107009887695,-2.3259668350219727,1.4299370050430298
1887,99700.0,-7.619999885559082,6.14300012588501,40.88999938964844,99700.0,1.7079792022705078,1.2531900405883791,-0.3536909818649292,99700.0,999.97998046875,99700.0,1.055196762084961,-1.1460213661193848,-3.2829976081848145,99700.0,-9.681256294250488,-0.17975597083568573,1.5528484582901,99700.0,-17.636287689208984,-11.23060131072998,-4.505289077758789
1888,99800.0,-16.870000839233402,14.456000328063965,38.83300018310547,99800.0,1.7079792022705078,1.2531900405883791,-0.3536909818649292,99800.0,999.97998046875,99800.0,1.055196762084961,-1.1460213661193848,-3.2829976081848145,99800.0,-9.681256294250488,-0.17975597083568573,1.5528484582901,99800.0,-17.636287689208984,-11.23060131072998,-4.505289077758789
1889,99900.0,-19.850000381469727,18.8700008392334,36.233001708984375,99900.0,2.3677136898040767,0.5650503635406494,0.7244861721992493,99900.0,999.8800048828124,99900.0,0.4108114242553711,1.3797464370727541,-2.3286550045013428,99900.0,-8.17255973815918,-5.211182594299316,-1.491040587425232,99900.0,-7.117362976074219,-6.357203960418701,-4.774038314819336
1890,99500.0,5.964000225067139,4.537000179290772,44.209999084472656,99500.0,-0.3384193480014801,0.3149010241031647,-0.1973094791173935,99500.0,999.9600219726564,99500.0,-7.955031394958496,-11.0508451461792,-6.0581374168396,99500.0,-9.570575714111328,0.06276742368936539,2.1378719806671143,99500.0,-4.8267107009887695,-2.3259668350219727,1.4299370050430298
1891,99600.0,-2.249000072479248,5.47599983215332,42.124000549316406,99600.0,-0.3384193480014801,0.3149010241031647,-0.1973094791173935,99600.0,999.9600219726564,99600.0,-7.955031394958496,-11.0508451461792,-6.0581374168396,99600.0,-9.570575714111328,0.06276742368936539,2.1378719806671143,99600.0,-4.8267107009887695,-2.3259668350219727,1.4299370050430298
1892,99700.0,-7.619999885559082,6.14300012588501,40.88999938964844,99700.0,1.7079792022705078,1.2531900405883791,-0.3536909818649292,99700.0,999.97998046875,99700.0,1.055196762084961,-1.1460213661193848,-3.2829976081848145,99700.0,-9.681256294250488,-0.17975597083568573,1.5528484582901,99700.0,-17.636287689208984,-11.23060131072998,-4.505289077758789
1893,99800.0,-16.870000839233402,14.456000328063965,38.83300018310547,99800.0,1.7079792022705078,1.2531900405883791,-0.3536909818649292,99800.0,999.97998046875,99800.0,1.055196762084961,-1.1460213661193848,-3.2829976081848145,99800.0,-9.681256294250488,-0.17975597083568573,1.5528484582901,99800.0,-17.636287689208984,-11.23060131072998,-4.505289077758789
1894,99900.0,-19.850000381469727,18.8700008392334,36.233001708984375,99900.0,2.3677136898040767,0.5650503635406494,0.7244861721992493,99900.0,999.8800048828124,99900.0,0.4108114242553711,1.3797464370727541,-2.3286550045013428,99900.0,-8.17255973815918,-5.211182594299316,-1.491040587425232,99900.0,-7.117362976074219,-6.357203960418701,-4.774038314819336
1895,100000.0,-24.40900039672852,27.218000411987305,27.483999252319336,100000.0,1.2672399282455444,1.9898935556411743,0.2519819140434265,100000.0,999.9600219726564,100000.0,-0.07887840270996094,-0.9233269691467284,1.5976766347885132,100000.0,-9.227458953857422,-3.2705671787261963,-0.5725187659263611,100000.0,-8.81664752960205,-1.8908207416534424,-2.9011738300323486
1896,100100.0,-26.51300048828125,31.988000869750977,21.684999465942386,100100.0,1.2672399282455444,1.9898935556411743,0.2519819140434265,100100.0,999.9600219726564,100100.0,-0.07887840270996094,-0.9233269691467284,1.5976766347885132,100100.0,-9.227458953857422,-3.2705671787261963,-0.5725187659263611,100100.0,-8.81664752960205,-1.8908207416534424,-2.9011738300323486
1897,100200.0,-26.94700050354004,35.85800170898437,18.44599914550781,100200.0,1.2116512060165403,0.8243626356124878,1.9999728202819824,100200.0,999.9500122070312,100200.0,-7.255125045776367,-7.80573558807373,3.745697498321533,100200.0,-8.153584480285645,-4.3133907318115225,-3.3292829990386963,100200.0,-8.232462882995605,-5.236717700958252,-1.731606364250183
1898,100300.0,-18.38800048828125,44.486000061035156,16.899999618530273,100300.0,1.2116512060165403,0.8243626356124878,1.9999728202819824,100300.0,999.9500122070312,100300.0,-7.255125045776367,-7.80573558807373,3.745697498321533,100300.0,-8.153584480285645,-4.3133907318115225,-3.3292829990386963,100300.0,-8.232462882995605,-5.236717700958252,-1.731606364250183
1899,100400.0,-6.119999885559082,49.82400131225586,9.93299961090088,100400.0,1.708284616470337,-1.2699888944625854,2.333810567855835,100400.0,999.8300170898438,100400.0,1.4904251098632812,2.1147809028625493,-4.286910533905028,100400.0,-8.784830093383789,-1.9069424867630005,-3.919277191162109,100400.0,-16.039955139160153,-9.71267795562744,-0.1735796183347702
1900,100000.0,-24.40900039672852,27.218000411987305,27.483999252319336,100000.0,1.2672399282455444,1.9898935556411743,0.2519819140434265,100000.0,999.9600219726564,100000.0,-0.07887840270996094,-0.9233269691467284,1.5976766347885132,100000.0,-9.227458953857422,-3.2705671787261963,-0.5725187659263611,100000.0,-8.81664752960205,-1.8908207416534424,-2.9011738300323486
1901,100100.0,-26.51300048828125,31.988000869750977,21.684999465942386,100100.0,1.2672399282455444,1.9898935556411743,0.2519819140434265,100100.0,999.9600219726564,100100.0,-0.07887840270996094,-0.9233269691467284,1.5976766347885132,100100.0,-9.227458953857422,-3.2705671787261963,-0.5725187659263611,100100.0,-8.81664752960205,-1.8908207416534424,-2.9011738300323486
1902,100200.0,-26.94700050354004,35.85800170898437,18.44599914550781,100200.0,1.2116512060165403,0.8243626356124878,1.9999728202819824,100200.0,999.9500122070312,100200.0,-7.255125045776367,-7.80573558807373,3.745697498321533,100200.0,-8.153584480285645,-4.3133907318115225,-3.3292829990386963,100200.0,-8.232462882995605,-5.236717700958252,-1.731606364250183
1903,100300.0,-18.38800048828125,44.486000061035156,16.899999618530273,100300.0,1.2116512060165403,0.8243626356124878,1.9999728202819824,100300.0,999.9500122070312,100300.0,-7.255125045776367,-7.80573558807373,3.745697498321533,100300.0,-8.153584480285645,-4.3133907318115225,-3.3292829990386963,100300.0,-8.232462882995605,-5.236717700958252,-1.731606364250183
1904,100400.0,-6.119999885559082,49.82400131225586,9.93299961090088,100400.0,1.708284616470337,-1.2699888944625854,2.333810567855835,100400.0,999.8300170898438,100400.0,1.4904251098632812,2.1147809028625493,-4.286910533905028,100400.0,-8.784830093383789,-1.9069424867630005,-3.919277191162109,100400.0,-16.039955139160153,-9.71267795562744,-0.1735796183347702
1905,100500.0,3.6719999313354488,50.32899856567383,-7.040999889373777,100500.0,1.708284616470337,-1.2699888944625854,2.333810567855835,100500.0,999.8300170898438,100500.0,1.4904251098632812,2.1147809028625493,-4.286910533905028,100500.0,-8.784830093383789,-1.9069424867630005,-3.919277191162109,100500.0,-16.039955139160153,-9.71267795562744,-0.1735796183347702
1906,100600.0,5.313000202178955,50.32899856567383,-9.621999740600586,100600.0,0.19089539349079127,-0.9065240025520324,-0.21563543379306802,100600.0,999.719970703125,100600.0,1.4293427467346191,8.056320190429688,2.0590124130249023,100600.0,-9.70433235168457,0.13876140117645264,1.4060872793197632,100600.0,-8.213907241821289,2.253542423248291,-2.880823135375977
1907,100700.0,5.876999855041504,50.29700088500977,-9.604999542236328,100700.0,0.19089539349079127,-0.9065240025520324,-0.21563543379306802,100700.0,999.719970703125,100700.0,1.4293427467346191,8.056320190429688,2.0590124130249023,100700.0,-9.70433235168457,0.13876140117645264,1.4060872793197632,100700.0,-8.213907241821289,2.253542423248291,-2.880823135375977
1908,100800.0,1.4279999732971191,51.01399993896485,-8.125,100800.0,0.5534439086914062,0.8176431059837341,-2.0809123516082764,100800.0,999.8200073242188,100800.0,-1.0115299224853516,0.7179069519042969,3.149847507476806,100800.0,-9.132686614990234,-3.513322114944458,0.6488298177719116,100800.0,-7.703343868255615,4.54299783706665,2.7078421115875244
1909,100900.0,-6.120999813079834,51.67300033569336,-13.586999893188475,100900.0,0.13744467496871948,1.1612548828125,-1.588249683380127,100900.0,999.9099731445312,100900.0,-5.07811975479126,-0.5518364906311035,2.5307435989379883,100900.0,-7.167062759399414,-6.546590805053711,-1.3948978185653689,100900.0,-8.178592681884767,-5.828683853149414,1.7549498081207275
1910,100500.0,3.6719999313354488,50.32899856567383,-7.040999889373777,100500.0,1.708284616470337,-1.2699888944625854,2.333810567855835,100500.0,999.8300170898438,100500.0,1.4904251098632812,2.1147809028625493,-4.286910533905028,100500.0,-8.784830093383789,-1.9069424867630005,-3.919277191162109,100500.0,-16.039955139160153,-9.71267795562744,-0.1735796183347702
1911,100600.0,5.313000202178955,50.32899856567383,-9.621999740600586,100600.0,0.19089539349079127,-0.9065240025520324,-0.21563543379306802,100600.0,999.719970703125,100600.0,1.4293427467346191,8.056320190429688,2.0590124130249023,100600.0,-9.70433235168457,0.13876140117645264,1.4060872793197632,100600.0,-8.213907241821289,2.253542423248291,-2.880823135375977
1912,100700.0,5.876999855041504,50.29700088500977,-9.604999542236328,100700.0,0.19089539349079127,-0.9065240025520324,-0.21563543379306802,100700.0,999.719970703125,100700.0,1.4293427467346191,8.056320190429688,2.0590124130249023,100700.0,-9.70433235168457,0.13876140117645264,1.4060872793197632,100700.0,-8.213907241821289,2.253542423248291,-2.880823135375977
1913,100800.0,1.4279999732971191,51.01399993896485,-8.125,100800.0,0.5534439086914062,0.8176431059837341,-2.0809123516082764,100800.0,999.8200073242188,100800.0,-1.0115299224853516,0.7179069519042969,3.149847507476806,100800.0,-9.132686614990234,-3.513322114944458,0.6488298177719116,100800.0,-7.703343868255615,4.54299783706665,2.7078421115875244
1914,100900.0,-6.120999813079834,51.67300033569336,-13.586999893188475,100900.0,0.13744467496871948,1.1612548828125,-1.588249683380127,100900.0,999.9099731445312,100900.0,-5.07811975479126,-0.5518364906311035,2.5307435989379883,100900.0,-7.167062759399414,-6.546590805053711,-1.3948978185653689,100900.0,-8.178592681884767,-5.828683853149414,1.7549498081207275
1915,101000.0,-8.430000305175781,51.67300033569336,-19.856000900268555,101000.0,0.13744467496871948,1.1612548828125,-1.588249683380127,101000.0,999.9099731445312,101000.0,-5.07811975479126,-0.5518364906311035,2.5307435989379883,101000.0,-7.167062759399414,-6.546590805053711,-1.3948978185653689,101000.0,-8.178592681884767,-5.828683853149414,1.7549498081207275
1916,101100.0,-11.81999969482422,51.67300033569336,-22.542999267578125,101100.0,-0.2544253766536713,1.1102476119995115,-0.2947424948215485,101100.0,999.9099731445312,101100.0,0.1540517807006836,1.2984764575958252,1.1146290302276611,101100.0,-7.477672100067139,-5.952012538909912,-2.1973509788513184,101100.0,-12.555791854858398,-6.5038490295410165,0.33339259028434753
1917,101200.0,-12.75,50.2130012512207,-23.0629997253418,101200.0,-0.2544253766536713,1.1102476119995115,-0.2947424948215485,101200.0,999.9099731445312,101200.0,0.1540517807006836,1.2984764575958252,1.1146290302276611,101200.0,-7.477672100067139,-5.952012538909912,-2.1973509788513184,101200.0,-12.555791854858398,-6.5038490295410165,0.33339259028434753
1918,101300.0,-11.904000282287598,50.19200134277344,-23.1200008392334,101300.0,0.4273002445697784,0.5836817622184753,-0.4199698567390442,101300.0,999.9000244140624,101300.0,-0.8634042739868164,1.1798498630523682,0.34992754459381104,101300.0,-8.625934600830076,-3.8554837703704834,-2.6265673637390137,101300.0,-8.471882820129395,-2.557007312774658,-1.5119383335113523
1919,101400.0,-12.220000267028807,50.19200134277344,-23.43899917602539,101400.0,0.4273002445697784,0.5836817622184753,-0.4199698567390442,101400.0,999.9000244140624,101400.0,-0.8634042739868164,1.1798498630523682,0.34992754459381104,101400.0,-8.625934600830076,-3.8554837703704834,-2.6265673637390137,101400.0,-8.471882820129395,-2.557007312774658,-1.5119383335113523
1920,101000.0,-8.430000305175781,51.67300033569336,-19.856000900268555,101000.0,0.13744467496871948,1.1612548828125,-1.588249683380127,101000.0,999.9099731445312,101000.0,-5.07811975479126,-0.5518364906311035,2.5307435989379883,101000.0,-7.167062759399414,-6.546590805053711,-1.3948978185653689,101000.0,-8.178592681884767,-5.828683853149414,1.7549498081207275
1921,101100.0,-11.81999969482422,51.67300033569336,-22.542999267578125,101100.0,-0.2544253766536713,1.1102476119995115,-0.2947424948215485,101100.0,999.9099731445312,101100.0,0.1540517807006836,1.2984764575958252,1.1146290302276611,101100.0,-7.477672100067139,-5.952012538909912,-2.1973509788513184,101100.0,-12.555791854858398,-6.5038490295410165,0.33339259028434753
1922,101200.0,-12.75,50.2130012512207,-23.0629997253418,101200.0,-0.2544253766536713,1.1102476119995115,-0.2947424948215485,101200.0,999.9099731445312,101200.0,0.1540517807006836,1.2984764575958252,1.1146290302276611,101200.0,-7.477672100067139,-5.952012538909912,-2.1973509788513184,101200.0,-12.555791854858398,-6.5038490295410165,0.33339259028434753
1923,101300.0,-11.904000282287598,50.19200134277344,-23.1200008392334,101300.0,0.4273002445697784,0.5836817622184753,-0.4199698567390442,101300.0,999.9000244140624,101300.0,-0.8634042739868164,1.1798498630523682,0.34992754459381104,101300.0,-8.625934600830076,-3.8554837703704834,-2.6265673637390137,101300.0,-8.471882820129395,-2.557007312774658,-1.5119383335113523
1924,101400.0,-12.220000267028807,50.19200134277344,-23.43899917602539,101400.0,0.4273002445697784,0.5836817622184753,-0.4199698567390442,101400.0,999.9000244140624,101400.0,-0.8634042739868164,1.1798498630523682,0.34992754459381104,101400.0,-8.625934600830076,-3.8554837703704834,-2.6265673637390137,101400.0,-8.471882820129395,-2.557007312774658,-1.5119383335113523
1925,101500.0,-12.597000122070312,50.19200134277344,-24.766000747680664,101500.0,0.5830708742141724,0.2299907654523849,-0.2696970105171204,101500.0,999.9500122070312,101500.0,-1.819293975830078,-1.6795763969421391,-2.1764507293701167,101500.0,-8.786425590515138,-4.137287616729736,-1.3608791828155518,101500.0,-9.649829864501953,-2.957437753677368,-1.0109516382217407
1926,101600.0,-12.986000061035154,50.19200134277344,-28.15699958801269,101600.0,0.5830708742141724,0.2299907654523849,-0.2696970105171204,101600.0,999.9500122070312,101600.0,-1.819293975830078,-1.6795763969421391,-2.1764507293701167,101600.0,-8.786425590515138,-4.137287616729736,-1.3608791828155518,101600.0,-9.649829864501953,-2.957437753677368,-1.0109516382217407
1927,101700.0,-14.60099983215332,49.88000106811523,-30.915000915527344,101700.0,0.5647448897361755,0.2562579810619354,0.07422012835741043,101700.0,999.9099731445312,101700.0,0.7829399108886719,-3.3561341762542725,1.0056816339492798,101700.0,-8.895956039428711,-4.030594825744629,-0.8869301676750183,101700.0,-10.715250015258787,-5.710171222686768,-3.0633809566497803
1928,101800.0,-17.722999572753906,49.51599884033203,-33.5260009765625,101800.0,1.256549835205078,-0.778853178024292,0.7623597979545593,101800.0,999.9199829101564,101800.0,2.367176055908203,-3.7585430145263667,-1.0752315521240234,101800.0,-9.017796516418457,-3.7618277072906494,-0.8356932997703552,101800.0,-8.234856605529785,-7.117961883544923,0.16998831927776334
1929,101900.0,-18.16699981689453,48.87200164794922,-38.46500015258789,101900.0,1.256549835205078,-0.778853178024292,0.7623597979545593,101900.0,999.9199829101564,101900.0,2.367176055908203,-3.7585430145263667,-1.0752315521240234,101900.0,-9.017796516418457,-3.7618277072906494,-0.8356932997703552,101900.0,-8.234856605529785,-7.117961883544923,0.16998831927776334
1930,101500.0,-12.597000122070312,50.19200134277344,-24.766000747680664,101500.0,0.5830708742141724,0.2299907654523849,-0.2696970105171204,101500.0,999.9500122070312,101500.0,-1.819293975830078,-1.6795763969421391,-2.1764507293701167,101500.0,-8.786425590515138,-4.137287616729736,-1.3608791828155518,101500.0,-9.649829864501953,-2.957437753677368,-1.0109516382217407
1931,101600.0,-12.986000061035154,50.19200134277344,-28.15699958801269,101600.0,0.5830708742141724,0.2299907654523849,-0.2696970105171204,101600.0,999.9500122070312,101600.0,-1.819293975830078,-1.6795763969421391,-2.1764507293701167,101600.0,-8.786425590515138,-4.137287616729736,-1.3608791828155518,101600.0,-9.649829864501953,-2.957437753677368,-1.0109516382217407
1932,101700.0,-14.60099983215332,49.88000106811523,-30.915000915527344,101700.0,0.5647448897361755,0.2562579810619354,0.07422012835741043,101700.0,999.9099731445312,101700.0,0.7829399108886719,-3.3561341762542725,1.0056816339492798,101700.0,-8.895956039428711,-4.030594825744629,-0.8869301676750183,101700.0,-10.715250015258787,-5.710171222686768,-3.0633809566497803
1933,101800.0,-17.722999572753906,49.51599884033203,-33.5260009765625,101800.0,1.256549835205078,-0.778853178024292,0.7623597979545593,101800.0,999.9199829101564,101800.0,2.367176055908203,-3.7585430145263667,-1.0752315521240234,101800.0,-9.017796516418457,-3.7618277072906494,-0.8356932997703552,101800.0,-8.234856605529785,-7.117961883544923,0.16998831927776334
1934,101900.0,-18.16699981689453,48.87200164794922,-38.46500015258789,101900.0,1.256549835205078,-0.778853178024292,0.7623597979545593,101900.0,999.9199829101564,101900.0,2.367176055908203,-3.7585430145263667,-1.0752315521240234,101900.0,-9.017796516418457,-3.7618277072906494,-0.8356932997703552,101900.0,-8.234856605529785,-7.117961883544923,0.16998831927776334
1935,102000.0,-17.650999069213867,48.5009994506836,-42.18899917602539,102000.0,0.3714060783386231,-0.3790418803691864,1.0375546216964722,102000.0,999.8099975585938,102000.0,0.8543682098388672,-1.9001973867416384,-0.4792910814285278,102000.0,-9.455808639526367,-2.3490653038024902,1.1135387420654297,102000.0,-7.088632583618164,-6.107608318328857,0.038307227194309235
1936,102100.0,-16.80900001525879,48.14699935913086,-44.83000183105469,102100.0,0.3714060783386231,-0.3790418803691864,1.0375546216964722,102100.0,999.8099975585938,102100.0,0.8543682098388672,-1.9001973867416384,-0.4792910814285278,102100.0,-9.455808639526367,-2.3490653038024902,1.1135387420654297,102100.0,-7.088632583618164,-6.107608318328857,0.038307227194309235
1937,102200.0,-14.098999977111815,47.78099822998047,-45.90999984741211,102200.0,0.15515977144241333,-0.6820310354232788,0.13775011897087094,102200.0,999.8499755859376,102200.0,2.9265360832214355,-1.0123156309127808,-0.3360879421234131,102200.0,-9.629117012023926,-0.22405806183815,1.8439860343933103,102200.0,-8.774748802185059,-2.124255418777466,1.3646949529647827
1938,102300.0,-12.286999702453613,47.415000915527344,-46.37099838256836,102300.0,0.15515977144241333,-0.6820310354232788,0.13775011897087094,102300.0,999.8499755859376,102300.0,2.9265360832214355,-1.0123156309127808,-0.3360879421234131,102300.0,-9.629117012023926,-0.22405806183815,1.8439860343933103,102300.0,-8.774748802185059,-2.124255418777466,1.3646949529647827
1939,102400.0,-9.697999954223633,47.10800170898438,-47.32500076293945,102400.0,0.11728613078594208,-0.0042760567739605895,-0.9908234477043152,102400.0,999.8400268554688,102400.0,-6.710602760314941,0.038092494010925286,-4.039947986602783,102400.0,-9.33641242980957,0.28148558735847473,2.987067699432373,102400.0,-6.409876346588135,-0.7308300733566284,2.65097975730896
1940,102000.0,-17.650999069213867,48.5009994506836,-42.18899917602539,102000.0,0.3714060783386231,-0.3790418803691864,1.0375546216964722,102000.0,999.8099975585938,102000.0,0.8543682098388672,-1.9001973867416384,-0.4792910814285278,102000.0,-9.455808639526367,-2.3490653038024902,1.1135387420654297,102000.0,-7.088632583618164,-6.107608318328857,0.038307227194309235
1941,102100.0,-16.80900001525879,48.14699935913086,-44.83000183105469,102100.0,0.3714060783386231,-0.3790418803691864,1.0375546216964722,102100.0,999.8099975585938,102100.0,0.8543682098388672,-1.9001973867416384,-0.4792910814285278,102100.0,-9.455808639526367,-2.3490653038024902,1.1135387420654297,102100.0,-7.088632583618164,-6.107608318328857,0.038307227194309235
1942,102200.0,-14.098999977111815,47.78099822998047,-45.90999984741211,102200.0,0.15515977144241333,-0.6820310354232788,0.13775011897087094,102200.0,999.8499755859376,102200.0,2.9265360832214355,-1.0123156309127808,-0.3360879421234131,102200.0,-9.629117012023926,-0.22405806183815,1.8439860343933103,102200.0,-8.774748802185059,-2.124255418777466,1.3646949529647827
1943,102300.0,-12.286999702453613,47.415000915527344,-46.37099838256836,102300.0,0.15515977144241333,-0.6820310354232788,0.13775011897087094,102300.0,999.8499755859376,102300.0,2.9265360832214355,-1.0123156309127808,-0.3360879421234131,102300.0,-9.629117012023926,-0.22405806183815,1.8439860343933103,102300.0,-8.774748802185059,-2.124255418777466,1.3646949529647827
1944,102400.0,-9.697999954223633,47.10800170898438,-47.32500076293945,102400.0,0.11728613078594208,-0.0042760567739605895,-0.9908234477043152,102400.0,999.8400268554688,102400.0,-6.710602760314941,0.038092494010925286,-4.039947986602783,102400.0,-9.33641242980957,0.28148558735847473,2.987067699432373,102400.0,-6.409876346588135,-0.7308300733566284,2.65097975730896
1945,102500.0,-8.706000328063965,47.10800170898438,-47.96900177001953,102500.0,0.11728613078594208,-0.0042760567739605895,-0.9908234477043152,102500.0,999.8400268554688,102500.0,-6.710602760314941,0.038092494010925286,-4.039947986602783,102500.0,-9.33641242980957,0.28148558735847473,2.987067699432373,102500.0,-6.409876346588135,-0.7308300733566284,2.65097975730896
1946,102600.0,-9.338000297546387,48.27399826049805,-48.39099884033203,102600.0,-0.6401867866516113,0.967915952205658,-0.7687739133834839,102600.0,999.7899780273438,102600.0,2.61031436920166,-2.3608722686767583,-1.2293068170547483,102600.0,-9.344914436340332,-1.305822253227234,2.671661853790283,102600.0,-16.055517196655273,-1.2677297592163086,-1.3682862520217896
1947,102700.0,-7.998000144958496,52.00299835205078,-48.39099884033203,102700.0,0.09315694868564606,0.5580254197120667,-0.3915646076202393,102700.0,999.8499755859376,102700.0,0.9653005599975586,0.3802390098571777,-1.379824161529541,102700.0,-9.403263092041016,-2.701667308807373,0.6708592772483826,102700.0,-6.792948722839356,-5.062539577484131,-0.558447539806366
1948,102800.0,-7.675000190734862,53.39300155639648,-47.31399917602539,102800.0,0.09315694868564606,0.5580254197120667,-0.3915646076202393,102800.0,999.8499755859376,102800.0,0.9653005599975586,0.3802390098571777,-1.379824161529541,102800.0,-9.403263092041016,-2.701667308807373,0.6708592772483826,102800.0,-6.792948722839356,-5.062539577484131,-0.558447539806366
1949,102900.0,-7.257999897003174,53.70100021362305,-46.98300170898438,102900.0,-0.16249015927314758,0.6633996367454529,-0.13439035415649414,102900.0,999.8400268554688,102900.0,1.1336908340454102,-1.3349483013153076,0.462995171546936,102900.0,-9.27617359161377,-3.167688369750977,-0.2979126870632172,102900.0,-8.310873031616211,-2.787449359893799,-1.6777368783950806
1950,102500.0,-8.706000328063965,47.10800170898438,-47.96900177001953,102500.0,0.11728613078594208,-0.0042760567739605895,-0.9908234477043152,102500.0,999.8400268554688,102500.0,-6.710602760314941,0.038092494010925286,-4.039947986602783,102500.0,-9.33641242980957,0.28148558735847473,2.987067699432373,102500.0,-6.409876346588135,-0.7308300733566284,2.65097975730896
1951,102600.0,-9.338000297546387,48.27399826049805,-48.39099884033203,102600.0,-0.6401867866516113,0.967915952205658,-0.7687739133834839,102600.0,999.7899780273438,102600.0,2.61031436920166,-2.3608722686767583,-1.2293068170547483,102600.0,-9.344914436340332,-1.305822253227234,2.671661853790283,102600.0,-16.055517196655273,-1.2677297592163086,-1.3682862520217896
1952,102700.0,-7.998000144958496,52.00299835205078,-48.39099884033203,102700.0,0.09315694868564606,0.5580254197120667,-0.3915646076202393,102700.0,999.8499755859376,102700.0,0.9653005599975586,0.3802390098571777,-1.379824161529541,102700.0,-9.403263092041016,-2.701667308807373,0.6708592772483826,102700.0,-6.792948722839356,-5.062539577484131,-0.558447539806366
1953,102800.0,-7.675000190734862,53.39300155639648,-47.31399917602539,102800.0,0.09315694868564606,0.5580254197120667,-0.3915646076202393,102800.0,999.8499755859376,102800.0,0.9653005599975586,0.3802390098571777,-1.379824161529541,102800.0,-9.403263092041016,-2.701667308807373,0.6708592772483826,102800.0,-6.792948722839356,-5.062539577484131,-0.558447539806366
1954,102900.0,-7.257999897003174,53.70100021362305,-46.98300170898438,102900.0,-0.16249015927314758,0.6633996367454529,-0.13439035415649414,102900.0,999.8400268554688,102900.0,1.1336908340454102,-1.3349483013153076,0.462995171546936,102900.0,-9.27617359161377,-3.167688369750977,-0.2979126870632172,102900.0,-8.310873031616211,-2.787449359893799,-1.6777368783950806
1955,103000.0,-6.124000072479247,53.70100021362305,-46.67499923706055,103000.0,-0.16249015927314758,0.6633996367454529,-0.13439035415649414,103000.0,999.8400268554688,103000.0,1.1336908340454102,-1.3349483013153076,0.462995171546936,103000.0,-9.27617359161377,-3.167688369750977,-0.2979126870632172,103000.0,-8.310873031616211,-2.787449359893799,-1.6777368783950806
1956,103100.0,-4.400000095367432,54.5629997253418,-45.82600021362305,103100.0,0.3338378667831421,0.11453723162412645,-0.2657263875007629,103100.0,999.7899780273438,103100.0,0.4291086196899414,-0.6570775508880615,-0.7176045179367065,103100.0,-9.136309623718262,-3.2002680301666264,-1.567320704460144,103100.0,-8.002618789672853,-4.535216331481934,-1.104325532913208
1957,103200.0,-3.8980000019073486,55.29999923706055,-45.52000045776367,103200.0,0.3338378667831421,0.11453723162412645,-0.2657263875007629,103200.0,999.7899780273438,103200.0,0.4291086196899414,-0.6570775508880615,-0.7176045179367065,103200.0,-9.136309623718262,-3.2002680301666264,-1.567320704460144,103200.0,-8.002618789672853,-4.535216331481934,-1.104325532913208
1958,103300.0,-3.4860000610351562,55.29999923706055,-45.52000045776367,103300.0,0.10873401165008544,-0.03298672288656235,-0.2822197377681732,103300.0,999.8300170898438,103300.0,-1.6882734298706057,-2.8131334781646733,1.0992671251296997,103300.0,-8.995562553405762,-3.559111833572388,-1.6071652173995972,103300.0,-8.56645393371582,-4.216189384460448,-2.324769735336304
1959,103400.0,-2.746000051498413,54.4109992980957,-48.63199996948242,103400.0,0.10873401165008544,-0.03298672288656235,-0.2822197377681732,103400.0,999.8300170898438,103400.0,-1.6882734298706057,-2.8131334781646733,1.0992671251296997,103400.0,-8.995562553405762,-3.559111833572388,-1.6071652173995972,103400.0,-8.56645393371582,-4.216189384460448,-2.324769735336304
1960,103000.0,-6.124000072479247,53.70100021362305,-46.67499923706055,103000.0,-0.16249015927314758,0.6633996367454529,-0.13439035415649414,103000.0,999.8400268554688,103000.0,1.1336908340454102,-1.3349483013153076,0.462995171546936,103000.0,-9.27617359161377,-3.167688369750977,-0.2979126870632172,103000.0,-8.310873031616211,-2.787449359893799,-1.6777368783950806
1961,103100.0,-4.400000095367432,54.5629997253418,-45.82600021362305,103100.0,0.3338378667831421,0.11453723162412645,-0.2657263875007629,103100.0,999.7899780273438,103100.0,0.4291086196899414,-0.6570775508880615,-0.7176045179367065,103100.0,-9.136309623718262,-3.2002680301666264,-1.567320704460144,103100.0,-8.002618789672853,-4.535216331481934,-1.104325532913208
1962,103200.0,-3.8980000019073486,55.29999923706055,-45.52000045776367,103200.0,0.3338378667831421,0.11453723162412645,-0.2657263875007629,103200.0,999.7899780273438,103200.0,0.4291086196899414,-0.6570775508880615,-0.7176045179367065,103200.0,-9.136309623718262,-3.2002680301666264,-1.567320704460144,103200.0,-8.002618789672853,-4.535216331481934,-1.104325532913208
1963,103300.0,-3.4860000610351562,55.29999923706055,-45.52000045776367,103300.0,0.10873401165008544,-0.03298672288656235,-0.2822197377681732,103300.0,999.8300170898438,103300.0,-1.6882734298706057,-2.8131334781646733,1.0992671251296997,103300.0,-8.995562553405762,-3.559111833572388,-1.6071652173995972,103300.0,-8.56645393371582,-4.216189384460448,-2.324769735336304
1964,103400.0,-2.746000051498413,54.4109992980957,-48.63199996948242,103400.0,0.10873401165008544,-0.03298672288656235,-0.2822197377681732,103400.0,999.8300170898438,103400.0,-1.6882734298706057,-2.8131334781646733,1.0992671251296997,103400.0,-8.995562553405762,-3.559111833572388,-1.6071652173995972,103400.0,-8.56645393371582,-4.216189384460448,-2.324769735336304
1965,103500.0,-2.746000051498413,51.24499893188477,-51.00500106811523,103500.0,0.7941248416900635,-0.16493362188339233,0.5189300179481506,103500.0,999.8499755859376,103500.0,0.3063783645629883,-0.2683243751525879,0.2745891213417053,103500.0,-8.877338409423828,-3.896616697311402,-1.476353883743286,103500.0,-10.565611839294434,-6.709750175476074,-0.3770867586135864
1966,103600.0,-2.746000051498413,45.05599975585938,-55.40900039672852,103600.0,-0.06261368840932846,-0.7473936080932617,0.8084801435470581,103600.0,999.9099731445312,103600.0,0.245391845703125,-3.301055908203125,0.909468114376068,103600.0,-9.31994915008545,-2.968636274337769,-0.7043483257293701,103600.0,-9.013570785522461,-3.2369606494903564,-0.4297592043876648
1967,103700.0,-2.746000051498413,38.59500122070313,-59.92499923706055,103700.0,-0.06261368840932846,-0.7473936080932617,0.8084801435470581,103700.0,999.9099731445312,103700.0,0.245391845703125,-3.301055908203125,0.909468114376068,103700.0,-9.31994915008545,-2.968636274337769,-0.7043483257293701,103700.0,-9.013570785522461,-3.2369606494903564,-0.4297592043876648
1968,103800.0,-2.746000051498413,33.94699859619141,-60.77799987792969,103800.0,0.3735440969467163,-1.2052371501922607,1.2131783962249756,103800.0,999.7999877929688,103800.0,2.1577959060668945,-2.894782304763794,-0.8015140295028687,103800.0,-9.691116333007812,-1.3873896598815918,0.5725427269935608,103800.0,-9.445724487304688,-4.688445568084717,1.4820108413696291
1969,103900.0,-3.075999975204468,29.93400001525879,-61.42399978637695,103900.0,0.3735440969467163,-1.2052371501922607,1.2131783962249756,103900.0,999.7999877929688,103900.0,2.1577959060668945,-2.894782304763794,-0.8015140295028687,103900.0,-9.691116333007812,-1.3873896598815918,0.5725427269935608,103900.0,-9.445724487304688,-4.688445568084717,1.4820108413696291
1970,103500.0,-2.746000051498413,51.24499893188477,-51.00500106811523,103500.0,0.7941248416900635,-0.16493362188339233,0.5189300179481506,103500.0,999.8499755859376,103500.0,0.3063783645629883,-0.2683243751525879,0.2745891213417053,103500.0,-8.877338409423828,-3.896616697311402,-1.476353883743286,103500.0,-10.565611839294434,-6.709750175476074,-0.3770867586135864
1971,103600.0,-2.746000051498413,45.05599975585938,-55.40900039672852,103600.0,-0.06261368840932846,-0.7473936080932617,0.8084801435470581,103600.0,999.9099731445312,103600.0,0.245391845703125,-3.301055908203125,0.909468114376068,103600.0,-9.31994915008545,-2.968636274337769,-0.7043483257293701,103600.0,-9.013570785522461,-3.2369606494903564,-0.4297592043876648
1972,103700.0,-2.746000051498413,38.59500122070313,-59.92499923706055,103700.0,-0.06261368840932846,-0.7473936080932617,0.8084801435470581,103700.0,999.9099731445312,103700.0,0.245391845703125,-3.301055908203125,0.909468114376068,103700.0,-9.31994915008545,-2.968636274337769,-0.7043483257293701,103700.0,-9.013570785522461,-3.2369606494903564,-0.4297592043876648
1973,103800.0,-2.746000051498413,33.94699859619141,-60.77799987792969,103800.0,0.3735440969467163,-1.2052371501922607,1.2131783962249756,103800.0,999.7999877929688,103800.0,2.1577959060668945,-2.894782304763794,-0.8015140295028687,103800.0,-9.691116333007812,-1.3873896598815918,0.5725427269935608,103800.0,-9.445724487304688,-4.688445568084717,1.4820108413696291
1974,103900.0,-3.075999975204468,29.93400001525879,-61.42399978637695,103900.0,0.3735440969467163,-1.2052371501922607,1.2131783962249756,103900.0,999.7999877929688,103900.0,2.1577959060668945,-2.894782304763794,-0.8015140295028687,103900.0,-9.691116333007812,-1.3873896598815918,0.5725427269935608,103900.0,-9.445724487304688,-4.688445568084717,1.4820108413696291
1975,104000.0,-5.580999851226807,27.290000915527344,-61.30599975585938,104000.0,-0.2782491147518158,-0.8506298661231995,-0.4098905920982361,104000.0,999.7000122070312,104000.0,3.574598789215088,0.0007192492485046388,-0.9178378582000732,104000.0,-9.3966646194458,0.9919903874397278,2.624698638916016,104000.0,-7.238868713378906,-1.9027918577194207,1.823184609413147
1976,104100.0,-6.690000057220459,27.62400054931641,-61.66600036621094,104100.0,-0.2782491147518158,-0.8506298661231995,-0.4098905920982361,104100.0,999.7000122070312,104100.0,3.574598789215088,0.0007192492485046388,-0.9178378582000732,104100.0,-9.3966646194458,0.9919903874397278,2.624698638916016,104100.0,-7.238868713378906,-1.9027918577194207,1.823184609413147
1977,104200.0,-4.4660000801086435,27.98699951171875,-62.30400085449219,104200.0,-0.4538728892803192,0.32559117674827576,-0.6811147332191467,104200.0,999.780029296875,104200.0,7.0929908752441415,1.0788486003875732,-2.8120133876800537,104200.0,-8.91845703125,0.3626008629798889,4.062023162841797,104200.0,-5.343858242034912,0.3633201122283936,3.144185304641724
1978,104300.0,-2.719000101089477,27.30699920654297,-63.16799926757813,104300.0,-0.4538728892803192,0.32559117674827576,-0.6811147332191467,104300.0,999.780029296875,104300.0,7.0929908752441415,1.0788486003875732,-2.8120133876800537,104300.0,-8.91845703125,0.3626008629798889,4.062023162841797,104300.0,-5.343858242034912,0.3633201122283936,3.144185304641724
1979,104400.0,2.7920000553131104,27.30699920654297,-63.7400016784668,104400.0,-0.4004221558570862,-0.626747727394104,-0.7669413089752197,104400.0,999.7899780273438,104400.0,0.05036163330078125,-1.5082988739013672,-1.8685698509216309,104400.0,-9.12806224822998,-0.8322457671165466,3.4865796566009517,104400.0,-2.0350713729858403,0.24660277366638186,0.6745663285255432
1980,104000.0,-5.580999851226807,27.290000915527344,-61.30599975585938,104000.0,-0.2782491147518158,-0.8506298661231995,-0.4098905920982361,104000.0,999.7000122070312,104000.0,3.574598789215088,0.0007192492485046388,-0.9178378582000732,104000.0,-9.3966646194458,0.9919903874397278,2.624698638916016,104000.0,-7.238868713378906,-1.9027918577194207,1.823184609413147
1981,104100.0,-6.690000057220459,27.62400054931641,-61.66600036621094,104100.0,-0.2782491147518158,-0.8506298661231995,-0.4098905920982361,104100.0,999.7000122070312,104100.0,3.574598789215088,0.0007192492485046388,-0.9178378582000732,104100.0,-9.3966646194458,0.9919903874397278,2.624698638916016,104100.0,-7.238868713378906,-1.9027918577194207,1.823184609413147
1982,104200.0,-4.4660000801086435,27.98699951171875,-62.30400085449219,104200.0,-0.4538728892803192,0.32559117674827576,-0.6811147332191467,104200.0,999.780029296875,104200.0,7.0929908752441415,1.0788486003875732,-2.8120133876800537,104200.0,-8.91845703125,0.3626008629798889,4.062023162841797,104200.0,-5.343858242034912,0.3633201122283936,3.144185304641724
1983,104300.0,-2.719000101089477,27.30699920654297,-63.16799926757813,104300.0,-0.4538728892803192,0.32559117674827576,-0.6811147332191467,104300.0,999.780029296875,104300.0,7.0929908752441415,1.0788486003875732,-2.8120133876800537,104300.0,-8.91845703125,0.3626008629798889,4.062023162841797,104300.0,-5.343858242034912,0.3633201122283936,3.144185304641724
1984,104400.0,2.7920000553131104,27.30699920654297,-63.7400016784668,104400.0,-0.4004221558570862,-0.626747727394104,-0.7669413089752197,104400.0,999.7899780273438,104400.0,0.05036163330078125,-1.5082988739013672,-1.8685698509216309,104400.0,-9.12806224822998,-0.8322457671165466,3.4865796566009517,104400.0,-2.0350713729858403,0.24660277366638186,0.6745663285255432
1985,104500.0,2.9110000133514404,27.85400009155273,-64.05699920654297,104500.0,-0.3399465084075928,0.03878994286060333,-0.21807889640331268,104500.0,999.8300170898438,104500.0,0.7281618118286133,-0.15407752990722656,-0.7052221298217773,104500.0,-8.489323616027832,-4.859080314636231,0.7007979154586792,104500.0,-8.438961982727049,-6.367379188537598,-1.1677719354629517
1986,104600.0,6.673999786376952,29.96500015258789,-64.05699920654297,104600.0,-0.3399465084075928,0.03878994286060333,-0.21807889640331268,104600.0,999.8300170898438,104600.0,0.7281618118286133,-0.15407752990722656,-0.7052221298217773,104600.0,-8.489323616027832,-4.859080314636231,0.7007979154586792,104600.0,-8.438961982727049,-6.367379188537598,-1.1677719354629517
1987,104700.0,7.021999835968018,32.345001220703125,-63.71099853515625,104700.0,-0.13927727937698364,0.1976149082183838,-0.18936823308467865,104700.0,999.8499755859376,104700.0,1.1167950630187988,-0.3316612243652344,-0.2453863620758057,104700.0,-8.938477516174316,-4.012432098388672,-0.4176584184169769,104700.0,-8.210315704345701,-4.1665096282958975,-1.1228805780410769
1988,104800.0,8.222000122070312,35.075000762939446,-60.55099868774414,104800.0,-0.13927727937698364,0.1976149082183838,-0.18936823308467865,104800.0,999.8499755859376,104800.0,1.1167950630187988,-0.3316612243652344,-0.2453863620758057,104800.0,-8.938477516174316,-4.012432098388672,-0.4176584184169769,104800.0,-8.210315704345701,-4.1665096282958975,-1.1228805780410769
1989,104900.0,8.925999641418457,36.75899887084961,-59.20700073242188,104900.0,0.1768454909324646,0.22082778811454773,-0.3228422701358795,104900.0,999.8400268554688,104900.0,-1.1588335037231443,-0.9196295738220216,-0.7001590132713318,104900.0,-8.901541709899902,-4.0688815116882315,-0.6141320466995239,104900.0,-7.784746646881103,-4.400542736053467,-0.8595184087753296
1990,104500.0,2.9110000133514404,27.85400009155273,-64.05699920654297,104500.0,-0.3399465084075928,0.03878994286060333,-0.21807889640331268,104500.0,999.8300170898438,104500.0,0.7281618118286133,-0.15407752990722656,-0.7052221298217773,104500.0,-8.489323616027832,-4.859080314636231,0.7007979154586792,104500.0,-8.438961982727049,-6.367379188537598,-1.1677719354629517
1991,104600.0,6.673999786376952,29.96500015258789,-64.05699920654297,104600.0,-0.3399465084075928,0.03878994286060333,-0.21807889640331268,104600.0,999.8300170898438,104600.0,0.7281618118286133,-0.15407752990722656,-0.7052221298217773,104600.0,-8.489323616027832,-4.859080314636231,0.7007979154586792,104600.0,-8.438961982727049,-6.367379188537598,-1.1677719354629517
1992,104700.0,7.021999835968018,32.345001220703125,-63.71099853515625,104700.0,-0.13927727937698364,0.1976149082183838,-0.18936823308467865,104700.0,999.8499755859376,104700.0,1.1167950630187988,-0.3316612243652344,-0.2453863620758057,104700.0,-8.938477516174316,-4.012432098388672,-0.4176584184169769,104700.0,-8.210315704345701,-4.1665096282958975,-1.1228805780410769
1993,104800.0,8.222000122070312,35.075000762939446,-60.55099868774414,104800.0,-0.13927727937698364,0.1976149082183838,-0.18936823308467865,104800.0,999.8499755859376,104800.0,1.1167950630187988,-0.3316612243652344,-0.2453863620758057,104800.0,-8.938477516174316,-4.012432098388672,-0.4176584184169769,104800.0,-8.210315704345701,-4.1665096282958975,-1.1228805780410769
1994,104900.0,8.925999641418457,36.75899887084961,-59.20700073242188,104900.0,0.1768454909324646,0.22082778811454773,-0.3228422701358795,104900.0,999.8400268554688,104900.0,-1.1588335037231443,-0.9196295738220216,-0.7001590132713318,104900.0,-8.901541709899902,-4.0688815116882315,-0.6141320466995239,104900.0,-7.784746646881103,-4.400542736053467,-0.8595184087753296
1995,105000.0,8.833000183105469,36.08700180053711,-59.20700073242188,105000.0,0.1768454909324646,0.22082778811454773,-0.3228422701358795,105000.0,999.8400268554688,105000.0,-1.1588335037231443,-0.9196295738220216,-0.7001590132713318,105000.0,-8.901541709899902,-4.0688815116882315,-0.6141320466995239,105000.0,-7.784746646881103,-4.400542736053467,-0.8595184087753296
1996,105100.0,9.53600025177002,35.136001586914055,-59.20700073242188,105100.0,0.4123340547084808,0.041538838297128684,-0.12889257073402405,105100.0,999.8800048828124,105100.0,0.2583208084106445,-0.018079280853271484,-0.8539677858352661,105100.0,-8.75376033782959,-4.388914108276366,-0.5286650061607361,105100.0,-9.912593841552734,-5.308543682098389,-1.228824019432068
1997,105200.0,9.53600025177002,28.92900085449219,-59.76100158691406,105200.0,0.4123340547084808,0.041538838297128684,-0.12889257073402405,105200.0,999.8800048828124,105200.0,0.2583208084106445,-0.018079280853271484,-0.8539677858352661,105200.0,-8.75376033782959,-4.388914108276366,-0.5286650061607361,105200.0,-9.912593841552734,-5.308543682098389,-1.228824019432068
1998,105300.0,3.75600004196167,19.472999572753906,-62.45199966430664,105300.0,0.5479460954666138,-0.5119050741195679,0.5781839489936829,105300.0,999.8800048828124,105300.0,-0.7727899551391602,-1.4319906234741209,0.11738842725753786,105300.0,-8.907973289489746,-4.098152160644531,-0.15339256823062894,105300.0,-8.649652481079103,-4.116231441497804,-1.007360339164734
1999,105400.0,-0.6079999804496765,12.251999855041506,-63.22000122070313,105400.0,0.4025602042675018,0.166460782289505,1.0821478366851809,105400.0,999.760009765625,105400.0,1.4351215362548828,-1.1151543855667114,1.5045592784881592,105400.0,-9.334931373596193,-2.851834774017334,0.9468342661857604,105400.0,-10.107721328735352,-4.283825397491455,1.0642226934432983
2000,105000.0,8.833000183105469,36.08700180053711,-59.20700073242188,105000.0,0.1768454909324646,0.22082778811454773,-0.3228422701358795,105000.0,999.8400268554688,105000.0,-1.1588335037231443,-0.9196295738220216,-0.7001590132713318,105000.0,-8.901541709899902,-4.0688815116882315,-0.6141320466995239,105000.0,-7.784746646881103,-4.400542736053467,-0.8595184087753296
2001,105100.0,9.53600025177002,35.136001586914055,-59.20700073242188,105100.0,0.4123340547084808,0.041538838297128684,-0.12889257073402405,105100.0,999.8800048828124,105100.0,0.2583208084106445,-0.018079280853271484,-0.8539677858352661,105100.0,-8.75376033782959,-4.388914108276366,-0.5286650061607361,105100.0,-9.912593841552734,-5.308543682098389,-1.228824019432068
2002,105200.0,9.53600025177002,28.92900085449219,-59.76100158691406,105200.0,0.4123340547084808,0.041538838297128684,-0.12889257073402405,105200.0,999.8800048828124,105200.0,0.2583208084106445,-0.018079280853271484,-0.8539677858352661,105200.0,-8.75376033782959,-4.388914108276366,-0.5286650061607361,105200.0,-9.912593841552734,-5.308543682098389,-1.228824019432068
2003,105300.0,3.75600004196167,19.472999572753906,-62.45199966430664,105300.0,0.5479460954666138,-0.5119050741195679,0.5781839489936829,105300.0,999.8800048828124,105300.0,-0.7727899551391602,-1.4319906234741209,0.11738842725753786,105300.0,-8.907973289489746,-4.098152160644531,-0.15339256823062894,105300.0,-8.649652481079103,-4.116231441497804,-1.007360339164734
2004,105400.0,-0.6079999804496765,12.251999855041506,-63.22000122070313,105400.0,0.4025602042675018,0.166460782289505,1.0821478366851809,105400.0,999.760009765625,105400.0,1.4351215362548828,-1.1151543855667114,1.5045592784881592,105400.0,-9.334931373596193,-2.851834774017334,0.9468342661857604,105400.0,-10.107721328735352,-4.283825397491455,1.0642226934432983
2005,105500.0,-7.234000205993652,6.97599983215332,-62.86600112915039,105500.0,0.4025602042675018,0.166460782289505,1.0821478366851809,105500.0,999.760009765625,105500.0,1.4351215362548828,-1.1151543855667114,1.5045592784881592,105500.0,-9.334931373596193,-2.851834774017334,0.9468342661857604,105500.0,-10.107721328735352,-4.283825397491455,1.0642226934432983
2006,105600.0,-12.175999641418455,4.267000198364259,-62.86600112915039,105600.0,-0.3787364661693573,-0.4141666293144226,0.2168571650981903,105600.0,999.77001953125,105600.0,4.749334812164307,0.3422672748565674,2.1158738136291504,105600.0,-9.60353946685791,-1.9811469316482544,-0.1320832371711731,105600.0,-8.168417930603027,-3.0963013172149663,1.3724761009216309
2007,105700.0,-17.215999603271484,4.829999923706055,-58.81499862670898,105700.0,-0.3787364661693573,-0.4141666293144226,0.2168571650981903,105700.0,999.77001953125,105700.0,4.749334812164307,0.3422672748565674,2.1158738136291504,105700.0,-9.60353946685791,-1.9811469316482544,-0.1320832371711731,105700.0,-8.168417930603027,-3.0963013172149663,1.3724761009216309
2008,105800.0,-14.576000213623047,5.406000137329102,-58.112998962402344,105800.0,0.08368854224681854,-0.1572978049516678,-1.1184942722320557,105800.0,999.7999877929688,105800.0,-10.32092571258545,-3.368159532546997,1.4124947786331177,105800.0,-9.69695281982422,-1.3915262222290041,0.4507102370262146,105800.0,-4.947618007659912,-1.0492589473724363,2.5665841102600098
2009,105900.0,-8.465000152587889,4.5339999198913565,-59.56499862670898,105900.0,0.08368854224681854,-0.1572978049516678,-1.1184942722320557,105900.0,999.7999877929688,105900.0,-10.32092571258545,-3.368159532546997,1.4124947786331177,105900.0,-9.69695281982422,-1.3915262222290041,0.4507102370262146,105900.0,-4.947618007659912,-1.0492589473724363,2.5665841102600098
2010,105500.0,-7.234000205993652,6.97599983215332,-62.86600112915039,105500.0,0.4025602042675018,0.166460782289505,1.0821478366851809,105500.0,999.760009765625,105500.0,1.4351215362548828,-1.1151543855667114,1.5045592784881592,105500.0,-9.334931373596193,-2.851834774017334,0.9468342661857604,105500.0,-10.107721328735352,-4.283825397491455,1.0642226934432983
2011,105600.0,-12.175999641418455,4.267000198364259,-62.86600112915039,105600.0,-0.3787364661693573,-0.4141666293144226,0.2168571650981903,105600.0,999.77001953125,105600.0,4.749334812164307,0.3422672748565674,2.1158738136291504,105600.0,-9.60353946685791,-1.9811469316482544,-0.1320832371711731,105600.0,-8.168417930603027,-3.0963013172149663,1.3724761009216309
2012,105700.0,-17.215999603271484,4.829999923706055,-58.81499862670898,105700.0,-0.3787364661693573,-0.4141666293144226,0.2168571650981903,105700.0,999.77001953125,105700.0,4.749334812164307,0.3422672748565674,2.1158738136291504,105700.0,-9.60353946685791,-1.9811469316482544,-0.1320832371711731,105700.0,-8.168417930603027,-3.0963013172149663,1.3724761009216309
2013,105800.0,-14.576000213623047,5.406000137329102,-58.112998962402344,105800.0,0.08368854224681854,-0.1572978049516678,-1.1184942722320557,105800.0,999.7999877929688,105800.0,-10.32092571258545,-3.368159532546997,1.4124947786331177,105800.0,-9.69695281982422,-1.3915262222290041,0.4507102370262146,105800.0,-4.947618007659912,-1.0492589473724363,2.5665841102600098
2014,105900.0,-8.465000152587889,4.5339999198913565,-59.56499862670898,105900.0,0.08368854224681854,-0.1572978049516678,-1.1184942722320557,105900.0,999.7999877929688,105900.0,-10.32092571258545,-3.368159532546997,1.4124947786331177,105900.0,-9.69695281982422,-1.3915262222290041,0.4507102370262146,105900.0,-4.947618007659912,-1.0492589473724363,2.5665841102600098
2015,106000.0,-5.644999980926514,4.5339999198913565,-59.56499862670898,106000.0,-0.3820962011814117,1.5070046186447144,-0.5809328556060791,106000.0,999.77001953125,106000.0,1.018157958984375,-1.3483591079711914,0.9198983907699584,106000.0,-9.28818416595459,-3.062067747116089,0.7237316370010376,106000.0,-19.60910987854004,-6.430227279663086,2.1362264156341557
2016,106100.0,-2.575000047683716,4.5339999198913565,-59.56499862670898,106100.0,-0.3820962011814117,1.5070046186447144,-0.5809328556060791,106100.0,999.77001953125,106100.0,1.018157958984375,-1.3483591079711914,0.9198983907699584,106100.0,-9.28818416595459,-3.062067747116089,0.7237316370010376,106100.0,-19.60910987854004,-6.430227279663086,2.1362264156341557
2017,106200.0,-2.311000108718872,4.960000038146973,-59.941001892089844,106200.0,-0.21044307947158813,0.6206390857696533,-0.04612032696604729,106200.0,999.7999877929688,106200.0,1.105144500732422,0.35144734382629395,-0.5315777063369751,106200.0,-8.29712963104248,-4.607217788696289,-2.470144033432007,106200.0,-7.2789716720581055,-5.9555768966674805,-1.5502456426620483
2018,106300.0,-0.8450000286102295,6.685999870300293,-60.29199981689453,106300.0,-0.40164390206336975,0.2929098904132843,-0.41661009192466736,106300.0,999.780029296875,106300.0,1.105144500732422,0.35144734382629395,-0.5315777063369751,106300.0,-8.959921836853027,-3.821842670440674,-1.132991075515747,106300.0,-7.854777336120605,-3.47039532661438,-1.6645687818527222
2019,106400.0,0.125,7.948999881744385,-60.29199981689453,106400.0,-0.40164390206336975,0.2929098904132843,-0.41661009192466736,106400.0,999.780029296875,106400.0,0.6128501892089844,-0.4384860992431641,-0.5372960567474365,106400.0,-8.959921836853027,-3.821842670440674,-1.132991075515747,106400.0,-7.854777336120605,-3.47039532661438,-1.6645687818527222
2020,106000.0,-5.644999980926514,4.5339999198913565,-59.56499862670898,106000.0,-0.3820962011814117,1.5070046186447144,-0.5809328556060791,106000.0,999.77001953125,106000.0,1.018157958984375,-1.3483591079711914,0.9198983907699584,106000.0,-9.28818416595459,-3.062067747116089,0.7237316370010376,106000.0,-19.60910987854004,-6.430227279663086,2.1362264156341557
2021,106100.0,-2.575000047683716,4.5339999198913565,-59.56499862670898,106100.0,-0.3820962011814117,1.5070046186447144,-0.5809328556060791,106100.0,999.77001953125,106100.0,1.018157958984375,-1.3483591079711914,0.9198983907699584,106100.0,-9.28818416595459,-3.062067747116089,0.7237316370010376,106100.0,-19.60910987854004,-6.430227279663086,2.1362264156341557
2022,106200.0,-2.311000108718872,4.960000038146973,-59.941001892089844,106200.0,-0.21044307947158813,0.6206390857696533,-0.04612032696604729,106200.0,999.7999877929688,106200.0,1.105144500732422,0.35144734382629395,-0.5315777063369751,106200.0,-8.29712963104248,-4.607217788696289,-2.470144033432007,106200.0,-7.2789716720581055,-5.9555768966674805,-1.5502456426620483
2023,106300.0,-0.8450000286102295,6.685999870300293,-60.29199981689453,106300.0,-0.40164390206336975,0.2929098904132843,-0.41661009192466736,106300.0,999.780029296875,106300.0,1.105144500732422,0.35144734382629395,-0.5315777063369751,106300.0,-8.959921836853027,-3.821842670440674,-1.132991075515747,106300.0,-7.854777336120605,-3.47039532661438,-1.6645687818527222
2024,106400.0,0.125,7.948999881744385,-60.29199981689453,106400.0,-0.40164390206336975,0.2929098904132843,-0.41661009192466736,106400.0,999.780029296875,106400.0,0.6128501892089844,-0.4384860992431641,-0.5372960567474365,106400.0,-8.959921836853027,-3.821842670440674,-1.132991075515747,106400.0,-7.854777336120605,-3.47039532661438,-1.6645687818527222
2025,106500.0,1.4450000524520874,9.02400016784668,-60.29199981689453,106500.0,0.2492330223321915,0.2391537427902221,-0.4382958114147186,106500.0,999.8499755859376,106500.0,-0.7582540512084961,-0.7331662178039551,-0.5308066606521606,106500.0,-8.659762382507324,-4.509730339050293,-0.9171814918518066,106500.0,-8.04691219329834,-4.948216438293457,-1.4544775485992432
2026,106600.0,1.9210000038146973,9.02400016784668,-59.97900009155274,106600.0,0.2492330223321915,0.2391537427902221,-0.4382958114147186,106600.0,999.8499755859376,106600.0,-0.7582540512084961,-0.7331662178039551,-0.5308066606521606,106600.0,-8.659762382507324,-4.509730339050293,-0.9171814918518066,106600.0,-8.04691219329834,-4.948216438293457,-1.4544775485992432
2027,106700.0,2.36299991607666,7.822999954223633,-59.97900009155274,106700.0,0.6374378800392151,0.20433442294597626,0.2474004179239273,106700.0,999.8499755859376,106700.0,0.25046539306640625,-1.0782520771026611,-1.0460363626480105,106700.0,-8.60666561126709,-4.683715343475342,-0.39814358949661255,106700.0,-9.364919662475586,-5.416881561279297,-0.9289502501487732
2028,106800.0,2.36299991607666,2.253000020980835,-59.97900009155274,106800.0,0.6374378800392151,0.20433442294597626,0.2474004179239273,106800.0,999.8499755859376,106800.0,0.25046539306640625,-1.0782520771026611,-1.0460363626480105,106800.0,-8.60666561126709,-4.683715343475342,-0.39814358949661255,106800.0,-9.364919662475586,-5.416881561279297,-0.9289502501487732
2029,106900.0,-7.132999897003174,-6.605000019073486,-59.97900009155274,106900.0,0.8600982427597046,-0.5598580241203308,0.7757988572120667,106900.0,999.8099975585938,106900.0,-0.557708740234375,-2.0865015983581543,-0.5902247428894043,106900.0,-9.104223251342773,-3.6389238834381104,-0.20433540642261505,106900.0,-8.853757858276367,-4.717175960540772,-1.2503718137741089
2030,106500.0,1.4450000524520874,9.02400016784668,-60.29199981689453,106500.0,0.2492330223321915,0.2391537427902221,-0.4382958114147186,106500.0,999.8499755859376,106500.0,-0.7582540512084961,-0.7331662178039551,-0.5308066606521606,106500.0,-8.659762382507324,-4.509730339050293,-0.9171814918518066,106500.0,-8.04691219329834,-4.948216438293457,-1.4544775485992432
2031,106600.0,1.9210000038146973,9.02400016784668,-59.97900009155274,106600.0,0.2492330223321915,0.2391537427902221,-0.4382958114147186,106600.0,999.8499755859376,106600.0,-0.7582540512084961,-0.7331662178039551,-0.5308066606521606,106600.0,-8.659762382507324,-4.509730339050293,-0.9171814918518066,106600.0,-8.04691219329834,-4.948216438293457,-1.4544775485992432
2032,106700.0,2.36299991607666,7.822999954223633,-59.97900009155274,106700.0,0.6374378800392151,0.20433442294597626,0.2474004179239273,106700.0,999.8499755859376,106700.0,0.25046539306640625,-1.0782520771026611,-1.0460363626480105,106700.0,-8.60666561126709,-4.683715343475342,-0.39814358949661255,106700.0,-9.364919662475586,-5.416881561279297,-0.9289502501487732
2033,106800.0,2.36299991607666,2.253000020980835,-59.97900009155274,106800.0,0.6374378800392151,0.20433442294597626,0.2474004179239273,106800.0,999.8499755859376,106800.0,0.25046539306640625,-1.0782520771026611,-1.0460363626480105,106800.0,-8.60666561126709,-4.683715343475342,-0.39814358949661255,106800.0,-9.364919662475586,-5.416881561279297,-0.9289502501487732
2034,106900.0,-7.132999897003174,-6.605000019073486,-59.97900009155274,106900.0,0.8600982427597046,-0.5598580241203308,0.7757988572120667,106900.0,999.8099975585938,106900.0,-0.557708740234375,-2.0865015983581543,-0.5902247428894043,106900.0,-9.104223251342773,-3.6389238834381104,-0.20433540642261505,106900.0,-8.853757858276367,-4.717175960540772,-1.2503718137741089
2035,107000.0,-14.059000015258787,-14.781000137329102,-56.99700164794922,107000.0,0.8600982427597046,-0.5598580241203308,0.7757988572120667,107000.0,999.8099975585938,107000.0,-0.557708740234375,-2.0865015983581543,-0.5902247428894043,107000.0,-9.104223251342773,-3.6389238834381104,-0.20433540642261505,107000.0,-8.853757858276367,-4.717175960540772,-1.2503718137741089
2036,107100.0,-23.37700080871582,-15.857999801635742,-51.47000122070313,107100.0,0.5876523852348328,0.041233405470848083,1.1884382963180542,107100.0,999.6900024414064,107100.0,2.727104663848877,-1.7165389060974119,1.1536240577697754,107100.0,-9.356680870056152,-2.674368381500244,1.2127171754837036,107100.0,-9.914389610290527,-4.760869979858398,0.6224924325942993
2037,107200.0,-30.75200080871582,-14.449999809265135,-46.90999984741211,107200.0,-0.0009162978967651725,-0.5690209865570068,0.045814894139766686,107200.0,999.760009765625,107200.0,2.727104663848877,-1.7165389060974119,1.1536240577697754,107200.0,-9.57990837097168,-2.088446140289306,0.18473464250564567,107200.0,-6.852803707122803,-3.804985046386719,1.338358759880066
2038,107300.0,-35.750999450683594,-12.859999656677244,-42.73799896240234,107300.0,-0.0009162978967651725,-0.5690209865570068,0.045814894139766686,107300.0,999.760009765625,107300.0,4.537602424621582,1.1078834533691406,2.0070314407348637,107300.0,-9.57990837097168,-2.088446140289306,0.18473464250564567,107300.0,-6.852803707122803,-3.804985046386719,1.338358759880066
2039,107400.0,-35.61399841308594,-13.265000343322756,-41.691001892089844,107400.0,0.1719585657119751,-0.1820378452539444,-1.3631458282470703,107400.0,999.75,107400.0,-10.699178695678713,-1.9729423522949217,-6.98341178894043,107400.0,-9.573805809020996,-1.7920266389846802,1.1407450437545776,107400.0,-5.036203384399414,-0.6841431260108948,3.1477766036987305
2040,107000.0,-14.059000015258787,-14.781000137329102,-56.99700164794922,107000.0,0.8600982427597046,-0.5598580241203308,0.7757988572120667,107000.0,999.8099975585938,107000.0,-0.557708740234375,-2.0865015983581543,-0.5902247428894043,107000.0,-9.104223251342773,-3.6389238834381104,-0.20433540642261505,107000.0,-8.853757858276367,-4.717175960540772,-1.2503718137741089
2041,107100.0,-23.37700080871582,-15.857999801635742,-51.47000122070313,107100.0,0.5876523852348328,0.041233405470848083,1.1884382963180542,107100.0,999.6900024414064,107100.0,2.727104663848877,-1.7165389060974119,1.1536240577697754,107100.0,-9.356680870056152,-2.674368381500244,1.2127171754837036,107100.0,-9.914389610290527,-4.760869979858398,0.6224924325942993
2042,107200.0,-30.75200080871582,-14.449999809265135,-46.90999984741211,107200.0,-0.0009162978967651725,-0.5690209865570068,0.045814894139766686,107200.0,999.760009765625,107200.0,2.727104663848877,-1.7165389060974119,1.1536240577697754,107200.0,-9.57990837097168,-2.088446140289306,0.18473464250564567,107200.0,-6.852803707122803,-3.804985046386719,1.338358759880066
2043,107300.0,-35.750999450683594,-12.859999656677244,-42.73799896240234,107300.0,-0.0009162978967651725,-0.5690209865570068,0.045814894139766686,107300.0,999.760009765625,107300.0,4.537602424621582,1.1078834533691406,2.0070314407348637,107300.0,-9.57990837097168,-2.088446140289306,0.18473464250564567,107300.0,-6.852803707122803,-3.804985046386719,1.338358759880066
2044,107400.0,-35.61399841308594,-13.265000343322756,-41.691001892089844,107400.0,0.1719585657119751,-0.1820378452539444,-1.3631458282470703,107400.0,999.75,107400.0,-10.699178695678713,-1.9729423522949217,-6.98341178894043,107400.0,-9.573805809020996,-1.7920266389846802,1.1407450437545776,107400.0,-5.036203384399414,-0.6841431260108948,3.1477766036987305
2045,107500.0,-30.06999969482422,-15.795000076293945,-44.099998474121094,107500.0,0.1719585657119751,-0.1820378452539444,-1.3631458282470703,107500.0,999.75,107500.0,-10.699178695678713,-1.9729423522949217,-6.98341178894043,107500.0,-9.573805809020996,-1.7920266389846802,1.1407450437545776,107500.0,-5.036203384399414,-0.6841431260108948,3.1477766036987305
2046,107600.0,-25.20199966430664,-19.01300048828125,-46.36199951171875,107600.0,-0.8857545852661133,2.127338171005249,-0.5375614166259766,107600.0,999.6900024414064,107600.0,2.289291858673096,-2.240116596221924,3.4532871246337886,107600.0,-8.909931182861328,-3.8096532821655273,1.506675362586975,107600.0,-19.60910987854004,-5.782595634460449,-5.476736545562744
2047,107700.0,-20.124000549316406,-18.3129997253418,-50.63399887084961,107700.0,-0.8857545852661133,2.127338171005249,-0.5375614166259766,107700.0,999.6900024414064,107700.0,2.289291858673096,-2.240116596221924,3.4532871246337886,107700.0,-8.909931182861328,-3.8096532821655273,1.506675362586975,107700.0,-19.60910987854004,-5.782595634460449,-5.476736545562744
2048,107800.0,-14.857000350952148,-18.24399948120117,-52.87699890136719,107800.0,0.30695977807044983,0.1420261710882187,-0.3075706362724304,107800.0,999.75,107800.0,1.0818305015563965,2.1561012268066406,-1.3594908714294434,107800.0,-7.641529560089111,-4.472027778625488,-4.2164387702941895,107800.0,-5.3522377014160165,-6.712144374847412,-0.7631517648696899
2049,107900.0,-10.765000343322754,-19.047000885009766,-53.32300186157226,107900.0,0.30695977807044983,0.1420261710882187,-0.3075706362724304,107900.0,999.75,107900.0,1.0818305015563965,2.1561012268066406,-1.3594908714294434,107900.0,-7.641529560089111,-4.472027778625488,-4.2164387702941895,107900.0,-5.3522377014160165,-6.712144374847412,-0.7631517648696899
2050,107500.0,-30.06999969482422,-15.795000076293945,-44.099998474121094,107500.0,0.1719585657119751,-0.1820378452539444,-1.3631458282470703,107500.0,999.75,107500.0,-10.699178695678713,-1.9729423522949217,-6.98341178894043,107500.0,-9.573805809020996,-1.7920266389846802,1.1407450437545776,107500.0,-5.036203384399414,-0.6841431260108948,3.1477766036987305
2051,107600.0,-25.20199966430664,-19.01300048828125,-46.36199951171875,107600.0,-0.8857545852661133,2.127338171005249,-0.5375614166259766,107600.0,999.6900024414064,107600.0,2.289291858673096,-2.240116596221924,3.4532871246337886,107600.0,-8.909931182861328,-3.8096532821655273,1.506675362586975,107600.0,-19.60910987854004,-5.782595634460449,-5.476736545562744
2052,107700.0,-20.124000549316406,-18.3129997253418,-50.63399887084961,107700.0,-0.8857545852661133,2.127338171005249,-0.5375614166259766,107700.0,999.6900024414064,107700.0,2.289291858673096,-2.240116596221924,3.4532871246337886,107700.0,-8.909931182861328,-3.8096532821655273,1.506675362586975,107700.0,-19.60910987854004,-5.782595634460449,-5.476736545562744
2053,107800.0,-14.857000350952148,-18.24399948120117,-52.87699890136719,107800.0,0.30695977807044983,0.1420261710882187,-0.3075706362724304,107800.0,999.75,107800.0,1.0818305015563965,2.1561012268066406,-1.3594908714294434,107800.0,-7.641529560089111,-4.472027778625488,-4.2164387702941895,107800.0,-5.3522377014160165,-6.712144374847412,-0.7631517648696899
2054,107900.0,-10.765000343322754,-19.047000885009766,-53.32300186157226,107900.0,0.30695977807044983,0.1420261710882187,-0.3075706362724304,107900.0,999.75,107900.0,1.0818305015563965,2.1561012268066406,-1.3594908714294434,107900.0,-7.641529560089111,-4.472027778625488,-4.2164387702941895,107900.0,-5.3522377014160165,-6.712144374847412,-0.7631517648696899
2055,108000.0,-9.253999710083008,-19.047000885009766,-53.33200073242188,108000.0,0.531758189201355,0.7742717266082764,0.02229658141732216,108000.0,999.6599731445312,108000.0,0.3402042388916016,-1.0738463401794434,-0.6288070678710938,108000.0,-8.740283012390138,-4.41742467880249,-0.5139718651771545,108000.0,-7.65845251083374,-2.2613234519958496,-1.8734627962112436
2056,108100.0,-8.553999900817871,-19.047000885009766,-53.33200073242188,108100.0,0.751669704914093,0.3210096955299377,-0.337503045797348,108100.0,999.7000122070312,108100.0,0.3402042388916016,-1.0738463401794434,-0.6288070678710938,108100.0,-8.788743019104004,-4.072490215301514,-1.5307629108428955,108100.0,-8.448538780212402,-5.146336555480957,-2.1595699787139893
2057,108200.0,-8.173999786376951,-21.96299934387207,-53.33200073242188,108200.0,0.751669704914093,0.3210096955299377,-0.337503045797348,108200.0,999.7000122070312,108200.0,-0.24225425720214844,0.6391310691833496,-0.886377215385437,108200.0,-8.788743019104004,-4.072490215301514,-1.5307629108428955,108200.0,-8.448538780212402,-5.146336555480957,-2.1595699787139893
2058,108300.0,-7.172999858856201,-27.507999420166016,-50.77799987792969,108300.0,0.5607742667198181,0.31154128909111023,-0.08032877743244171,108300.0,999.8200073242188,108300.0,-2.788612365722656,-1.6447572708129885,1.6278829574584959,108300.0,-8.627664566040039,-4.611111640930176,-0.6866133213043213,108300.0,-8.869918823242188,-3.971980571746826,-1.5729905366897583
2059,108400.0,-4.8410000801086435,-31.32999992370605,-47.68600082397461,108400.0,0.5607742667198181,0.31154128909111023,-0.08032877743244171,108400.0,999.8200073242188,108400.0,-2.788612365722656,-1.6447572708129885,1.6278829574584959,108400.0,-8.627664566040039,-4.611111640930176,-0.6866133213043213,108400.0,-8.869918823242188,-3.971980571746826,-1.5729905366897583
2060,108000.0,-9.253999710083008,-19.047000885009766,-53.33200073242188,108000.0,0.531758189201355,0.7742717266082764,0.02229658141732216,108000.0,999.6599731445312,108000.0,0.3402042388916016,-1.0738463401794434,-0.6288070678710938,108000.0,-8.740283012390138,-4.41742467880249,-0.5139718651771545,108000.0,-7.65845251083374,-2.2613234519958496,-1.8734627962112436
2061,108100.0,-8.553999900817871,-19.047000885009766,-53.33200073242188,108100.0,0.751669704914093,0.3210096955299377,-0.337503045797348,108100.0,999.7000122070312,108100.0,0.3402042388916016,-1.0738463401794434,-0.6288070678710938,108100.0,-8.788743019104004,-4.072490215301514,-1.5307629108428955,108100.0,-8.448538780212402,-5.146336555480957,-2.1595699787139893
2062,108200.0,-8.173999786376951,-21.96299934387207,-53.33200073242188,108200.0,0.751669704914093,0.3210096955299377,-0.337503045797348,108200.0,999.7000122070312,108200.0,-0.24225425720214844,0.6391310691833496,-0.886377215385437,108200.0,-8.788743019104004,-4.072490215301514,-1.5307629108428955,108200.0,-8.448538780212402,-5.146336555480957,-2.1595699787139893
2063,108300.0,-7.172999858856201,-27.507999420166016,-50.77799987792969,108300.0,0.5607742667198181,0.31154128909111023,-0.08032877743244171,108300.0,999.8200073242188,108300.0,-2.788612365722656,-1.6447572708129885,1.6278829574584959,108300.0,-8.627664566040039,-4.611111640930176,-0.6866133213043213,108300.0,-8.869918823242188,-3.971980571746826,-1.5729905366897583
2064,108400.0,-4.8410000801086435,-31.32999992370605,-47.68600082397461,108400.0,0.5607742667198181,0.31154128909111023,-0.08032877743244171,108400.0,999.8200073242188,108400.0,-2.788612365722656,-1.6447572708129885,1.6278829574584959,108400.0,-8.627664566040039,-4.611111640930176,-0.6866133213043213,108400.0,-8.869918823242188,-3.971980571746826,-1.5729905366897583
2065,108500.0,-7.162000179290772,-32.95199966430664,-45.86700057983398,108500.0,0.3930917978286743,-0.19303341209888453,0.6890559792518616,108500.0,999.77001953125,108500.0,-0.3212490081787109,-0.8713953495025635,0.489058643579483,108500.0,-8.835835456848145,-4.203080177307129,-0.6576327085494995,108500.0,-11.6244478225708,-5.847837448120117,0.9702502489089966
2066,108600.0,-13.779999732971193,-34.08599853515625,-41.80400085449219,108600.0,0.3930917978286743,-0.19303341209888453,0.6890559792518616,108600.0,999.77001953125,108600.0,-0.3212490081787109,-0.8713953495025635,0.489058643579483,108600.0,-8.835835456848145,-4.203080177307129,-0.6576327085494995,108600.0,-11.6244478225708,-5.847837448120117,0.9702502489089966
2067,108700.0,-22.90399932861328,-31.868999481201172,-39.31499862670898,108700.0,0.1160643994808197,-0.7770205736160278,1.4636331796646118,108700.0,999.7100219726564,108700.0,1.1033611297607422,-2.377603530883789,0.7058119773864746,108700.0,-9.394421577453613,-2.812083959579468,0.08614829927682878,108700.0,-9.715670585632324,-3.6834793090820312,0.5752069354057312
2068,108800.0,-32.073001861572266,-24.983999252319336,-35.49800109863281,108800.0,0.1160643994808197,-0.7770205736160278,1.4636331796646118,108800.0,999.7100219726564,108800.0,1.1033611297607422,-2.377603530883789,0.7058119773864746,108800.0,-9.394421577453613,-2.812083959579468,0.08614829927682878,108800.0,-9.715670585632324,-3.6834793090820312,0.5752069354057312
2069,108900.0,-39.39500045776367,-15.585000038146973,-33.41299819946289,108900.0,-0.5054910182952881,-1.0060950517654421,0.2290744632482529,108900.0,999.5599975585938,108900.0,6.32376766204834,0.21760958433151245,-0.43300461769104,108900.0,-9.635697364807127,-1.45431649684906,1.0994161367416382,108900.0,-8.532336235046388,-3.83191990852356,1.8052281141281128
2070,108500.0,-7.162000179290772,-32.95199966430664,-45.86700057983398,108500.0,0.3930917978286743,-0.19303341209888453,0.6890559792518616,108500.0,999.77001953125,108500.0,-0.3212490081787109,-0.8713953495025635,0.489058643579483,108500.0,-8.835835456848145,-4.203080177307129,-0.6576327085494995,108500.0,-11.6244478225708,-5.847837448120117,0.9702502489089966
2071,108600.0,-13.779999732971193,-34.08599853515625,-41.80400085449219,108600.0,0.3930917978286743,-0.19303341209888453,0.6890559792518616,108600.0,999.77001953125,108600.0,-0.3212490081787109,-0.8713953495025635,0.489058643579483,108600.0,-8.835835456848145,-4.203080177307129,-0.6576327085494995,108600.0,-11.6244478225708,-5.847837448120117,0.9702502489089966
2072,108700.0,-22.90399932861328,-31.868999481201172,-39.31499862670898,108700.0,0.1160643994808197,-0.7770205736160278,1.4636331796646118,108700.0,999.7100219726564,108700.0,1.1033611297607422,-2.377603530883789,0.7058119773864746,108700.0,-9.394421577453613,-2.812083959579468,0.08614829927682878,108700.0,-9.715670585632324,-3.6834793090820312,0.5752069354057312
2073,108800.0,-32.073001861572266,-24.983999252319336,-35.49800109863281,108800.0,0.1160643994808197,-0.7770205736160278,1.4636331796646118,108800.0,999.7100219726564,108800.0,1.1033611297607422,-2.377603530883789,0.7058119773864746,108800.0,-9.394421577453613,-2.812083959579468,0.08614829927682878,108800.0,-9.715670585632324,-3.6834793090820312,0.5752069354057312
2074,108900.0,-39.39500045776367,-15.585000038146973,-33.41299819946289,108900.0,-0.5054910182952881,-1.0060950517654421,0.2290744632482529,108900.0,999.5599975585938,108900.0,6.32376766204834,0.21760958433151245,-0.43300461769104,108900.0,-9.635697364807127,-1.45431649684906,1.0994161367416382,108900.0,-8.532336235046388,-3.83191990852356,1.8052281141281128
2075,109000.0,-42.46900177001953,-10.647000312805176,-31.05400085449219,109000.0,-1.4453071355819702,-0.6126978397369385,-1.386053204536438,109000.0,999.6900024414064,109000.0,6.32376766204834,0.21760958433151245,-0.43300461769104,109000.0,-9.38056468963623,-1.01727294921875,2.672181844711304,109000.0,-3.05679702758789,-0.7996633648872375,2.239177227020264
2076,109100.0,-41.9370002746582,-9.097000122070312,-32.075000762939446,109100.0,-1.4453071355819702,-0.6126978397369385,-1.386053204536438,109100.0,999.6900024414064,109100.0,-2.3021140098571777,4.027773380279541,6.363070964813232,109100.0,-9.38056468963623,-1.01727294921875,2.672181844711304,109100.0,-3.05679702758789,-0.7996633648872375,2.239177227020264
2077,109200.0,-38.6349983215332,-7.348000049591064,-32.76900100708008,109200.0,1.0070114135742188,0.731511116027832,-0.2144137024879456,109200.0,999.780029296875,109200.0,-5.576826095581055,-4.467416763305664,-0.15577040612697599,109200.0,-7.82775354385376,-5.897644996643066,0.3382996618747711,109200.0,-10.129867553710938,-1.869871497154236,6.701370716094973
2078,109300.0,-34.11999893188477,-9.94499969482422,-37.4379997253418,109300.0,1.0070114135742188,0.731511116027832,-0.2144137024879456,109300.0,999.780029296875,109300.0,-5.576826095581055,-4.467416763305664,-0.15577040612697599,109300.0,-7.82775354385376,-5.897644996643066,0.3382996618747711,109300.0,-10.129867553710938,-1.869871497154236,6.701370716094973
2079,109400.0,-22.892000198364247,-11.868000030517578,-43.5620002746582,109400.0,0.8552113175392151,3.4962873458862305,-0.2819143235683441,109400.0,999.739990234375,109400.0,-1.796579360961914,0.6099569797515869,0.7938971519470215,109400.0,-8.90390396118164,-4.108015060424806,0.12285013496875764,109400.0,-14.480730056762695,-8.575431823730469,-0.03292027488350868
2080,109000.0,-42.46900177001953,-10.647000312805176,-31.05400085449219,109000.0,-1.4453071355819702,-0.6126978397369385,-1.386053204536438,109000.0,999.6900024414064,109000.0,6.32376766204834,0.21760958433151245,-0.43300461769104,109000.0,-9.38056468963623,-1.01727294921875,2.672181844711304,109000.0,-3.05679702758789,-0.7996633648872375,2.239177227020264
2081,109100.0,-41.9370002746582,-9.097000122070312,-32.075000762939446,109100.0,-1.4453071355819702,-0.6126978397369385,-1.386053204536438,109100.0,999.6900024414064,109100.0,-2.3021140098571777,4.027773380279541,6.363070964813232,109100.0,-9.38056468963623,-1.01727294921875,2.672181844711304,109100.0,-3.05679702758789,-0.7996633648872375,2.239177227020264
2082,109200.0,-38.6349983215332,-7.348000049591064,-32.76900100708008,109200.0,1.0070114135742188,0.731511116027832,-0.2144137024879456,109200.0,999.780029296875,109200.0,-5.576826095581055,-4.467416763305664,-0.15577040612697599,109200.0,-7.82775354385376,-5.897644996643066,0.3382996618747711,109200.0,-10.129867553710938,-1.869871497154236,6.701370716094973
2083,109300.0,-34.11999893188477,-9.94499969482422,-37.4379997253418,109300.0,1.0070114135742188,0.731511116027832,-0.2144137024879456,109300.0,999.780029296875,109300.0,-5.576826095581055,-4.467416763305664,-0.15577040612697599,109300.0,-7.82775354385376,-5.897644996643066,0.3382996618747711,109300.0,-10.129867553710938,-1.869871497154236,6.701370716094973
2084,109400.0,-22.892000198364247,-11.868000030517578,-43.5620002746582,109400.0,0.8552113175392151,3.4962873458862305,-0.2819143235683441,109400.0,999.739990234375,109400.0,-1.796579360961914,0.6099569797515869,0.7938971519470215,109400.0,-8.90390396118164,-4.108015060424806,0.12285013496875764,109400.0,-14.480730056762695,-8.575431823730469,-0.03292027488350868
2085,109500.0,-12.123000144958494,-14.864999771118164,-47.0260009765625,109500.0,0.8552113175392151,3.4962873458862305,-0.2819143235683441,109500.0,999.739990234375,109500.0,-1.796579360961914,0.6099569797515869,0.7938971519470215,109500.0,-8.90390396118164,-4.108015060424806,0.12285013496875764,109500.0,-14.480730056762695,-8.575431823730469,-0.03292027488350868
2086,109600.0,-4.2890000343322745,-20.92799949645996,-45.91600036621094,109600.0,0.7898487448692322,2.085188627243042,-0.3014619946479797,109600.0,999.6599731445312,109600.0,-0.05136680603027344,-0.4934258460998535,1.1913461685180664,109600.0,-7.518660545349121,-4.570565223693848,-4.330132961273193,109600.0,-9.315239906311037,-3.9606082439422607,-3.536235809326172
2087,109700.0,4.293000221252441,-24.391000747680664,-43.21099853515625,109700.0,0.7898487448692322,2.085188627243042,-0.3014619946479797,109700.0,999.6599731445312,109700.0,-0.05136680603027344,-0.4934258460998535,1.1913461685180664,109700.0,-7.518660545349121,-4.570565223693848,-4.330132961273193,109700.0,-9.315239906311037,-3.9606082439422607,-3.536235809326172
2088,109800.0,9.83199977874756,-25.21199989318848,-38.67300033569336,109800.0,0.5287038683891296,2.3050999641418457,0.6539312601089478,109800.0,999.75,109800.0,-6.068428993225098,-0.27938270568847656,3.8743042945861816,109800.0,-8.267287254333496,-4.586471557617188,-2.605122327804565,109800.0,-8.31865406036377,-5.079897403717041,-1.413776159286499
2089,109900.0,8.638999938964844,-21.485000610351566,-34.45399856567383,109900.0,0.5287038683891296,2.3050999641418457,0.6539312601089478,109900.0,999.6900024414064,109900.0,-6.068428993225098,-0.27938270568847656,3.8743042945861816,109900.0,-8.267287254333496,-4.586471557617188,-2.605122327804565,109900.0,-14.876372337341307,-3.0172927379608154,0.5434837937355042
2090,109500.0,-12.123000144958494,-14.864999771118164,-47.0260009765625,109500.0,0.8552113175392151,3.4962873458862305,-0.2819143235683441,109500.0,999.739990234375,109500.0,-1.796579360961914,0.6099569797515869,0.7938971519470215,109500.0,-8.90390396118164,-4.108015060424806,0.12285013496875764,109500.0,-14.480730056762695,-8.575431823730469,-0.03292027488350868
2091,109600.0,-4.2890000343322745,-20.92799949645996,-45.91600036621094,109600.0,0.7898487448692322,2.085188627243042,-0.3014619946479797,109600.0,999.6599731445312,109600.0,-0.05136680603027344,-0.4934258460998535,1.1913461685180664,109600.0,-7.518660545349121,-4.570565223693848,-4.330132961273193,109600.0,-9.315239906311037,-3.9606082439422607,-3.536235809326172
2092,109700.0,4.293000221252441,-24.391000747680664,-43.21099853515625,109700.0,0.7898487448692322,2.085188627243042,-0.3014619946479797,109700.0,999.6599731445312,109700.0,-0.05136680603027344,-0.4934258460998535,1.1913461685180664,109700.0,-7.518660545349121,-4.570565223693848,-4.330132961273193,109700.0,-9.315239906311037,-3.9606082439422607,-3.536235809326172
2093,109800.0,9.83199977874756,-25.21199989318848,-38.67300033569336,109800.0,0.5287038683891296,2.3050999641418457,0.6539312601089478,109800.0,999.75,109800.0,-6.068428993225098,-0.27938270568847656,3.8743042945861816,109800.0,-8.267287254333496,-4.586471557617188,-2.605122327804565,109800.0,-8.31865406036377,-5.079897403717041,-1.413776159286499
2094,109900.0,8.638999938964844,-21.485000610351566,-34.45399856567383,109900.0,0.5287038683891296,2.3050999641418457,0.6539312601089478,109900.0,999.6900024414064,109900.0,-6.068428993225098,-0.27938270568847656,3.8743042945861816,109900.0,-8.267287254333496,-4.586471557617188,-2.605122327804565,109900.0,-14.876372337341307,-3.0172927379608154,0.5434837937355042
2095,110000.0,0.4729999899864197,-18.94799995422364,-28.381999969482425,110000.0,2.201558351516724,-0.4227187633514404,0.9456194043159484,110000.0,999.6900024414064,110000.0,-0.26450157165527344,-2.387075662612915,-3.037919521331787,110000.0,-8.807943344116211,-2.737910032272339,-3.3308205604553223,110000.0,-14.876372337341307,-3.0172927379608154,0.5434837937355042
2096,110100.0,-13.871000289916992,-18.643999099731445,-12.347000122070312,110100.0,0.817948579788208,0.2889392673969269,-0.10415252298116684,110100.0,999.6799926757812,110100.0,4.646692276000977,1.639719009399414,-2.2461721897125244,110100.0,-9.504440307617188,-1.6860601902008057,1.7300869226455688,110100.0,-9.768941879272461,-4.073135852813722,-1.3078327178955078
2097,110200.0,-18.5939998626709,-31.56100082397461,0.5879999995231628,110200.0,0.817948579788208,0.2889392673969269,-0.10415252298116684,110200.0,999.6799926757812,110200.0,4.646692276000977,1.639719009399414,-2.2461721897125244,110200.0,-9.504440307617188,-1.6860601902008057,1.7300869226455688,110200.0,-9.768941879272461,-4.073135852813722,-1.3078327178955078
2098,110300.0,-8.159999847412111,-37.52199935913086,-14.220999717712402,110300.0,0.9844093322753906,0.588874101638794,-0.6343835592269897,110300.0,999.8300170898438,110300.0,-4.917729377746582,-10.175931930541992,0.9215972423553468,110300.0,-9.597901344299316,-1.4134669303894043,1.4327422380447388,110300.0,-4.95120906829834,0.2262520641088485,-0.8134300112724304
2099,110400.0,-1.9589999914169312,-40.11600112915039,-11.651000022888185,110400.0,0.9844093322753906,0.588874101638794,-0.6343835592269897,110400.0,999.8300170898438,110400.0,-4.917729377746582,-10.175931930541992,0.9215972423553468,110400.0,-9.597901344299316,-1.4134669303894043,1.4327422380447388,110400.0,-4.95120906829834,0.2262520641088485,-0.8134300112724304
2100,110000.0,0.4729999899864197,-18.94799995422364,-28.381999969482425,110000.0,2.201558351516724,-0.4227187633514404,0.9456194043159484,110000.0,999.6900024414064,110000.0,-0.26450157165527344,-2.387075662612915,-3.037919521331787,110000.0,-8.807943344116211,-2.737910032272339,-3.3308205604553223,110000.0,-14.876372337341307,-3.0172927379608154,0.5434837937355042
2101,110100.0,-13.871000289916992,-18.643999099731445,-12.347000122070312,110100.0,0.817948579788208,0.2889392673969269,-0.10415252298116684,110100.0,999.6799926757812,110100.0,4.646692276000977,1.639719009399414,-2.2461721897125244,110100.0,-9.504440307617188,-1.6860601902008057,1.7300869226455688,110100.0,-9.768941879272461,-4.073135852813722,-1.3078327178955078
2102,110200.0,-18.5939998626709,-31.56100082397461,0.5879999995231628,110200.0,0.817948579788208,0.2889392673969269,-0.10415252298116684,110200.0,999.6799926757812,110200.0,4.646692276000977,1.639719009399414,-2.2461721897125244,110200.0,-9.504440307617188,-1.6860601902008057,1.7300869226455688,110200.0,-9.768941879272461,-4.073135852813722,-1.3078327178955078
2103,110300.0,-8.159999847412111,-37.52199935913086,-14.220999717712402,110300.0,0.9844093322753906,0.588874101638794,-0.6343835592269897,110300.0,999.8300170898438,110300.0,-4.917729377746582,-10.175931930541992,0.9215972423553468,110300.0,-9.597901344299316,-1.4134669303894043,1.4327422380447388,110300.0,-4.95120906829834,0.2262520641088485,-0.8134300112724304
2104,110400.0,-1.9589999914169312,-40.11600112915039,-11.651000022888185,110400.0,0.9844093322753906,0.588874101638794,-0.6343835592269897,110400.0,999.8300170898438,110400.0,-4.917729377746582,-10.175931930541992,0.9215972423553468,110400.0,-9.597901344299316,-1.4134669303894043,1.4327422380447388,110400.0,-4.95120906829834,0.2262520641088485,-0.8134300112724304
2105,110500.0,-1.5440000295639038,-41.724998474121094,-4.546999931335449,110500.0,1.8075503110885616,1.34115469455719,-0.4663956165313721,110500.0,999.7100219726564,110500.0,1.270982265472412,2.297363519668579,-4.027763366699219,110500.0,-9.554621696472168,-2.0925557613372803,0.707656979560852,110500.0,-14.47235107421875,-12.268487930297852,1.6292542219161987
2106,110600.0,-0.2849999964237213,-39.53499984741211,6.5349998474121085,110600.0,1.8075503110885616,1.34115469455719,-0.4663956165313721,110600.0,999.7100219726564,110600.0,1.270982265472412,2.297363519668579,-4.027763366699219,110600.0,-9.554621696472168,-2.0925557613372803,0.707656979560852,110600.0,-14.47235107421875,-12.268487930297852,1.6292542219161987
2107,110700.0,-1.3270000219345093,-39.87200164794922,9.472000122070312,110700.0,1.235169529914856,-1.2486085891723633,0.5946773290634155,110700.0,999.6400146484376,110700.0,1.4879770278930664,-1.5689115524291992,-4.4911394119262695,110700.0,-8.447003364562987,-4.857363700866699,-1.1066023111343384,110700.0,-7.176021099090576,-2.56000018119812,-5.1343655586242685
2108,110800.0,-1.3270000219345093,-38.07500076293945,16.219999313354492,110800.0,1.3356568813323977,1.1288789510726929,-0.5109887719154358,110800.0,999.6400146484376,110800.0,1.4879770278930664,-1.5689115524291992,-4.4911394119262695,110800.0,-9.15241527557373,-2.7939224243164062,2.1442229747772217,110800.0,-7.664438247680664,-4.3628339767456055,-2.3469161987304688
2109,110900.0,-2.6770000457763667,-35.53099822998047,21.6560001373291,110900.0,1.3356568813323977,1.1288789510726929,-0.5109887719154358,110900.0,999.7100219726564,110900.0,-3.1018218994140625,-1.7881288528442385,-1.5463366508483891,110900.0,-9.15241527557373,-2.7939224243164062,2.1442229747772217,110900.0,-7.664438247680664,-4.3628339767456055,-2.3469161987304688
2110,110500.0,-1.5440000295639038,-41.724998474121094,-4.546999931335449,110500.0,1.8075503110885616,1.34115469455719,-0.4663956165313721,110500.0,999.7100219726564,110500.0,1.270982265472412,2.297363519668579,-4.027763366699219,110500.0,-9.554621696472168,-2.0925557613372803,0.707656979560852,110500.0,-14.47235107421875,-12.268487930297852,1.6292542219161987
2111,110600.0,-0.2849999964237213,-39.53499984741211,6.5349998474121085,110600.0,1.8075503110885616,1.34115469455719,-0.4663956165313721,110600.0,999.7100219726564,110600.0,1.270982265472412,2.297363519668579,-4.027763366699219,110600.0,-9.554621696472168,-2.0925557613372803,0.707656979560852,110600.0,-14.47235107421875,-12.268487930297852,1.6292542219161987
2112,110700.0,-1.3270000219345093,-39.87200164794922,9.472000122070312,110700.0,1.235169529914856,-1.2486085891723633,0.5946773290634155,110700.0,999.6400146484376,110700.0,1.4879770278930664,-1.5689115524291992,-4.4911394119262695,110700.0,-8.447003364562987,-4.857363700866699,-1.1066023111343384,110700.0,-7.176021099090576,-2.56000018119812,-5.1343655586242685
2113,110800.0,-1.3270000219345093,-38.07500076293945,16.219999313354492,110800.0,1.3356568813323977,1.1288789510726929,-0.5109887719154358,110800.0,999.6400146484376,110800.0,1.4879770278930664,-1.5689115524291992,-4.4911394119262695,110800.0,-9.15241527557373,-2.7939224243164062,2.1442229747772217,110800.0,-7.664438247680664,-4.3628339767456055,-2.3469161987304688
2114,110900.0,-2.6770000457763667,-35.53099822998047,21.6560001373291,110900.0,1.3356568813323977,1.1288789510726929,-0.5109887719154358,110900.0,999.7100219726564,110900.0,-3.1018218994140625,-1.7881288528442385,-1.5463366508483891,110900.0,-9.15241527557373,-2.7939224243164062,2.1442229747772217,110900.0,-7.664438247680664,-4.3628339767456055,-2.3469161987304688
2115,111000.0,-2.6770000457763667,-31.1560001373291,27.16900062561035,111000.0,1.4856243133544922,0.35185837745666504,1.4581353664398191,111000.0,999.6900024414064,111000.0,0.6293535232543945,-2.276625633239746,0.0546954870223999,111000.0,-8.238912582397461,-5.117946147918701,-1.4482111930847168,111000.0,-11.340734481811525,-6.90607500076294,-2.994547843933105
2116,111100.0,-3.375,-24.30200004577637,33.084999084472656,111100.0,1.4856243133544922,0.35185837745666504,1.4581353664398191,111100.0,999.6900024414064,111100.0,0.6293535232543945,-2.276625633239746,0.0546954870223999,111100.0,-8.238912582397461,-5.117946147918701,-1.4482111930847168,111100.0,-11.340734481811525,-6.90607500076294,-2.994547843933105
2117,111200.0,-3.6809999942779537,-19.48200035095215,35.12099838256836,111200.0,0.8674286603927612,-0.4728097021579742,1.613600492477417,111200.0,999.6799926757812,111200.0,3.486968517303467,-3.9782314300537123,1.1441144943237305,111200.0,-9.628559112548828,-1.7593997716903689,-0.6047633290290833,111200.0,-8.999205589294434,-4.036025524139403,-0.5500678420066833
2118,111300.0,-3.6809999942779537,-16.606000900268555,33.59600067138672,111300.0,0.8674286603927612,-0.4728097021579742,1.613600492477417,111300.0,999.6799926757812,111300.0,3.486968517303467,-3.9782314300537123,1.1441144943237305,111300.0,-9.628559112548828,-1.7593997716903689,-0.6047633290290833,111300.0,-8.999205589294434,-4.036025524139403,-0.5500678420066833
2119,111400.0,-3.2950000762939453,-11.71500015258789,34.373001098632805,111400.0,0.0021380283869802947,-1.0644327402114868,0.7449501752853394,111400.0,999.6199951171876,111400.0,2.934891700744629,1.1109169721603394,0.15432727336883545,111400.0,-9.662213325500488,-1.5416008234024048,0.6599164605140686,111400.0,-6.1752448081970215,-5.519832134246826,1.804031014442444
2120,111000.0,-2.6770000457763667,-31.1560001373291,27.16900062561035,111000.0,1.4856243133544922,0.35185837745666504,1.4581353664398191,111000.0,999.6900024414064,111000.0,0.6293535232543945,-2.276625633239746,0.0546954870223999,111000.0,-8.238912582397461,-5.117946147918701,-1.4482111930847168,111000.0,-11.340734481811525,-6.90607500076294,-2.994547843933105
2121,111100.0,-3.375,-24.30200004577637,33.084999084472656,111100.0,1.4856243133544922,0.35185837745666504,1.4581353664398191,111100.0,999.6900024414064,111100.0,0.6293535232543945,-2.276625633239746,0.0546954870223999,111100.0,-8.238912582397461,-5.117946147918701,-1.4482111930847168,111100.0,-11.340734481811525,-6.90607500076294,-2.994547843933105
2122,111200.0,-3.6809999942779537,-19.48200035095215,35.12099838256836,111200.0,0.8674286603927612,-0.4728097021579742,1.613600492477417,111200.0,999.6799926757812,111200.0,3.486968517303467,-3.9782314300537123,1.1441144943237305,111200.0,-9.628559112548828,-1.7593997716903689,-0.6047633290290833,111200.0,-8.999205589294434,-4.036025524139403,-0.5500678420066833
2123,111300.0,-3.6809999942779537,-16.606000900268555,33.59600067138672,111300.0,0.8674286603927612,-0.4728097021579742,1.613600492477417,111300.0,999.6799926757812,111300.0,3.486968517303467,-3.9782314300537123,1.1441144943237305,111300.0,-9.628559112548828,-1.7593997716903689,-0.6047633290290833,111300.0,-8.999205589294434,-4.036025524139403,-0.5500678420066833
2124,111400.0,-3.2950000762939453,-11.71500015258789,34.373001098632805,111400.0,0.0021380283869802947,-1.0644327402114868,0.7449501752853394,111400.0,999.6199951171876,111400.0,2.934891700744629,1.1109169721603394,0.15432727336883545,111400.0,-9.662213325500488,-1.5416008234024048,0.6599164605140686,111400.0,-6.1752448081970215,-5.519832134246826,1.804031014442444
2125,111500.0,-1.7999999523162842,-6.90399980545044,34.73600006103516,111500.0,0.0021380283869802947,-1.0644327402114868,0.7449501752853394,111500.0,999.6199951171876,111500.0,2.934891700744629,1.1109169721603394,0.15432727336883545,111500.0,-9.662213325500488,-1.5416008234024048,0.6599164605140686,111500.0,-6.1752448081970215,-5.519832134246826,1.804031014442444
2126,111600.0,1.8289999961853027,-5.577000141143799,35.05500030517578,111600.0,-0.02718350291252136,-1.264796495437622,-0.931569516658783,111600.0,999.530029296875,111600.0,2.243814468383789,5.350015163421631,1.37684166431427,111600.0,-9.2693510055542,-2.922130584716797,1.307931423187256,111600.0,-6.33445930480957,-1.8112136125564573,1.4622586965560913
2127,111700.0,1.3240000009536743,-4.553999900817871,35.40599822998047,111700.0,-0.4660901725292206,0.5919284224510193,-1.8692476749420168,111700.0,999.530029296875,111700.0,2.243814468383789,5.350015163421631,1.37684166431427,111700.0,-9.2693510055542,-2.922130584716797,1.307931423187256,111700.0,-5.782595634460449,0.03292027488350868,3.2411506175994886
2128,111800.0,-1.3070000410079956,-2.6070001125335693,36.15399932861328,111800.0,-0.4660901725292206,0.5919284224510193,-1.8692476749420168,111800.0,999.6099853515624,111800.0,-4.151205539703368,1.697944164276123,1.3097182512283323,111800.0,-8.026410102844237,-5.317094802856445,1.8643089532852173,111800.0,-5.782595634460449,0.03292027488350868,3.2411506175994886
2129,111900.0,-6.644999980926514,-3.4719998836517334,36.47600173950195,111900.0,0.20036379992961886,1.454164743423462,-0.8286387324333191,111900.0,999.5800170898438,111900.0,-5.0840582847595215,2.725554943084717,1.5314074754714966,111900.0,-7.188930988311768,-6.533034324645996,-1.3450326919555664,111900.0,-11.340136528015135,-4.835090160369873,-0.035314474254846566
2130,111500.0,-1.7999999523162842,-6.90399980545044,34.73600006103516,111500.0,0.0021380283869802947,-1.0644327402114868,0.7449501752853394,111500.0,999.6199951171876,111500.0,2.934891700744629,1.1109169721603394,0.15432727336883545,111500.0,-9.662213325500488,-1.5416008234024048,0.6599164605140686,111500.0,-6.1752448081970215,-5.519832134246826,1.804031014442444
2131,111600.0,1.8289999961853027,-5.577000141143799,35.05500030517578,111600.0,-0.02718350291252136,-1.264796495437622,-0.931569516658783,111600.0,999.530029296875,111600.0,2.243814468383789,5.350015163421631,1.37684166431427,111600.0,-9.2693510055542,-2.922130584716797,1.307931423187256,111600.0,-6.33445930480957,-1.8112136125564573,1.4622586965560913
2132,111700.0,1.3240000009536743,-4.553999900817871,35.40599822998047,111700.0,-0.4660901725292206,0.5919284224510193,-1.8692476749420168,111700.0,999.530029296875,111700.0,2.243814468383789,5.350015163421631,1.37684166431427,111700.0,-9.2693510055542,-2.922130584716797,1.307931423187256,111700.0,-5.782595634460449,0.03292027488350868,3.2411506175994886
2133,111800.0,-1.3070000410079956,-2.6070001125335693,36.15399932861328,111800.0,-0.4660901725292206,0.5919284224510193,-1.8692476749420168,111800.0,999.6099853515624,111800.0,-4.151205539703368,1.697944164276123,1.3097182512283323,111800.0,-8.026410102844237,-5.317094802856445,1.8643089532852173,111800.0,-5.782595634460449,0.03292027488350868,3.2411506175994886
2134,111900.0,-6.644999980926514,-3.4719998836517334,36.47600173950195,111900.0,0.20036379992961886,1.454164743423462,-0.8286387324333191,111900.0,999.5800170898438,111900.0,-5.0840582847595215,2.725554943084717,1.5314074754714966,111900.0,-7.188930988311768,-6.533034324645996,-1.3450326919555664,111900.0,-11.340136528015135,-4.835090160369873,-0.035314474254846566
2135,112000.0,-8.734000205993652,-3.1689999103546143,36.47600173950195,112000.0,0.20036379992961886,1.454164743423462,-0.8286387324333191,112000.0,999.5800170898438,112000.0,-5.0840582847595215,2.725554943084717,1.5314074754714966,112000.0,-7.188930988311768,-6.533034324645996,-1.3450326919555664,112000.0,-11.340136528015135,-4.835090160369873,-0.035314474254846566
2136,112100.0,-9.95300006866455,-3.1689999103546143,36.14099884033203,112100.0,-0.9395107626914978,0.05955936014652252,-0.3689626157283783,112100.0,999.5900268554688,112100.0,-2.455051898956299,1.7410707473754885,4.143989086151123,112100.0,-5.955605983734131,-7.2625670433044425,-2.820685148239136,112100.0,-11.039664268493652,-4.537012100219727,-1.2892776727676392
2137,112200.0,-9.95300006866455,-3.5360000133514404,35.823001861572266,112200.0,-0.9395107626914978,0.05955936014652252,-0.3689626157283783,112200.0,999.5900268554688,112200.0,-2.455051898956299,1.7410707473754885,4.143989086151123,112200.0,-5.955605983734131,-7.2625670433044425,-2.820685148239136,112200.0,-11.039664268493652,-4.537012100219727,-1.2892776727676392
2138,112300.0,-9.479999542236328,-4.204999923706056,35.1510009765625,112300.0,0.12736541032791138,-0.33017265796661377,-0.3075706362724304,112300.0,999.5999755859376,112300.0,-2.9076199531555176,2.955580234527588,1.4079875946044922,112300.0,-5.736709117889402,-6.873042106628418,-4.002731323242188,112300.0,-8.191761016845701,-5.13197135925293,0.1412578970193863
2139,112400.0,-10.222999572753906,-4.204999923706056,34.825000762939446,112400.0,0.12736541032791138,-0.33017265796661377,-0.3075706362724304,112400.0,999.5999755859376,112400.0,-2.9076199531555176,2.955580234527588,1.4079875946044922,112400.0,-5.736709117889402,-6.873042106628418,-4.002731323242188,112400.0,-8.191761016845701,-5.13197135925293,0.1412578970193863
2140,112000.0,-8.734000205993652,-3.1689999103546143,36.47600173950195,112000.0,0.20036379992961886,1.454164743423462,-0.8286387324333191,112000.0,999.5800170898438,112000.0,-5.0840582847595215,2.725554943084717,1.5314074754714966,112000.0,-7.188930988311768,-6.533034324645996,-1.3450326919555664,112000.0,-11.340136528015135,-4.835090160369873,-0.035314474254846566
2141,112100.0,-9.95300006866455,-3.1689999103546143,36.14099884033203,112100.0,-0.9395107626914978,0.05955936014652252,-0.3689626157283783,112100.0,999.5900268554688,112100.0,-2.455051898956299,1.7410707473754885,4.143989086151123,112100.0,-5.955605983734131,-7.2625670433044425,-2.820685148239136,112100.0,-11.039664268493652,-4.537012100219727,-1.2892776727676392
2142,112200.0,-9.95300006866455,-3.5360000133514404,35.823001861572266,112200.0,-0.9395107626914978,0.05955936014652252,-0.3689626157283783,112200.0,999.5900268554688,112200.0,-2.455051898956299,1.7410707473754885,4.143989086151123,112200.0,-5.955605983734131,-7.2625670433044425,-2.820685148239136,112200.0,-11.039664268493652,-4.537012100219727,-1.2892776727676392
2143,112300.0,-9.479999542236328,-4.204999923706056,35.1510009765625,112300.0,0.12736541032791138,-0.33017265796661377,-0.3075706362724304,112300.0,999.5999755859376,112300.0,-2.9076199531555176,2.955580234527588,1.4079875946044922,112300.0,-5.736709117889402,-6.873042106628418,-4.002731323242188,112300.0,-8.191761016845701,-5.13197135925293,0.1412578970193863
2144,112400.0,-10.222999572753906,-4.204999923706056,34.825000762939446,112400.0,0.12736541032791138,-0.33017265796661377,-0.3075706362724304,112400.0,999.5999755859376,112400.0,-2.9076199531555176,2.955580234527588,1.4079875946044922,112400.0,-5.736709117889402,-6.873042106628418,-4.002731323242188,112400.0,-8.191761016845701,-5.13197135925293,0.1412578970193863
2145,112500.0,-10.222999572753906,-4.526999950408936,34.498001098632805,112500.0,0.6108652353286743,0.09987647086381912,-0.020463986322283745,112500.0,999.5999755859376,112500.0,-4.404070854187012,2.414496898651123,-0.4302964210510254,112500.0,-5.893465518951416,-7.037693977355957,-3.4508402347564697,112500.0,-8.801085472106934,-4.082113742828368,-2.042852640151977
2146,112600.0,-10.5649995803833,-4.526999950408936,34.498001098632805,112600.0,0.6108652353286743,0.09987647086381912,-0.020463986322283745,112600.0,999.5999755859376,112600.0,-4.404070854187012,2.414496898651123,-0.4302964210510254,112600.0,-5.893465518951416,-7.037693977355957,-3.4508402347564697,112600.0,-8.801085472106934,-4.082113742828368,-2.042852640151977
2147,112700.0,-10.5649995803833,-3.433000087738037,34.498001098632805,112700.0,0.55069500207901,0.33200526237487793,0.28130343556404114,112700.0,999.719970703125,112700.0,-2.192645072937012,2.454407215118408,1.958373427391052,112700.0,-6.19087028503418,-7.082591533660889,-2.7713499069213867,112700.0,-10.594941139221193,-4.6680946350097665,-3.201646327972412
2148,112800.0,-5.817999839782715,-1.6950000524520874,35.17300033569336,112800.0,0.2403754740953445,-0.8784242272377014,0.9364564418792723,112800.0,999.6400146484376,112800.0,-0.3942184448242188,-0.8897919654846191,1.2549655437469482,112800.0,-6.665302276611327,-6.766364574432372,-2.44140362739563,112800.0,-8.85794734954834,-4.311957359313965,-0.4830302000045776
2149,112900.0,0.33399999141693115,-1.284000039100647,35.55699920654297,112900.0,0.2403754740953445,-0.8784242272377014,0.9364564418792723,112900.0,999.6400146484376,112900.0,-0.3942184448242188,-0.8897919654846191,1.2549655437469482,112900.0,-6.665302276611327,-6.766364574432372,-2.44140362739563,112900.0,-8.85794734954834,-4.311957359313965,-0.4830302000045776
0,5000.0,4.739999771118164,-14.291999816894533,-3.38100004196167,5000.0,-0.08032877743244171,0.15515977144241333,-0.4334088861942291,5000.0,1002.5,5000.0,1.3629714250564575,-0.5495939254760742,-1.8345365524291992,5000.0,1.9039167165756223,-9.516228675842283,1.409565806388855,5000.0,2.4893712997436523,-9.233837127685547,-0.5087678432464601
1,5100.0,5.040999889373778,-13.562000274658205,-3.38100004196167,5100.0,-0.08032877743244171,0.15515977144241333,-0.4334088861942291,5100.0,1002.5,5100.0,1.3629714250564575,-0.5495939254760742,-1.8345365524291992,5100.0,1.9039167165756223,-9.516228675842283,1.409565806388855,5100.0,2.4893712997436523,-9.233837127685547,-0.5087678432464601
2,5200.0,5.040999889373778,-12.826000213623047,-3.816999912261963,5200.0,-0.08032877743244171,0.15515977144241333,-0.4334088861942291,5200.0,1002.5,5200.0,1.3629714250564575,-0.5495939254760742,-1.8345365524291992,5200.0,1.9039167165756223,-9.516228675842283,1.409565806388855,5200.0,2.4893712997436523,-9.233837127685547,-0.5087678432464601
3,5300.0,5.040999889373778,-11.64799976348877,-4.132999897003174,5300.0,0.17531833052635193,0.4190535545349121,-0.4245513379573822,5300.0,1002.5499877929688,5300.0,0.9415111541748048,-0.8121910095214844,-0.9150041341781616,5300.0,2.002159833908081,-9.514599800109863,1.2783242464065552,5300.0,3.26688814163208,-10.06582260131836,-0.424970805644989
4,5400.0,5.71999979019165,-7.065999984741211,-2.490999937057495,5400.0,0.17531833052635193,0.4190535545349121,-0.4245513379573822,5400.0,1002.5499877929688,5400.0,0.9415111541748048,-0.8121910095214844,-0.9150041341781616,5400.0,2.002159833908081,-9.514599800109863,1.2783242464065552,5400.0,3.26688814163208,-10.06582260131836,-0.424970805644989
5,5500.0,6.089000225067139,-3.6749999523162837,1.4450000524520874,5500.0,0.9352346658706664,0.2553416788578033,0.6805039048194885,5500.0,1002.5399780273438,5500.0,0.1894679069519043,-0.8028249740600586,-3.7470431327819824,5500.0,2.014993190765381,-9.563469886779783,0.806364893913269,5500.0,2.9436709880828857,-10.326790809631348,0.3633201122283936
6,5600.0,6.089000225067139,0.2409999966621399,5.0320000648498535,5600.0,1.1255191564559937,2.2269091606140137,1.0067058801650999,5600.0,1002.4400024414064,5600.0,1.207685947418213,3.0824666023254395,0.6490846872329712,5600.0,2.238168954849243,-9.50371551513672,0.9167232513427734,5600.0,2.204461097717285,-10.366294860839844,-2.940678119659424
7,5700.0,5.710999965667725,2.4449999332427983,5.710999965667725,5700.0,1.1255191564559937,2.2269091606140137,1.0067058801650999,5700.0,1002.4400024414064,5700.0,1.207685947418213,3.0824666023254395,0.6490846872329712,5700.0,2.238168954849243,-9.50371551513672,0.9167232513427734,5700.0,2.204461097717285,-10.366294860839844,-2.940678119659424
8,5800.0,4.8410000801086435,4.453999996185303,7.040999889373777,5800.0,0.5485569834709167,0.11942415684461595,0.6554583907127379,5800.0,1002.3900146484376,5800.0,-1.663341760635376,4.303146362304688,2.397711753845215,5800.0,2.146970510482788,-9.481804847717283,1.2869646549224854,5800.0,3.445854902267456,-6.421248912811277,1.5658079385757446
9,5900.0,4.1040000915527335,5.0879998207092285,6.709000110626223,5900.0,0.5485569834709167,0.11942415684461595,0.6554583907127379,5900.0,1002.3900146484376,5900.0,-1.663341760635376,4.303146362304688,2.397711753845215,5900.0,2.146970510482788,-9.481804847717283,1.2869646549224854,5900.0,3.445854902267456,-6.421248912811277,1.5658079385757446
10,5500.0,6.089000225067139,-3.6749999523162837,1.4450000524520874,5500.0,0.9352346658706664,0.2553416788578033,0.6805039048194885,5500.0,1002.5399780273438,5500.0,0.1894679069519043,-0.8028249740600586,-3.7470431327819824,5500.0,2.014993190765381,-9.563469886779783,0.806364893913269,5500.0,2.9436709880828857,-10.326790809631348,0.3633201122283936
11,5600.0,6.089000225067139,0.2409999966621399,5.0320000648498535,5600.0,1.1255191564559937,2.2269091606140137,1.0067058801650999,5600.0,1002.4400024414064,5600.0,1.207685947418213,3.0824666023254395,0.6490846872329712,5600.0,2.238168954849243,-9.50371551513672,0.9167232513427734,5600.0,2.204461097717285,-10.366294860839844,-2.940678119659424
12,5700.0,5.710999965667725,2.4449999332427983,5.710999965667725,5700.0,1.1255191564559937,2.2269091606140137,1.0067058801650999,5700.0,1002.4400024414064,5700.0,1.207685947418213,3.0824666023254395,0.6490846872329712,5700.0,2.238168954849243,-9.50371551513672,0.9167232513427734,5700.0,2.204461097717285,-10.366294860839844,-2.940678119659424
13,5800.0,4.8410000801086435,4.453999996185303,7.040999889373777,5800.0,0.5485569834709167,0.11942415684461595,0.6554583907127379,5800.0,1002.3900146484376,5800.0,-1.663341760635376,4.303146362304688,2.397711753845215,5800.0,2.146970510482788,-9.481804847717283,1.2869646549224854,5800.0,3.445854902267456,-6.421248912811277,1.5658079385757446
14,5900.0,4.1040000915527335,5.0879998207092285,6.709000110626223,5900.0,0.5485569834709167,0.11942415684461595,0.6554583907127379,5900.0,1002.3900146484376,5900.0,-1.663341760635376,4.303146362304688,2.397711753845215,5900.0,2.146970510482788,-9.481804847717283,1.2869646549224854,5900.0,3.445854902267456,-6.421248912811277,1.5658079385757446
15,6000.0,3.688999891281128,5.171000003814697,7.098999977111816,6000.0,-1.236696720123291,-0.4584543704986572,-0.5277875661849976,6000.0,1002.4400024414064,6000.0,-3.2345337867736816,-6.032748222351074,2.4895172119140625,6000.0,1.6076737642288208,-9.557096481323242,1.4992226362228394,6000.0,0.4836287498474121,-5.178658485412598,3.6846764087677
16,6100.0,3.053999900817871,5.5980000495910645,7.098999977111816,6100.0,-1.236696720123291,-0.4584543704986572,-0.5277875661849976,6100.0,1002.4400024414064,6100.0,-3.2345337867736816,-6.032748222351074,2.4895172119140625,6100.0,1.6076737642288208,-9.557096481323242,1.4992226362228394,6100.0,0.4836287498474121,-5.178658485412598,3.6846764087677
17,6200.0,3.053999900817871,6.834000110626223,4.795000076293945,6200.0,-0.7263187766075134,0.7727445363998413,-0.9202684760093688,6200.0,1002.52001953125,6200.0,2.00268030166626,0.4465951919555664,-0.7152348160743713,6200.0,1.8519846200942995,-9.525407791137695,1.4167358875274658,6200.0,-1.6268600225448608,-15.589844703674315,3.988739967346192
18,6300.0,3.053999900817871,7.467000007629394,3.7290000915527344,6300.0,-0.7263187766075134,0.7727445363998413,-0.9202684760093688,6300.0,1002.52001953125,6300.0,2.00268030166626,0.4465951919555664,-0.7152348160743713,6300.0,1.8519846200942995,-9.525407791137695,1.4167358875274658,6300.0,-1.6268600225448608,-15.589844703674315,3.988739967346192
19,6400.0,3.367000102996826,8.123000144958496,3.2109999656677246,6400.0,-0.4236350357532501,-0.7550294399261475,-0.9624181985855104,6400.0,1002.489990234375,6400.0,-1.4762226343154907,1.1819820404052734,-0.6063556671142578,6400.0,1.7072631120681765,-9.559293746948242,1.3695074319839478,6400.0,3.8546648025512695,-9.078812599182127,0.7015010714530945
20,6000.0,3.688999891281128,5.171000003814697,7.098999977111816,6000.0,-1.236696720123291,-0.4584543704986572,-0.5277875661849976,6000.0,1002.4400024414064,6000.0,-3.2345337867736816,-6.032748222351074,2.4895172119140625,6000.0,1.6076737642288208,-9.557096481323242,1.4992226362228394,6000.0,0.4836287498474121,-5.178658485412598,3.6846764087677
21,6100.0,3.053999900817871,5.5980000495910645,7.098999977111816,6100.0,-1.236696720123291,-0.4584543704986572,-0.5277875661849976,6100.0,1002.4400024414064,6100.0,-3.2345337867736816,-6.032748222351074,2.4895172119140625,6100.0,1.6076737642288208,-9.557096481323242,1.4992226362228394,6100.0,0.4836287498474121,-5.178658485412598,3.6846764087677
22,6200.0,3.053999900817871,6.834000110626223,4.795000076293945,6200.0,-0.7263187766075134,0.7727445363998413,-0.9202684760093688,6200.0,1002.52001953125,6200.0,2.00268030166626,0.4465951919555664,-0.7152348160743713,6200.0,1.8519846200942995,-9.525407791137695,1.4167358875274658,6200.0,-1.6268600225448608,-15.589844703674315,3.988739967346192
23,6300.0,3.053999900817871,7.467000007629394,3.7290000915527344,6300.0,-0.7263187766075134,0.7727445363998413,-0.9202684760093688,6300.0,1002.52001953125,6300.0,2.00268030166626,0.4465951919555664,-0.7152348160743713,6300.0,1.8519846200942995,-9.525407791137695,1.4167358875274658,6300.0,-1.6268600225448608,-15.589844703674315,3.988739967346192
24,6400.0,3.367000102996826,8.123000144958496,3.2109999656677246,6400.0,-0.4236350357532501,-0.7550294399261475,-0.9624181985855104,6400.0,1002.489990234375,6400.0,-1.4762226343154907,1.1819820404052734,-0.6063556671142578,6400.0,1.7072631120681765,-9.559293746948242,1.3695074319839478,6400.0,3.8546648025512695,-9.078812599182127,0.7015010714530945
25,6500.0,4.151000022888184,8.776000022888184,2.744999885559082,6500.0,-0.4468479156494141,-0.3744603991508484,-0.03573561832308768,6500.0,1002.4299926757812,6500.0,1.559294819831848,-0.2400360107421875,-0.6227414011955261,6500.0,1.884764313697815,-9.53728485107422,1.2877309322357178,6500.0,0.23104046285152435,-8.377311706542969,0.7631517648696899
26,6600.0,5.169000148773193,9.118000030517578,1.7359999418258667,6600.0,-0.4468479156494141,-0.3744603991508484,-0.03573561832308768,6600.0,1002.4299926757812,6600.0,1.559294819831848,-0.2400360107421875,-0.6227414011955261,6600.0,1.884764313697815,-9.53728485107422,1.2877309322357178,6600.0,0.23104046285152435,-8.377311706542969,0.7631517648696899
27,6700.0,5.508999824523926,9.118000030517578,1.315000057220459,6700.0,-0.03940080851316452,0.2984076738357544,-0.3784310221672058,6700.0,1002.4500122070312,6700.0,0.28830838203430176,-0.5108432769775391,-2.1080331802368164,6700.0,1.911962985992432,-9.56276035308838,1.0336352586746216,6700.0,3.444059133529663,-9.777320861816406,0.6649895310401917
28,6800.0,5.508999824523926,9.468999862670898,1.0049999952316284,6800.0,-0.03940080851316452,0.2984076738357544,-0.3784310221672058,6800.0,1002.4500122070312,6800.0,0.28830838203430176,-0.5108432769775391,-2.1080331802368164,6800.0,1.911962985992432,-9.56276035308838,1.0336352586746216,6800.0,3.444059133529663,-9.777320861816406,0.6649895310401917
29,6900.0,5.508999824523926,10.144000053405762,1.0049999952316284,6900.0,-0.18600846827030185,0.5653557777404785,-0.2028072625398636,6900.0,1002.5,6900.0,3.379297971725464,-2.092569351196289,1.786776423454285,6900.0,2.230316400527954,-9.4738187789917,1.201187252998352,6900.0,2.2002713680267334,-10.073603630065918,-1.0743980407714844
30,6500.0,4.151000022888184,8.776000022888184,2.744999885559082,6500.0,-0.4468479156494141,-0.3744603991508484,-0.03573561832308768,6500.0,1002.4299926757812,6500.0,1.559294819831848,-0.2400360107421875,-0.6227414011955261,6500.0,1.884764313697815,-9.53728485107422,1.2877309322357178,6500.0,0.23104046285152435,-8.377311706542969,0.7631517648696899
31,6600.0,5.169000148773193,9.118000030517578,1.7359999418258667,6600.0,-0.4468479156494141,-0.3744603991508484,-0.03573561832308768,6600.0,1002.4299926757812,6600.0,1.559294819831848,-0.2400360107421875,-0.6227414011955261,6600.0,1.884764313697815,-9.53728485107422,1.2877309322357178,6600.0,0.23104046285152435,-8.377311706542969,0.7631517648696899
32,6700.0,5.508999824523926,9.118000030517578,1.315000057220459,6700.0,-0.03940080851316452,0.2984076738357544,-0.3784310221672058,6700.0,1002.4500122070312,6700.0,0.28830838203430176,-0.5108432769775391,-2.1080331802368164,6700.0,1.911962985992432,-9.56276035308838,1.0336352586746216,6700.0,3.444059133529663,-9.777320861816406,0.6649895310401917
33,6800.0,5.508999824523926,9.468999862670898,1.0049999952316284,6800.0,-0.03940080851316452,0.2984076738357544,-0.3784310221672058,6800.0,1002.4500122070312,6800.0,0.28830838203430176,-0.5108432769775391,-2.1080331802368164,6800.0,1.911962985992432,-9.56276035308838,1.0336352586746216,6800.0,3.444059133529663,-9.777320861816406,0.6649895310401917
34,6900.0,5.508999824523926,10.144000053405762,1.0049999952316284,6900.0,-0.18600846827030185,0.5653557777404785,-0.2028072625398636,6900.0,1002.5,6900.0,3.379297971725464,-2.092569351196289,1.786776423454285,6900.0,2.230316400527954,-9.4738187789917,1.201187252998352,6900.0,2.2002713680267334,-10.073603630065918,-1.0743980407714844
35,7000.0,5.508999824523926,10.89900016784668,1.0049999952316284,7000.0,-0.18600846827030185,0.5653557777404785,-0.2028072625398636,7000.0,1002.5,7000.0,3.379297971725464,-2.092569351196289,1.786776423454285,7000.0,2.230316400527954,-9.4738187789917,1.201187252998352,7000.0,2.2002713680267334,-10.073603630065918,-1.0743980407714844
36,7100.0,5.823999881744385,12.91800022125244,1.6759999990463257,7100.0,1.0054842233657837,-0.07757988572120668,0.7241807579994202,7100.0,1002.4299926757812,7100.0,-0.03447747230529785,0.4653005599975586,-4.210936546325684,7100.0,2.2491140365600586,-9.517178535461426,0.7315627932548523,7100.0,5.609614372253418,-11.566388130187988,2.9879636764526367
37,7200.0,6.4629998207092285,14.03499984741211,2.0299999713897705,7200.0,1.0054842233657837,-0.07757988572120668,0.7241807579994202,7200.0,1002.4299926757812,7200.0,-0.03447747230529785,0.4653005599975586,-4.210936546325684,7200.0,2.2491140365600586,-9.517178535461426,0.7315627932548523,7200.0,5.609614372253418,-11.566388130187988,2.9879636764526367
38,7300.0,7.2059998512268075,14.03499984741211,2.3489999771118164,7300.0,0.9428704977035522,2.682003974914551,1.0571023225784302,7300.0,1002.5499877929688,7300.0,0.8932042121887207,1.8460130691528318,1.3883098363876345,7300.0,2.3916404247283936,-9.467355728149414,0.9053353071212769,7300.0,2.2146365642547607,-9.051877975463867,-3.4793736934661865
39,7400.0,7.907000064849853,14.68299961090088,2.039999961853028,7400.0,0.685390830039978,0.0021380283869802947,0.8762862086296082,7400.0,1002.4099731445312,7400.0,-1.4531192779541016,3.0984363555908203,2.4386136531829834,7400.0,2.307250738143921,-9.45145034790039,1.2316975593566897,7400.0,3.2848446369171143,-7.621342658996582,2.293645143508911
40,7000.0,5.508999824523926,10.89900016784668,1.0049999952316284,7000.0,-0.18600846827030185,0.5653557777404785,-0.2028072625398636,7000.0,1002.5,7000.0,3.379297971725464,-2.092569351196289,1.786776423454285,7000.0,2.230316400527954,-9.4738187789917,1.201187252998352,7000.0,2.2002713680267334,-10.073603630065918,-1.0743980407714844
41,7100.0,5.823999881744385,12.91800022125244,1.6759999990463257,7100.0,1.0054842233657837,-0.07757988572120668,0.7241807579994202,7100.0,1002.4299926757812,7100.0,-0.03447747230529785,0.4653005599975586,-4.210936546325684,7100.0,2.2491140365600586,-9.517178535461426,0.7315627932548523,7100.0,5.609614372253418,-11.566388130187988,2.9879636764526367
42,7200.0,6.4629998207092285,14.03499984741211,2.0299999713897705,7200.0,1.0054842233657837,-0.07757988572120668,0.7241807579994202,7200.0,1002.4299926757812,7200.0,-0.03447747230529785,0.4653005599975586,-4.210936546325684,7200.0,2.2491140365600586,-9.517178535461426,0.7315627932548523,7200.0,5.609614372253418,-11.566388130187988,2.9879636764526367
43,7300.0,7.2059998512268075,14.03499984741211,2.3489999771118164,7300.0,0.9428704977035522,2.682003974914551,1.0571023225784302,7300.0,1002.5499877929688,7300.0,0.8932042121887207,1.8460130691528318,1.3883098363876345,7300.0,2.3916404247283936,-9.467355728149414,0.9053353071212769,7300.0,2.2146365642547607,-9.051877975463867,-3.4793736934661865
44,7400.0,7.907000064849853,14.68299961090088,2.039999961853028,7400.0,0.685390830039978,0.0021380283869802947,0.8762862086296082,7400.0,1002.4099731445312,7400.0,-1.4531192779541016,3.0984363555908203,2.4386136531829834,7400.0,2.307250738143921,-9.45145034790039,1.2316975593566897,7400.0,3.2848446369171143,-7.621342658996582,2.293645143508911
45,7500.0,8.560999870300293,14.357999801635742,1.0290000438690186,7500.0,0.685390830039978,0.0021380283869802947,0.8762862086296082,7500.0,1002.4099731445312,7500.0,-1.4531192779541016,3.0984363555908203,2.4386136531829834,7500.0,2.307250738143921,-9.45145034790039,1.2316975593566897,7500.0,3.2848446369171143,-7.621342658996582,2.293645143508911
46,7600.0,9.300999641418457,13.107000350952148,-0.17000000178813934,7600.0,-0.8921687006950378,-0.4847215712070465,-0.42241331934928894,7600.0,1002.469970703125,7600.0,-2.553304672241211,1.1482868194580078,5.483297348022461,7600.0,2.02298903465271,-9.40528964996338,1.9022166728973389,7600.0,0.8541314601898193,-6.35301399230957,3.6703112125396733
47,7700.0,9.300999641418457,13.107000350952148,-1.9010000228881845,7700.0,-0.8921687006950378,-0.4847215712070465,-0.42241331934928894,7700.0,1002.469970703125,7700.0,-2.553304672241211,1.1482868194580078,5.483297348022461,7700.0,2.02298903465271,-9.40528964996338,1.9022166728973389,7700.0,0.8541314601898193,-6.35301399230957,3.6703112125396733
48,7800.0,9.300999641418457,12.753999710083008,-4.0399999618530265,7800.0,-1.7037031650543213,-0.22296582162380216,-1.0094548463821411,7800.0,1002.5399780273438,7800.0,-0.8193956613540649,-1.2599477767944336,0.05045831203460693,7800.0,1.9009763002395632,-9.43435287475586,1.8840566873550413,7800.0,-0.5303156971931458,-8.257002830505371,7.385513782501223
49,7900.0,9.300999641418457,17.041000366210938,-3.865000009536743,7900.0,-1.7037031650543213,-0.22296582162380216,-1.0094548463821411,7900.0,1002.5399780273438,7900.0,-0.8193956613540649,-1.2599477767944336,0.05045831203460693,7900.0,1.9009763002395632,-9.43435287475586,1.8840566873550413,7900.0,-0.5303156971931458,-8.257002830505371,7.385513782501223
50,7500.0,8.560999870300293,14.357999801635742,1.0290000438690186,7500.0,0.685390830039978,0.0021380283869802947,0.8762862086296082,7500.0,1002.4099731445312,7500.0,-1.4531192779541016,3.0984363555908203,2.4386136531829834,7500.0,2.307250738143921,-9.45145034790039,1.2316975593566897,7500.0,3.2848446369171143,-7.621342658996582,2.293645143508911
51,7600.0,9.300999641418457,13.107000350952148,-0.17000000178813934,7600.0,-0.8921687006950378,-0.4847215712070465,-0.42241331934928894,7600.0,1002.469970703125,7600.0,-2.553304672241211,1.1482868194580078,5.483297348022461,7600.0,2.02298903465271,-9.40528964996338,1.9022166728973389,7600.0,0.8541314601898193,-6.35301399230957,3.6703112125396733
52,7700.0,9.300999641418457,13.107000350952148,-1.9010000228881845,7700.0,-0.8921687006950378,-0.4847215712070465,-0.42241331934928894,7700.0,1002.469970703125,7700.0,-2.553304672241211,1.1482868194580078,5.483297348022461,7700.0,2.02298903465271,-9.40528964996338,1.9022166728973389,7700.0,0.8541314601898193,-6.35301399230957,3.6703112125396733
53,7800.0,9.300999641418457,12.753999710083008,-4.0399999618530265,7800.0,-1.7037031650543213,-0.22296582162380216,-1.0094548463821411,7800.0,1002.5399780273438,7800.0,-0.8193956613540649,-1.2599477767944336,0.05045831203460693,7800.0,1.9009763002395632,-9.43435287475586,1.8840566873550413,7800.0,-0.5303156971931458,-8.257002830505371,7.385513782501223
54,7900.0,9.300999641418457,17.041000366210938,-3.865000009536743,7900.0,-1.7037031650543213,-0.22296582162380216,-1.0094548463821411,7900.0,1002.5399780273438,7900.0,-0.8193956613540649,-1.2599477767944336,0.05045831203460693,7900.0,1.9009763002395632,-9.43435287475586,1.8840566873550413,7900.0,-0.5303156971931458,-8.257002830505371,7.385513782501223
55,8000.0,8.998000144958496,18.660999298095703,-4.323999881744385,8000.0,-0.22327125072479248,-0.323147714138031,-0.9657779335975648,8000.0,1002.47998046875,8000.0,-0.6087886095046997,0.3702239990234375,-1.2750935554504397,8000.0,1.845393776893616,-9.471182823181152,1.7497440576553345,8000.0,1.0815806388854978,-10.694300651550293,1.9345149993896484
56,8100.0,8.998000144958496,19.148000717163086,-5.02899980545044,8100.0,-0.22327125072479248,-0.323147714138031,-0.9657779335975648,8100.0,1002.47998046875,8100.0,-0.6087886095046997,0.3702239990234375,-1.2750935554504397,8100.0,1.845393776893616,-9.471182823181152,1.7497440576553345,8100.0,1.0815806388854978,-10.694300651550293,1.9345149993896484
57,8200.0,8.654000282287598,19.53199958801269,-5.330999851226807,8200.0,-0.4499022662639618,-0.8008443117141724,-0.2419026345014572,8200.0,1002.4400024414064,8200.0,-0.4169757366180421,0.11283111572265625,-2.0698182582855225,8200.0,1.8080068826675413,-9.518452644348145,1.5167577266693115,8200.0,1.236605167388916,-9.100958824157717,0.4746504724025726
58,8300.0,8.015000343322754,19.965999603271484,-5.710999965667725,8300.0,-0.2553416788578033,-0.02718350291252136,-0.3839288055896759,8300.0,1002.4500122070312,8300.0,1.8598110675811768,-0.08695125579833984,-0.8099421262741089,8300.0,2.018197059631348,-9.49165153503418,1.4162737131118774,8300.0,1.3910311460494995,-9.405621528625488,-0.5530605912208557
59,8400.0,7.666999816894531,20.735000610351566,-6.03000020980835,8400.0,-0.2553416788578033,-0.02718350291252136,-0.3839288055896759,8400.0,1002.4500122070312,8400.0,1.8598110675811768,-0.08695125579833984,-0.8099421262741089,8400.0,2.018197059631348,-9.49165153503418,1.4162737131118774,8400.0,1.3910311460494995,-9.405621528625488,-0.5530605912208557
60,8000.0,8.998000144958496,18.660999298095703,-4.323999881744385,8000.0,-0.22327125072479248,-0.323147714138031,-0.9657779335975648,8000.0,1002.47998046875,8000.0,-0.6087886095046997,0.3702239990234375,-1.2750935554504397,8000.0,1.845393776893616,-9.471182823181152,1.7497440576553345,8000.0,1.0815806388854978,-10.694300651550293,1.9345149993896484
61,8100.0,8.998000144958496,19.148000717163086,-5.02899980545044,8100.0,-0.22327125072479248,-0.323147714138031,-0.9657779335975648,8100.0,1002.47998046875,8100.0,-0.6087886095046997,0.3702239990234375,-1.2750935554504397,8100.0,1.845393776893616,-9.471182823181152,1.7497440576553345,8100.0,1.0815806388854978,-10.694300651550293,1.9345149993896484
62,8200.0,8.654000282287598,19.53199958801269,-5.330999851226807,8200.0,-0.4499022662639618,-0.8008443117141724,-0.2419026345014572,8200.0,1002.4400024414064,8200.0,-0.4169757366180421,0.11283111572265625,-2.0698182582855225,8200.0,1.8080068826675413,-9.518452644348145,1.5167577266693115,8200.0,1.236605167388916,-9.100958824157717,0.4746504724025726
63,8300.0,8.015000343322754,19.965999603271484,-5.710999965667725,8300.0,-0.2553416788578033,-0.02718350291252136,-0.3839288055896759,8300.0,1002.4500122070312,8300.0,1.8598110675811768,-0.08695125579833984,-0.8099421262741089,8300.0,2.018197059631348,-9.49165153503418,1.4162737131118774,8300.0,1.3910311460494995,-9.405621528625488,-0.5530605912208557
64,8400.0,7.666999816894531,20.735000610351566,-6.03000020980835,8400.0,-0.2553416788578033,-0.02718350291252136,-0.3839288055896759,8400.0,1002.4500122070312,8400.0,1.8598110675811768,-0.08695125579833984,-0.8099421262741089,8400.0,2.018197059631348,-9.49165153503418,1.4162737131118774,8400.0,1.3910311460494995,-9.405621528625488,-0.5530605912208557
65,8500.0,7.666999816894531,21.733999252319336,-6.03000020980835,8500.0,0.12767083942890167,0.5687155723571777,-0.07422012835741043,8500.0,1002.4299926757812,8500.0,3.1150059700012207,-1.3776865005493164,1.75465989112854,8500.0,2.3174376487731934,-9.397418022155762,1.5774703025817869,8500.0,3.878008127212525,-9.57860279083252,0.6063315868377686
66,8600.0,7.666999816894531,22.125,-5.672999858856201,8600.0,0.12767083942890167,0.5687155723571777,-0.07422012835741043,8600.0,1002.4299926757812,8600.0,3.1150059700012207,-1.3776865005493164,1.75465989112854,8600.0,2.3174376487731934,-9.397418022155762,1.5774703025817869,8600.0,3.878008127212525,-9.57860279083252,0.6063315868377686
67,8700.0,8.494000434875487,22.450000762939453,-5.672999858856201,8700.0,0.8106181621551514,0.29626965522766113,0.8448266386985779,8700.0,1002.4199829101564,8700.0,-0.054913997650146484,-0.7230205535888672,-3.093419551849365,8700.0,2.3048651218414307,-9.452935218811037,1.224745273590088,8700.0,5.432443618774414,-10.775104522705078,3.3321301937103267
68,8800.0,11.677000045776367,20.15900039672852,-5.672999858856201,8800.0,0.8106181621551514,0.29626965522766113,0.8448266386985779,8800.0,1002.4199829101564,8800.0,-0.054913997650146484,-0.7230205535888672,-3.093419551849365,8800.0,2.3048651218414307,-9.452935218811037,1.224745273590088,8800.0,5.432443618774414,-10.775104522705078,3.3321301937103267
69,8900.0,12.777000427246096,14.532999992370605,-5.994999885559082,8900.0,1.425148606300354,0.15057829022407532,1.423926830291748,8900.0,1002.4299926757812,8900.0,-0.3355147838592529,2.9137492179870605,1.083530068397522,8900.0,2.340658664703369,-9.421189308166504,1.390278935432434,8900.0,2.249951124191284,-10.175955772399902,-1.868674397468567
70,8500.0,7.666999816894531,21.733999252319336,-6.03000020980835,8500.0,0.12767083942890167,0.5687155723571777,-0.07422012835741043,8500.0,1002.4299926757812,8500.0,3.1150059700012207,-1.3776865005493164,1.75465989112854,8500.0,2.3174376487731934,-9.397418022155762,1.5774703025817869,8500.0,3.878008127212525,-9.57860279083252,0.6063315868377686
71,8600.0,7.666999816894531,22.125,-5.672999858856201,8600.0,0.12767083942890167,0.5687155723571777,-0.07422012835741043,8600.0,1002.4299926757812,8600.0,3.1150059700012207,-1.3776865005493164,1.75465989112854,8600.0,2.3174376487731934,-9.397418022155762,1.5774703025817869,8600.0,3.878008127212525,-9.57860279083252,0.6063315868377686
72,8700.0,8.494000434875487,22.450000762939453,-5.672999858856201,8700.0,0.8106181621551514,0.29626965522766113,0.8448266386985779,8700.0,1002.4199829101564,8700.0,-0.054913997650146484,-0.7230205535888672,-3.093419551849365,8700.0,2.3048651218414307,-9.452935218811037,1.224745273590088,8700.0,5.432443618774414,-10.775104522705078,3.3321301937103267
73,8800.0,11.677000045776367,20.15900039672852,-5.672999858856201,8800.0,0.8106181621551514,0.29626965522766113,0.8448266386985779,8800.0,1002.4199829101564,8800.0,-0.054913997650146484,-0.7230205535888672,-3.093419551849365,8800.0,2.3048651218414307,-9.452935218811037,1.224745273590088,8800.0,5.432443618774414,-10.775104522705078,3.3321301937103267
74,8900.0,12.777000427246096,14.532999992370605,-5.994999885559082,8900.0,1.425148606300354,0.15057829022407532,1.423926830291748,8900.0,1002.4299926757812,8900.0,-0.3355147838592529,2.9137492179870605,1.083530068397522,8900.0,2.340658664703369,-9.421189308166504,1.390278935432434,8900.0,2.249951124191284,-10.175955772399902,-1.868674397468567
75,9000.0,12.289999961853027,10.390999794006348,-6.695000171661378,9000.0,1.425148606300354,0.15057829022407532,1.423926830291748,9000.0,1002.4299926757812,9000.0,-0.3355147838592529,2.9137492179870605,1.083530068397522,9000.0,2.340658664703369,-9.421189308166504,1.390278935432434,9000.0,2.249951124191284,-10.175955772399902,-1.868674397468567
76,9100.0,12.289999961853027,8.331000328063965,-6.999000072479247,9100.0,0.2382374405860901,-0.6194173693656921,0.3396410644054413,9100.0,1002.3599853515624,9100.0,-2.111572742462158,2.860905647277832,2.7530670166015625,9100.0,2.167836427688598,-9.399470329284668,1.7665871381759644,9100.0,2.0051438808441158,-6.5074400901794425,2.473809003829956
77,9200.0,10.355999946594238,8.210000038146973,-8.031999588012695,9200.0,-1.0931433439254759,-0.6826419234275818,-0.3017674386501312,9200.0,1002.4400024414064,9200.0,-2.435493469238281,-7.569755554199219,3.2064638137817383,9200.0,1.7244155406951904,-9.450624465942383,1.9703987836837769,9200.0,0.056263741105794914,-6.538564682006836,4.519654273986816
78,9300.0,9.984999656677246,9.37600040435791,-8.720999717712402,9300.0,-1.0931433439254759,-0.6826419234275818,-0.3017674386501312,9300.0,1002.4400024414064,9300.0,-2.435493469238281,-7.569755554199219,3.2064638137817383,9300.0,1.7244155406951904,-9.450624465942383,1.9703987836837769,9300.0,0.056263741105794914,-6.538564682006836,4.519654273986816
79,9400.0,9.51200008392334,10.45199966430664,-9.53499984741211,9400.0,-0.2299907654523849,-0.08307767659425735,-0.9966266751289368,9400.0,1002.3699951171876,9400.0,2.65237045288086,1.6040167808532717,-1.3570436239242554,9400.0,2.04325771331787,-9.411508560180664,1.84905207157135,9400.0,-0.7110779285430908,-17.020380020141598,5.176862716674805
80,9000.0,12.289999961853027,10.390999794006348,-6.695000171661378,9000.0,1.425148606300354,0.15057829022407532,1.423926830291748,9000.0,1002.4299926757812,9000.0,-0.3355147838592529,2.9137492179870605,1.083530068397522,9000.0,2.340658664703369,-9.421189308166504,1.390278935432434,9000.0,2.249951124191284,-10.175955772399902,-1.868674397468567
81,9100.0,12.289999961853027,8.331000328063965,-6.999000072479247,9100.0,0.2382374405860901,-0.6194173693656921,0.3396410644054413,9100.0,1002.3599853515624,9100.0,-2.111572742462158,2.860905647277832,2.7530670166015625,9100.0,2.167836427688598,-9.399470329284668,1.7665871381759644,9100.0,2.0051438808441158,-6.5074400901794425,2.473809003829956
82,9200.0,10.355999946594238,8.210000038146973,-8.031999588012695,9200.0,-1.0931433439254759,-0.6826419234275818,-0.3017674386501312,9200.0,1002.4400024414064,9200.0,-2.435493469238281,-7.569755554199219,3.2064638137817383,9200.0,1.7244155406951904,-9.450624465942383,1.9703987836837769,9200.0,0.056263741105794914,-6.538564682006836,4.519654273986816
83,9300.0,9.984999656677246,9.37600040435791,-8.720999717712402,9300.0,-1.0931433439254759,-0.6826419234275818,-0.3017674386501312,9300.0,1002.4400024414064,9300.0,-2.435493469238281,-7.569755554199219,3.2064638137817383,9300.0,1.7244155406951904,-9.450624465942383,1.9703987836837769,9300.0,0.056263741105794914,-6.538564682006836,4.519654273986816
84,9400.0,9.51200008392334,10.45199966430664,-9.53499984741211,9400.0,-0.2299907654523849,-0.08307767659425735,-0.9966266751289368,9400.0,1002.3699951171876,9400.0,2.65237045288086,1.6040167808532717,-1.3570436239242554,9400.0,2.04325771331787,-9.411508560180664,1.84905207157135,9400.0,-0.7110779285430908,-17.020380020141598,5.176862716674805
85,9500.0,8.715000152587889,13.595000267028807,-10.208999633789064,9500.0,-0.2299907654523849,-0.08307767659425735,-0.9966266751289368,9500.0,1002.3699951171876,9500.0,2.65237045288086,1.6040167808532717,-1.3570436239242554,9500.0,2.04325771331787,-9.411508560180664,1.84905207157135,9500.0,-0.7110779285430908,-17.020380020141598,5.176862716674805
86,9600.0,7.728000164031982,15.70199966430664,-10.925000190734863,9600.0,-0.26664268970489496,-1.0009026527404783,-0.4828889667987824,9600.0,1002.3800048828124,9600.0,-0.3706812858581543,1.5970263481140137,-1.1357635259628296,9600.0,2.0442283153533936,-9.428460121154783,1.759453058242798,9600.0,4.6956281661987305,-7.807491779327393,0.4920084476470947
87,9700.0,5.572000026702881,16.556999206542972,-11.572999954223633,9700.0,-0.26664268970489496,-1.0009026527404783,-0.4828889667987824,9700.0,1002.3800048828124,9700.0,-0.3706812858581543,1.5970263481140137,-1.1357635259628296,9700.0,2.0442283153533936,-9.428460121154783,1.759453058242798,9700.0,4.6956281661987305,-7.807491779327393,0.4920084476470947
88,9800.0,4.744999885559082,16.858999252319336,-12.340999603271484,9800.0,-0.6172793507575989,-1.3029755353927612,0.004886921960860491,9800.0,1002.4600219726564,9800.0,0.5538444519042969,0.5636167526245117,-1.6695547103881836,9800.0,2.1240701675415044,-9.441915512084961,1.5839619636535645,9800.0,1.6735470294952393,-7.8314337730407715,0.6236895322799683
89,9900.0,4.379000186920166,17.236000061035153,-12.670000076293945,9900.0,-0.6172793507575989,-1.3029755353927612,0.004886921960860491,9900.0,1002.4600219726564,9900.0,0.5538444519042969,0.5636167526245117,-1.6695547103881836,9900.0,2.1240701675415044,-9.441915512084961,1.5839619636535645,9900.0,1.6735470294952393,-7.8314337730407715,0.6236895322799683
90,9500.0,8.715000152587889,13.595000267028807,-10.208999633789064,9500.0,-0.2299907654523849,-0.08307767659425735,-0.9966266751289368,9500.0,1002.3699951171876,9500.0,2.65237045288086,1.6040167808532717,-1.3570436239242554,9500.0,2.04325771331787,-9.411508560180664,1.84905207157135,9500.0,-0.7110779285430908,-17.020380020141598,5.176862716674805
91,9600.0,7.728000164031982,15.70199966430664,-10.925000190734863,9600.0,-0.26664268970489496,-1.0009026527404783,-0.4828889667987824,9600.0,1002.3800048828124,9600.0,-0.3706812858581543,1.5970263481140137,-1.1357635259628296,9600.0,2.0442283153533936,-9.428460121154783,1.759453058242798,9600.0,4.6956281661987305,-7.807491779327393,0.4920084476470947
92,9700.0,5.572000026702881,16.556999206542972,-11.572999954223633,9700.0,-0.26664268970489496,-1.0009026527404783,-0.4828889667987824,9700.0,1002.3800048828124,9700.0,-0.3706812858581543,1.5970263481140137,-1.1357635259628296,9700.0,2.0442283153533936,-9.428460121154783,1.759453058242798,9700.0,4.6956281661987305,-7.807491779327393,0.4920084476470947
93,9800.0,4.744999885559082,16.858999252319336,-12.340999603271484,9800.0,-0.6172793507575989,-1.3029755353927612,0.004886921960860491,9800.0,1002.4600219726564,9800.0,0.5538444519042969,0.5636167526245117,-1.6695547103881836,9800.0,2.1240701675415044,-9.441915512084961,1.5839619636535645,9800.0,1.6735470294952393,-7.8314337730407715,0.6236895322799683
94,9900.0,4.379000186920166,17.236000061035153,-12.670000076293945,9900.0,-0.6172793507575989,-1.3029755353927612,0.004886921960860491,9900.0,1002.4600219726564,9900.0,0.5538444519042969,0.5636167526245117,-1.6695547103881836,9900.0,2.1240701675415044,-9.441915512084961,1.5839619636535645,9900.0,1.6735470294952393,-7.8314337730407715,0.6236895322799683
95,10000.0,3.746000051498413,17.961000442504886,-12.670000076293945,10000.0,-0.3753767013549805,0.523511528968811,-0.5149593949317932,10000.0,1002.5599975585938,10000.0,2.310064554214477,-2.74200439453125,-0.6634323000907898,10000.0,2.3047592639923096,-9.419941902160645,1.4571101665496826,10000.0,2.677914619445801,-8.87829875946045,-0.08559270948171616
96,10100.0,2.994999885559082,18.843000411987305,-12.670000076293945,10100.0,1.6462818384170532,0.08124507963657379,1.4223997592926023,10100.0,1002.52001953125,10100.0,-0.2330961227416992,-1.3806419372558594,-3.1852025985717773,10100.0,2.2573935985565186,-9.480055809020996,1.0968600511550903,10100.0,4.614823818206787,-12.161946296691895,0.7936778664588928
97,10200.0,2.1949999332427983,19.15699958801269,-12.670000076293945,10200.0,1.6462818384170532,0.08124507963657379,1.4223997592926023,10200.0,1002.52001953125,10200.0,-0.2330961227416992,-1.3806419372558594,-3.1852025985717773,10200.0,2.2573935985565186,-9.480055809020996,1.0968600511550903,10200.0,4.614823818206787,-12.161946296691895,0.7936778664588928
98,10300.0,1.555999994277954,19.15699958801269,-15.333000183105467,10300.0,2.500882387161255,2.036930084228516,2.9791898727416988,10300.0,1002.4299926757812,10300.0,0.4630756378173828,0.2048940658569336,1.043425440788269,10300.0,2.3070156574249268,-9.454294204711914,1.210116982460022,10300.0,2.02429747581482,-10.860697746276855,-2.088342428207397
99,10400.0,0.8159999847412109,13.126999855041506,-19.090999603271484,10400.0,2.500882387161255,2.036930084228516,2.9791898727416988,10400.0,1002.4299926757812,10400.0,0.4630756378173828,0.2048940658569336,1.043425440788269,10400.0,2.3070156574249268,-9.454294204711914,1.210116982460022,10400.0,2.02429747581482,-10.860697746276855,-2.088342428207397
100,10000.0,3.746000051498413,17.961000442504886,-12.670000076293945,10000.0,-0.3753767013549805,0.523511528968811,-0.5149593949317932,10000.0,1002.5599975585938,10000.0,2.310064554214477,-2.74200439453125,-0.6634323000907898,10000.0,2.3047592639923096,-9.419941902160645,1.4571101665496826,10000.0,2.677914619445801,-8.87829875946045,-0.08559270948171616
101,10100.0,2.994999885559082,18.843000411987305,-12.670000076293945,10100.0,1.6462818384170532,0.08124507963657379,1.4223997592926023,10100.0,1002.52001953125,10100.0,-0.2330961227416992,-1.3806419372558594,-3.1852025985717773,10100.0,2.2573935985565186,-9.480055809020996,1.0968600511550903,10100.0,4.614823818206787,-12.161946296691895,0.7936778664588928
102,10200.0,2.1949999332427983,19.15699958801269,-12.670000076293945,10200.0,1.6462818384170532,0.08124507963657379,1.4223997592926023,10200.0,1002.52001953125,10200.0,-0.2330961227416992,-1.3806419372558594,-3.1852025985717773,10200.0,2.2573935985565186,-9.480055809020996,1.0968600511550903,10200.0,4.614823818206787,-12.161946296691895,0.7936778664588928
103,10300.0,1.555999994277954,19.15699958801269,-15.333000183105467,10300.0,2.500882387161255,2.036930084228516,2.9791898727416988,10300.0,1002.4299926757812,10300.0,0.4630756378173828,0.2048940658569336,1.043425440788269,10300.0,2.3070156574249268,-9.454294204711914,1.210116982460022,10300.0,2.02429747581482,-10.860697746276855,-2.088342428207397
104,10400.0,0.8159999847412109,13.126999855041506,-19.090999603271484,10400.0,2.500882387161255,2.036930084228516,2.9791898727416988,10400.0,1002.4299926757812,10400.0,0.4630756378173828,0.2048940658569336,1.043425440788269,10400.0,2.3070156574249268,-9.454294204711914,1.210116982460022,10400.0,2.02429747581482,-10.860697746276855,-2.088342428207397
105,10500.0,-4.046000003814696,5.232999801635742,-19.99799919128418,10500.0,0.4043927788734436,-1.158505916595459,0.17379115521907804,10500.0,1002.3599853515624,10500.0,-4.01127290725708,9.323654174804688,2.547112226486206,10500.0,2.090524435043335,-9.435583114624023,1.6642887592315674,10500.0,2.7700912952423096,-9.24940013885498,2.253542423248291
106,10600.0,-7.7129998207092285,4.443999767303467,-21.00200080871582,10600.0,0.4043927788734436,-1.158505916595459,0.17379115521907804,10600.0,1002.3599853515624,10600.0,-4.01127290725708,9.323654174804688,2.547112226486206,10600.0,2.090524435043335,-9.435583114624023,1.6642887592315674,10600.0,2.7700912952423096,-9.24940013885498,2.253542423248291
107,10700.0,-9.656999588012695,7.681000232696532,-22.72400093078613,10700.0,-1.7153096199035645,-1.0204503536224363,-0.4205807149410248,10700.0,1002.4199829101564,10700.0,1.295429825782776,-10.13882541656494,0.9914146661758424,10700.0,1.9959989786148071,-9.469685554504396,1.584746479988098,10700.0,-1.920748353004456,-0.11192893236875534,4.2114009857177725
108,10800.0,-10.057000160217283,8.222000122070312,-24.78400039672852,10800.0,-1.7153096199035645,-1.0204503536224363,-0.4205807149410248,10800.0,1002.4199829101564,10800.0,1.295429825782776,-10.13882541656494,0.9914146661758424,10800.0,1.9959989786148071,-9.469685554504396,1.584746479988098,10800.0,-1.920748353004456,-0.11192893236875534,4.2114009857177725
109,10900.0,-6.77400016784668,15.527000427246096,-27.25200080871582,10900.0,-0.7761042714118958,0.01985312066972256,-0.4822781085968018,10900.0,1002.4500122070312,10900.0,-2.9842677116394043,1.2256631851196291,0.1224578619003296,10900.0,1.7069612741470337,-9.518579483032227,1.6289006471633911,10900.0,3.291428804397583,-19.608510971069336,2.5761611461639404
110,10500.0,-4.046000003814696,5.232999801635742,-19.99799919128418,10500.0,0.4043927788734436,-1.158505916595459,0.17379115521907804,10500.0,1002.3599853515624,10500.0,-4.01127290725708,9.323654174804688,2.547112226486206,10500.0,2.090524435043335,-9.435583114624023,1.6642887592315674,10500.0,2.7700912952423096,-9.24940013885498,2.253542423248291
111,10600.0,-7.7129998207092285,4.443999767303467,-21.00200080871582,10600.0,0.4043927788734436,-1.158505916595459,0.17379115521907804,10600.0,1002.3599853515624,10600.0,-4.01127290725708,9.323654174804688,2.547112226486206,10600.0,2.090524435043335,-9.435583114624023,1.6642887592315674,10600.0,2.7700912952423096,-9.24940013885498,2.253542423248291
112,10700.0,-9.656999588012695,7.681000232696532,-22.72400093078613,10700.0,-1.7153096199035645,-1.0204503536224363,-0.4205807149410248,10700.0,1002.4199829101564,10700.0,1.295429825782776,-10.13882541656494,0.9914146661758424,10700.0,1.9959989786148071,-9.469685554504396,1.584746479988098,10700.0,-1.920748353004456,-0.11192893236875534,4.2114009857177725
113,10800.0,-10.057000160217283,8.222000122070312,-24.78400039672852,10800.0,-1.7153096199035645,-1.0204503536224363,-0.4205807149410248,10800.0,1002.4199829101564,10800.0,1.295429825782776,-10.13882541656494,0.9914146661758424,10800.0,1.9959989786148071,-9.469685554504396,1.584746479988098,10800.0,-1.920748353004456,-0.11192893236875534,4.2114009857177725
114,10900.0,-6.77400016784668,15.527000427246096,-27.25200080871582,10900.0,-0.7761042714118958,0.01985312066972256,-0.4822781085968018,10900.0,1002.4500122070312,10900.0,-2.9842677116394043,1.2256631851196291,0.1224578619003296,10900.0,1.7069612741470337,-9.518579483032227,1.6289006471633911,10900.0,3.291428804397583,-19.608510971069336,2.5761611461639404
115,11000.0,-5.257999897003174,17.933000564575195,-27.57099914550781,11000.0,0.4566217660903929,1.569007396697998,-1.1184942722320557,11000.0,1002.3800048828124,11000.0,-0.06019628047943115,0.4089317321777344,-0.7181470394134521,11000.0,1.7103997468948364,-9.529643058776855,1.559110403060913,11000.0,-1.2773065567016602,-8.292916297912598,1.7513585090637207
116,11100.0,-10.640999794006348,15.906999588012695,-27.16200065612793,11100.0,0.4566217660903929,1.569007396697998,-1.1184942722320557,11100.0,1002.3800048828124,11100.0,-0.06019628047943115,0.4089317321777344,-0.7181470394134521,11100.0,1.7103997468948364,-9.529643058776855,1.559110403060913,11100.0,-1.2773065567016602,-8.292916297912598,1.7513585090637207
117,11200.0,-17.264999389648438,15.675999641418455,-26.32399940490723,11200.0,-0.14782938361167908,-3.167336225509644,-0.6973026990890503,11200.0,1002.4299926757812,11200.0,-1.2102395296096802,-2.588265419006348,-0.7690781950950623,11200.0,1.5382452011108398,-9.57787036895752,1.4382575750350952,11200.0,1.6502034664154053,-9.12071132659912,0.8409633636474609
118,11300.0,-16.055000305175778,16.327999114990234,-25.31100082397461,11300.0,-0.14782938361167908,-3.167336225509644,-0.6973026990890503,11300.0,1002.4299926757812,11300.0,-1.2102395296096802,-2.588265419006348,-0.7690781950950623,11300.0,1.5382452011108398,-9.57787036895752,1.4382575750350952,11300.0,1.6502034664154053,-9.12071132659912,0.8409633636474609
119,11400.0,-15.579999923706055,10.395000457763672,-24.37800025939941,11400.0,3.0259211063385014,0.2113593816757202,1.4089607000350952,11400.0,1002.4199829101564,11400.0,-0.9038742780685424,-2.434910774230957,-8.248485565185549,11400.0,1.4180290699005127,-9.688728332519533,0.5367617607116699,11400.0,0.3280056416988373,-12.166135787963867,0.669179379940033
120,11000.0,-5.257999897003174,17.933000564575195,-27.57099914550781,11000.0,0.4566217660903929,1.569007396697998,-1.1184942722320557,11000.0,1002.3800048828124,11000.0,-0.06019628047943115,0.4089317321777344,-0.7181470394134521,11000.0,1.7103997468948364,-9.529643058776855,1.559110403060913,11000.0,-1.2773065567016602,-8.292916297912598,1.7513585090637207
121,11100.0,-10.640999794006348,15.906999588012695,-27.16200065612793,11100.0,0.4566217660903929,1.569007396697998,-1.1184942722320557,11100.0,1002.3800048828124,11100.0,-0.06019628047943115,0.4089317321777344,-0.7181470394134521,11100.0,1.7103997468948364,-9.529643058776855,1.559110403060913,11100.0,-1.2773065567016602,-8.292916297912598,1.7513585090637207
122,11200.0,-17.264999389648438,15.675999641418455,-26.32399940490723,11200.0,-0.14782938361167908,-3.167336225509644,-0.6973026990890503,11200.0,1002.4299926757812,11200.0,-1.2102395296096802,-2.588265419006348,-0.7690781950950623,11200.0,1.5382452011108398,-9.57787036895752,1.4382575750350952,11200.0,1.6502034664154053,-9.12071132659912,0.8409633636474609
123,11300.0,-16.055000305175778,16.327999114990234,-25.31100082397461,11300.0,-0.14782938361167908,-3.167336225509644,-0.6973026990890503,11300.0,1002.4299926757812,11300.0,-1.2102395296096802,-2.588265419006348,-0.7690781950950623,11300.0,1.5382452011108398,-9.57787036895752,1.4382575750350952,11300.0,1.6502034664154053,-9.12071132659912,0.8409633636474609
124,11400.0,-15.579999923706055,10.395000457763672,-24.37800025939941,11400.0,3.0259211063385014,0.2113593816757202,1.4089607000350952,11400.0,1002.4199829101564,11400.0,-0.9038742780685424,-2.434910774230957,-8.248485565185549,11400.0,1.4180290699005127,-9.688728332519533,0.5367617607116699,11400.0,0.3280056416988373,-12.166135787963867,0.669179379940033
125,11500.0,-22.57600021362305,4.550000190734863,-12.329000473022461,11500.0,3.0259211063385014,0.2113593816757202,1.4089607000350952,11500.0,1002.4199829101564,11500.0,-0.9038742780685424,-2.434910774230957,-8.248485565185549,11500.0,1.4180290699005127,-9.688728332519533,0.5367617607116699,11500.0,0.3280056416988373,-12.166135787963867,0.669179379940033
126,11600.0,-28.57200050354004,10.670999526977539,-2.7769999504089355,11600.0,3.9791762828826895,-4.262006759643556,2.9825496673583984,11600.0,1002.3300170898438,11600.0,6.445765972137451,0.16440963745117188,-2.343607187271118,11600.0,1.2779287099838257,-9.574819564819336,1.6911872625350952,11600.0,0.5141547918319702,-12.123639106750488,-7.711723804473878
127,11700.0,-28.892000198364247,18.795000076293945,4.867000102996826,11700.0,3.9791762828826895,-4.262006759643556,2.9825496673583984,11700.0,1002.3300170898438,11700.0,6.445765972137451,0.16440963745117188,-2.343607187271118,11700.0,1.2779287099838257,-9.574819564819336,1.6911872625350952,11700.0,0.5141547918319702,-12.123639106750488,-7.711723804473878
128,11800.0,-25.71999931335449,23.69599914550781,9.111000061035156,11800.0,-0.07208210229873657,-1.168279767036438,1.4208725690841677,11800.0,1002.47998046875,11800.0,-3.4795494079589844,2.7403717041015625,3.7419555187225337,11800.0,-1.0185571908950806,-9.725455284118652,0.7405884861946106,11800.0,7.723694801330566,-9.410409927368164,-0.6524199843406677
129,11900.0,-22.75300025939941,25.22500038146973,11.920999526977539,11900.0,-2.326174736022949,-1.3283264636993408,-0.009162978269159794,11900.0,1002.4099731445312,11900.0,1.7893885374069214,-7.454527854919434,1.7689231634140017,11900.0,1.0184115171432495,-9.075638771057127,-3.5729541778564453,11900.0,-4.498106479644775,-6.98508358001709,4.4825439453125
130,11500.0,-22.57600021362305,4.550000190734863,-12.329000473022461,11500.0,3.0259211063385014,0.2113593816757202,1.4089607000350952,11500.0,1002.4199829101564,11500.0,-0.9038742780685424,-2.434910774230957,-8.248485565185549,11500.0,1.4180290699005127,-9.688728332519533,0.5367617607116699,11500.0,0.3280056416988373,-12.166135787963867,0.669179379940033
131,11600.0,-28.57200050354004,10.670999526977539,-2.7769999504089355,11600.0,3.9791762828826895,-4.262006759643556,2.9825496673583984,11600.0,1002.3300170898438,11600.0,6.445765972137451,0.16440963745117188,-2.343607187271118,11600.0,1.2779287099838257,-9.574819564819336,1.6911872625350952,11600.0,0.5141547918319702,-12.123639106750488,-7.711723804473878
132,11700.0,-28.892000198364247,18.795000076293945,4.867000102996826,11700.0,3.9791762828826895,-4.262006759643556,2.9825496673583984,11700.0,1002.3300170898438,11700.0,6.445765972137451,0.16440963745117188,-2.343607187271118,11700.0,1.2779287099838257,-9.574819564819336,1.6911872625350952,11700.0,0.5141547918319702,-12.123639106750488,-7.711723804473878
133,11800.0,-25.71999931335449,23.69599914550781,9.111000061035156,11800.0,-0.07208210229873657,-1.168279767036438,1.4208725690841677,11800.0,1002.47998046875,11800.0,-3.4795494079589844,2.7403717041015625,3.7419555187225337,11800.0,-1.0185571908950806,-9.725455284118652,0.7405884861946106,11800.0,7.723694801330566,-9.410409927368164,-0.6524199843406677
134,11900.0,-22.75300025939941,25.22500038146973,11.920999526977539,11900.0,-2.326174736022949,-1.3283264636993408,-0.009162978269159794,11900.0,1002.4099731445312,11900.0,1.7893885374069214,-7.454527854919434,1.7689231634140017,11900.0,1.0184115171432495,-9.075638771057127,-3.5729541778564453,11900.0,-4.498106479644775,-6.98508358001709,4.4825439453125
135,12000.0,-17.226999282836914,23.045000076293945,12.37600040435791,12000.0,-2.326174736022949,-1.3283264636993408,-0.009162978269159794,12000.0,1002.4099731445312,12000.0,1.7893885374069214,-7.454527854919434,1.7689231634140017,12000.0,1.0184115171432495,-9.075638771057127,-3.5729541778564453,12000.0,-4.498106479644775,-6.98508358001709,4.4825439453125
136,12100.0,-13.96399974822998,20.309999465942386,11.928999900817873,12100.0,-0.6368269920349121,0.2006692290306092,-0.5693264007568359,12100.0,1002.4000244140624,12100.0,2.080150604248047,4.0686864852905265,0.4013481140136719,12100.0,2.714837074279785,-9.413143157958984,-0.4390567839145661,12100.0,2.807800054550171,-16.530166625976566,-1.804031014442444
137,12200.0,-12.541999816894533,16.840999603271484,11.857000350952148,12200.0,-0.6368269920349121,0.2006692290306092,-0.5693264007568359,12200.0,1002.4000244140624,12200.0,2.080150604248047,4.0686864852905265,0.4013481140136719,12200.0,2.714837074279785,-9.413143157958984,-0.4390567839145661,12200.0,2.807800054550171,-16.530166625976566,-1.804031014442444
138,12300.0,-10.954999923706056,15.267000198364258,12.204999923706055,12300.0,-0.2825251817703247,-0.26083946228027344,-0.3084869384765625,12300.0,1002.4600219726564,12300.0,-0.2668411731719971,0.4931049346923828,2.3570232391357417,12300.0,3.097386121749878,-9.252291679382324,-0.9857442378997804,12300.0,4.794987678527832,-5.344456672668457,-0.03770867735147476
139,12400.0,-10.140000343322754,14.40999984741211,12.204999923706055,12400.0,-0.2825251817703247,-0.26083946228027344,-0.3084869384765625,12400.0,1002.4600219726564,12400.0,-0.2668411731719971,0.4931049346923828,2.3570232391357417,12400.0,3.097386121749878,-9.252291679382324,-0.9857442378997804,12400.0,4.794987678527832,-5.344456672668457,-0.03770867735147476
140,12000.0,-17.226999282836914,23.045000076293945,12.37600040435791,12000.0,-2.326174736022949,-1.3283264636993408,-0.009162978269159794,12000.0,1002.4099731445312,12000.0,1.7893885374069214,-7.454527854919434,1.7689231634140017,12000.0,1.0184115171432495,-9.075638771057127,-3.5729541778564453,12000.0,-4.498106479644775,-6.98508358001709,4.4825439453125
141,12100.0,-13.96399974822998,20.309999465942386,11.928999900817873,12100.0,-0.6368269920349121,0.2006692290306092,-0.5693264007568359,12100.0,1002.4000244140624,12100.0,2.080150604248047,4.0686864852905265,0.4013481140136719,12100.0,2.714837074279785,-9.413143157958984,-0.4390567839145661,12100.0,2.807800054550171,-16.530166625976566,-1.804031014442444
142,12200.0,-12.541999816894533,16.840999603271484,11.857000350952148,12200.0,-0.6368269920349121,0.2006692290306092,-0.5693264007568359,12200.0,1002.4000244140624,12200.0,2.080150604248047,4.0686864852905265,0.4013481140136719,12200.0,2.714837074279785,-9.413143157958984,-0.4390567839145661,12200.0,2.807800054550171,-16.530166625976566,-1.804031014442444
143,12300.0,-10.954999923706056,15.267000198364258,12.204999923706055,12300.0,-0.2825251817703247,-0.26083946228027344,-0.3084869384765625,12300.0,1002.4600219726564,12300.0,-0.2668411731719971,0.4931049346923828,2.3570232391357417,12300.0,3.097386121749878,-9.252291679382324,-0.9857442378997804,12300.0,4.794987678527832,-5.344456672668457,-0.03770867735147476
144,12400.0,-10.140000343322754,14.40999984741211,12.204999923706055,12400.0,-0.2825251817703247,-0.26083946228027344,-0.3084869384765625,12400.0,1002.4600219726564,12400.0,-0.2668411731719971,0.4931049346923828,2.3570232391357417,12400.0,3.097386121749878,-9.252291679382324,-0.9857442378997804,12400.0,4.794987678527832,-5.344456672668457,-0.03770867735147476
145,12500.0,-9.781999588012695,13.201000213623047,11.371999740600586,12500.0,-0.5387831330299377,-1.0476338863372805,-0.37598755955696106,12500.0,1002.4199829101564,12500.0,-0.3157083988189697,-0.9802036285400392,2.6035137176513667,12500.0,3.287511348724365,-8.920418739318848,-2.405992031097412,12500.0,2.8305449485778813,-8.759186744689941,1.371279001235962
146,12600.0,-8.36400032043457,12.175999641418455,9.64799976348877,12600.0,-0.5387831330299377,-1.0476338863372805,-0.37598755955696106,12600.0,1002.4199829101564,12600.0,-0.3157083988189697,-0.9802036285400392,2.6035137176513667,12600.0,3.287511348724365,-8.920418739318848,-2.405992031097412,12600.0,2.8305449485778813,-8.759186744689941,1.371279001235962
147,12700.0,-5.9790000915527335,10.118000030517578,6.158999919891357,12700.0,0.702800452709198,0.2828305959701538,-0.002443460980430245,12700.0,1002.4199829101564,12700.0,0.4634470939636231,-1.3698196411132812,1.8275532722473145,12700.0,3.2745003700256348,-9.1862154006958,-1.0302841663360596,12700.0,2.9718029499053955,-9.900622367858887,0.1975216418504715
148,12800.0,-4.535999774932861,7.730999946594237,5.302000045776367,12800.0,0.7113525867462158,-0.4526511430740357,0.9966266751289368,12800.0,1002.4400024414064,12800.0,1.327970266342163,-0.04681873321533203,-0.2505207657814026,12800.0,1.4080038070678709,-9.704764366149902,0.07394837588071823,12800.0,3.7379474639892583,-10.556035041809082,0.7972691655158997
149,12900.0,-4.535999774932861,5.184000015258789,5.923999786376952,12900.0,0.7113525867462158,-0.4526511430740357,0.9966266751289368,12900.0,1002.4400024414064,12900.0,1.327970266342163,-0.04681873321533203,-0.2505207657814026,12900.0,1.4080038070678709,-9.704764366149902,0.07394837588071823,12900.0,3.7379474639892583,-10.556035041809082,0.7972691655158997
150,12500.0,-9.781999588012695,13.201000213623047,11.371999740600586,12500.0,-0.5387831330299377,-1.0476338863372805,-0.37598755955696106,12500.0,1002.4199829101564,12500.0,-0.3157083988189697,-0.9802036285400392,2.6035137176513667,12500.0,3.287511348724365,-8.920418739318848,-2.405992031097412,12500.0,2.8305449485778813,-8.759186744689941,1.371279001235962
151,12600.0,-8.36400032043457,12.175999641418455,9.64799976348877,12600.0,-0.5387831330299377,-1.0476338863372805,-0.37598755955696106,12600.0,1002.4199829101564,12600.0,-0.3157083988189697,-0.9802036285400392,2.6035137176513667,12600.0,3.287511348724365,-8.920418739318848,-2.405992031097412,12600.0,2.8305449485778813,-8.759186744689941,1.371279001235962
152,12700.0,-5.9790000915527335,10.118000030517578,6.158999919891357,12700.0,0.702800452709198,0.2828305959701538,-0.002443460980430245,12700.0,1002.4199829101564,12700.0,0.4634470939636231,-1.3698196411132812,1.8275532722473145,12700.0,3.2745003700256348,-9.1862154006958,-1.0302841663360596,12700.0,2.9718029499053955,-9.900622367858887,0.1975216418504715
153,12800.0,-4.535999774932861,7.730999946594237,5.302000045776367,12800.0,0.7113525867462158,-0.4526511430740357,0.9966266751289368,12800.0,1002.4400024414064,12800.0,1.327970266342163,-0.04681873321533203,-0.2505207657814026,12800.0,1.4080038070678709,-9.704764366149902,0.07394837588071823,12800.0,3.7379474639892583,-10.556035041809082,0.7972691655158997
154,12900.0,-4.535999774932861,5.184000015258789,5.923999786376952,12900.0,0.7113525867462158,-0.4526511430740357,0.9966266751289368,12900.0,1002.4400024414064,12900.0,1.327970266342163,-0.04681873321533203,-0.2505207657814026,12900.0,1.4080038070678709,-9.704764366149902,0.07394837588071823,12900.0,3.7379474639892583,-10.556035041809082,0.7972691655158997
155,13000.0,-4.190999984741212,2.8959999084472656,5.923999786376952,13000.0,0.9248499870300292,0.6218608021736145,1.0070114135742188,13000.0,1002.3900146484376,13000.0,3.3735711574554443,2.706657886505127,0.3373886346817017,13000.0,-0.5526030659675598,-9.621710777282717,1.813202977180481,13000.0,2.735974073410034,-9.751583099365234,-0.17657238245010376
156,13100.0,-4.190999984741212,2.26200008392334,8.496999740600586,13100.0,0.9248499870300292,0.6218608021736145,1.0070114135742188,13100.0,1002.3900146484376,13100.0,3.3735711574554443,2.706657886505127,0.3373886346817017,13100.0,-0.5526030659675598,-9.621710777282717,1.813202977180481,13100.0,2.735974073410034,-9.751583099365234,-0.17657238245010376
157,13200.0,-7.59499979019165,2.26200008392334,10.696000099182127,13200.0,0.0015271630836650731,0.2278527319431305,0.19853121042251587,13200.0,1002.4000244140624,13200.0,0.7010313272476196,2.691032886505127,0.8138623237609863,13200.0,-1.0727311372756958,-9.568377494812012,1.8616580963134768,13200.0,2.8209681510925293,-6.915052890777588,2.1505916118621826
158,13300.0,-8.48799991607666,1.9429999589920044,11.75,13300.0,0.0015271630836650731,0.2278527319431305,0.19853121042251587,13300.0,1002.4000244140624,13300.0,0.7010313272476196,2.691032886505127,0.8138623237609863,13300.0,-1.0727311372756958,-9.568377494812012,1.8616580963134768,13300.0,2.8209681510925293,-6.915052890777588,2.1505916118621826
159,13400.0,-7.821000099182129,-0.3059999942779541,11.067999839782717,13400.0,-1.4877623319625854,-0.4245513379573822,-0.4715879559516907,13400.0,1002.3900146484376,13400.0,0.978668212890625,-4.639065742492676,1.5981351137161257,13400.0,-0.28494828939437866,-9.781210899353027,-0.6458413600921631,13400.0,-0.37169981002807617,-6.877344608306885,2.675520420074463
160,13000.0,-4.190999984741212,2.8959999084472656,5.923999786376952,13000.0,0.9248499870300292,0.6218608021736145,1.0070114135742188,13000.0,1002.3900146484376,13000.0,3.3735711574554443,2.706657886505127,0.3373886346817017,13000.0,-0.5526030659675598,-9.621710777282717,1.813202977180481,13000.0,2.735974073410034,-9.751583099365234,-0.17657238245010376
161,13100.0,-4.190999984741212,2.26200008392334,8.496999740600586,13100.0,0.9248499870300292,0.6218608021736145,1.0070114135742188,13100.0,1002.3900146484376,13100.0,3.3735711574554443,2.706657886505127,0.3373886346817017,13100.0,-0.5526030659675598,-9.621710777282717,1.813202977180481,13100.0,2.735974073410034,-9.751583099365234,-0.17657238245010376
162,13200.0,-7.59499979019165,2.26200008392334,10.696000099182127,13200.0,0.0015271630836650731,0.2278527319431305,0.19853121042251587,13200.0,1002.4000244140624,13200.0,0.7010313272476196,2.691032886505127,0.8138623237609863,13200.0,-1.0727311372756958,-9.568377494812012,1.8616580963134768,13200.0,2.8209681510925293,-6.915052890777588,2.1505916118621826
163,13300.0,-8.48799991607666,1.9429999589920044,11.75,13300.0,0.0015271630836650731,0.2278527319431305,0.19853121042251587,13300.0,1002.4000244140624,13300.0,0.7010313272476196,2.691032886505127,0.8138623237609863,13300.0,-1.0727311372756958,-9.568377494812012,1.8616580963134768,13300.0,2.8209681510925293,-6.915052890777588,2.1505916118621826
164,13400.0,-7.821000099182129,-0.3059999942779541,11.067999839782717,13400.0,-1.4877623319625854,-0.4245513379573822,-0.4715879559516907,13400.0,1002.3900146484376,13400.0,0.978668212890625,-4.639065742492676,1.5981351137161257,13400.0,-0.28494828939437866,-9.781210899353027,-0.6458413600921631,13400.0,-0.37169981002807617,-6.877344608306885,2.675520420074463
165,13500.0,-7.532999992370605,-6.383999824523926,10.241000175476074,13500.0,-1.4877623319625854,-0.4245513379573822,-0.4715879559516907,13500.0,1002.3900146484376,13500.0,0.978668212890625,-4.639065742492676,1.5981351137161257,13500.0,-0.28494828939437866,-9.781210899353027,-0.6458413600921631,13500.0,-0.37169981002807617,-6.877344608306885,2.675520420074463
166,13600.0,-3.799000024795532,-9.020000457763672,6.1690001487731925,13600.0,-0.23060162365436554,-0.0051923547871410855,-0.9935722947120668,13600.0,1002.4099731445312,13600.0,2.506091356277466,0.8028650283813477,-0.14904546737670898,13600.0,1.3737125396728516,-9.6602144241333,-0.9816162586212158,13600.0,0.6937199234962463,-14.420276641845705,0.9522937536239624
167,13700.0,-1.746999979019165,-8.25100040435791,4.7129998207092285,13700.0,-0.3200933933258057,-0.4101960062980652,-0.44287729263305664,13700.0,1002.4199829101564,13700.0,0.2579977512359619,1.4446458816528318,0.4665628671646118,13700.0,1.9338939189910889,-9.48317813873291,-1.581063747406006,13700.0,3.879803895950317,-8.857349395751953,-1.1306617259979248
168,13800.0,0.003000000026077032,-7.776999950408935,4.889999866485597,13800.0,-0.3200933933258057,-0.4101960062980652,-0.44287729263305664,13800.0,1002.4199829101564,13800.0,0.2579977512359619,1.4446458816528318,0.4665628671646118,13800.0,1.9338939189910889,-9.48317813873291,-1.581063747406006,13800.0,3.879803895950317,-8.857349395751953,-1.1306617259979248
169,13900.0,0.3490000069141388,-8.571999549865723,4.364999771118163,13900.0,-0.44165557622909546,-0.2901609838008881,-0.0708603709936142,13900.0,1002.3200073242188,13900.0,1.2920702695846558,0.2582197189331055,1.8416231870651243,13900.0,1.8533121347427368,-9.336434364318848,-2.3593692779541016,13900.0,2.1918916702270512,-8.038532257080076,-1.114500880241394
170,13500.0,-7.532999992370605,-6.383999824523926,10.241000175476074,13500.0,-1.4877623319625854,-0.4245513379573822,-0.4715879559516907,13500.0,1002.3900146484376,13500.0,0.978668212890625,-4.639065742492676,1.5981351137161257,13500.0,-0.28494828939437866,-9.781210899353027,-0.6458413600921631,13500.0,-0.37169981002807617,-6.877344608306885,2.675520420074463
171,13600.0,-3.799000024795532,-9.020000457763672,6.1690001487731925,13600.0,-0.23060162365436554,-0.0051923547871410855,-0.9935722947120668,13600.0,1002.4099731445312,13600.0,2.506091356277466,0.8028650283813477,-0.14904546737670898,13600.0,1.3737125396728516,-9.6602144241333,-0.9816162586212158,13600.0,0.6937199234962463,-14.420276641845705,0.9522937536239624
172,13700.0,-1.746999979019165,-8.25100040435791,4.7129998207092285,13700.0,-0.3200933933258057,-0.4101960062980652,-0.44287729263305664,13700.0,1002.4199829101564,13700.0,0.2579977512359619,1.4446458816528318,0.4665628671646118,13700.0,1.9338939189910889,-9.48317813873291,-1.581063747406006,13700.0,3.879803895950317,-8.857349395751953,-1.1306617259979248
173,13800.0,0.003000000026077032,-7.776999950408935,4.889999866485597,13800.0,-0.3200933933258057,-0.4101960062980652,-0.44287729263305664,13800.0,1002.4199829101564,13800.0,0.2579977512359619,1.4446458816528318,0.4665628671646118,13800.0,1.9338939189910889,-9.48317813873291,-1.581063747406006,13800.0,3.879803895950317,-8.857349395751953,-1.1306617259979248
174,13900.0,0.3490000069141388,-8.571999549865723,4.364999771118163,13900.0,-0.44165557622909546,-0.2901609838008881,-0.0708603709936142,13900.0,1002.3200073242188,13900.0,1.2920702695846558,0.2582197189331055,1.8416231870651243,13900.0,1.8533121347427368,-9.336434364318848,-2.3593692779541016,13900.0,2.1918916702270512,-8.038532257080076,-1.114500880241394
175,14000.0,0.3490000069141388,-8.241000175476074,3.635999917984009,14000.0,-0.44165557622909546,-0.2901609838008881,-0.0708603709936142,14000.0,1002.3200073242188,14000.0,1.2920702695846558,0.2582197189331055,1.8416231870651243,14000.0,1.8533121347427368,-9.336434364318848,-2.3593692779541016,14000.0,2.1918916702270512,-8.038532257080076,-1.114500880241394
176,14100.0,0.7289999723434448,-8.241000175476074,2.8940000534057617,14100.0,-0.03176499158143997,0.5937610268592834,-0.34513887763023376,14100.0,1002.4000244140624,14100.0,-0.4661300182342529,-0.3825855255126953,0.4734457731246948,14100.0,2.5568666458129883,-9.230732917785645,-2.1038970947265625,14100.0,3.1453824043273926,-9.078214645385742,-0.517746090888977
177,14200.0,1.0650000572204592,-7.885000228881836,1.6510000228881836,14200.0,-0.03176499158143997,0.5937610268592834,-0.34513887763023376,14200.0,1002.4000244140624,14200.0,-0.4661300182342529,-0.3825855255126953,0.4734457731246948,14200.0,2.5568666458129883,-9.230732917785645,-2.1038970947265625,14200.0,3.1453824043273926,-9.078214645385742,-0.517746090888977
178,14300.0,1.4110000133514404,-7.885000228881836,0.9869999885559082,14300.0,-0.04001167416572572,0.5916230082511902,-0.16890424489974976,14300.0,1002.4000244140624,14300.0,2.1540627479553223,-2.7987632751464844,2.8991930484771733,14300.0,2.965339183807373,-9.18242073059082,-1.749377727508545,14300.0,2.090736627578736,-9.61331844329834,-1.6304513216018677
179,14400.0,1.7419999837875366,-8.61299991607666,0.3149999976158142,14400.0,-0.04001167416572572,0.5916230082511902,-0.16890424489974976,14400.0,1002.4000244140624,14400.0,2.1540627479553223,-2.7987632751464844,2.8991930484771733,14400.0,2.965339183807373,-9.18242073059082,-1.749377727508545,14400.0,2.090736627578736,-9.61331844329834,-1.6304513216018677
180,14000.0,0.3490000069141388,-8.241000175476074,3.635999917984009,14000.0,-0.44165557622909546,-0.2901609838008881,-0.0708603709936142,14000.0,1002.3200073242188,14000.0,1.2920702695846558,0.2582197189331055,1.8416231870651243,14000.0,1.8533121347427368,-9.336434364318848,-2.3593692779541016,14000.0,2.1918916702270512,-8.038532257080076,-1.114500880241394
181,14100.0,0.7289999723434448,-8.241000175476074,2.8940000534057617,14100.0,-0.03176499158143997,0.5937610268592834,-0.34513887763023376,14100.0,1002.4000244140624,14100.0,-0.4661300182342529,-0.3825855255126953,0.4734457731246948,14100.0,2.5568666458129883,-9.230732917785645,-2.1038970947265625,14100.0,3.1453824043273926,-9.078214645385742,-0.517746090888977
182,14200.0,1.0650000572204592,-7.885000228881836,1.6510000228881836,14200.0,-0.03176499158143997,0.5937610268592834,-0.34513887763023376,14200.0,1002.4000244140624,14200.0,-0.4661300182342529,-0.3825855255126953,0.4734457731246948,14200.0,2.5568666458129883,-9.230732917785645,-2.1038970947265625,14200.0,3.1453824043273926,-9.078214645385742,-0.517746090888977
183,14300.0,1.4110000133514404,-7.885000228881836,0.9869999885559082,14300.0,-0.04001167416572572,0.5916230082511902,-0.16890424489974976,14300.0,1002.4000244140624,14300.0,2.1540627479553223,-2.7987632751464844,2.8991930484771733,14300.0,2.965339183807373,-9.18242073059082,-1.749377727508545,14300.0,2.090736627578736,-9.61331844329834,-1.6304513216018677
184,14400.0,1.7419999837875366,-8.61299991607666,0.3149999976158142,14400.0,-0.04001167416572572,0.5916230082511902,-0.16890424489974976,14400.0,1002.4000244140624,14400.0,2.1540627479553223,-2.7987632751464844,2.8991930484771733,14400.0,2.965339183807373,-9.18242073059082,-1.749377727508545,14400.0,2.090736627578736,-9.61331844329834,-1.6304513216018677
185,14500.0,2.095999956130981,-9.428000450134276,2.257999897003174,14500.0,1.8029687404632568,0.126143679022789,0.6450737118721008,14500.0,1002.3599853515624,14500.0,0.4227683544158936,-0.2384185791015625,-3.0665173530578613,14500.0,1.7649333477020264,-9.541894912719727,1.416912317276001,14500.0,5.119401931762695,-11.981184005737305,1.149815320968628
186,14600.0,0.5199999809265137,-10.154000282287598,8.380000114440918,14600.0,1.2583824396133425,1.645976424217224,1.2128729820251465,14600.0,1002.27001953125,14600.0,4.3664841651916495,1.7344508171081543,-3.071229934692384,14600.0,-1.0654784440994265,-9.031977653503418,3.6685831546783447,14600.0,2.18770170211792,-9.780313491821287,-1.6496049165725708
187,14700.0,-6.7729997634887695,-10.850000381469727,12.015999794006348,14700.0,1.2583824396133425,1.645976424217224,1.2128729820251465,14700.0,1002.27001953125,14700.0,4.3664841651916495,1.7344508171081543,-3.071229934692384,14700.0,-1.0654784440994265,-9.031977653503418,3.6685831546783447,14700.0,2.18770170211792,-9.780313491821287,-1.6496049165725708
188,14800.0,-11.902999877929688,-9.734999656677246,15.27400016784668,14800.0,0.6435465216636658,-1.0711522102355957,0.8564330935478209,14800.0,1002.22998046875,14800.0,2.577526330947876,1.8457231521606443,-2.775119543075561,14800.0,-1.6449847221374512,-8.264577865600586,5.016092300415039,14800.0,3.3010056018829346,-7.297526836395264,0.5973533391952515
189,14900.0,-14.465999603271484,-4.309999942779541,18.41699981689453,14900.0,0.6435465216636658,-1.0711522102355957,0.8564330935478209,14900.0,1002.22998046875,14900.0,2.577526330947876,1.8457231521606443,-2.775119543075561,14900.0,-1.6449847221374512,-8.264577865600586,5.016092300415039,14900.0,3.3010056018829346,-7.297526836395264,0.5973533391952515
190,14500.0,2.095999956130981,-9.428000450134276,2.257999897003174,14500.0,1.8029687404632568,0.126143679022789,0.6450737118721008,14500.0,1002.3599853515624,14500.0,0.4227683544158936,-0.2384185791015625,-3.0665173530578613,14500.0,1.7649333477020264,-9.541894912719727,1.416912317276001,14500.0,5.119401931762695,-11.981184005737305,1.149815320968628
191,14600.0,0.5199999809265137,-10.154000282287598,8.380000114440918,14600.0,1.2583824396133425,1.645976424217224,1.2128729820251465,14600.0,1002.27001953125,14600.0,4.3664841651916495,1.7344508171081543,-3.071229934692384,14600.0,-1.0654784440994265,-9.031977653503418,3.6685831546783447,14600.0,2.18770170211792,-9.780313491821287,-1.6496049165725708
192,14700.0,-6.7729997634887695,-10.850000381469727,12.015999794006348,14700.0,1.2583824396133425,1.645976424217224,1.2128729820251465,14700.0,1002.27001953125,14700.0,4.3664841651916495,1.7344508171081543,-3.071229934692384,14700.0,-1.0654784440994265,-9.031977653503418,3.6685831546783447,14700.0,2.18770170211792,-9.780313491821287,-1.6496049165725708
193,14800.0,-11.902999877929688,-9.734999656677246,15.27400016784668,14800.0,0.6435465216636658,-1.0711522102355957,0.8564330935478209,14800.0,1002.22998046875,14800.0,2.577526330947876,1.8457231521606443,-2.775119543075561,14800.0,-1.6449847221374512,-8.264577865600586,5.016092300415039,14800.0,3.3010056018829346,-7.297526836395264,0.5973533391952515
194,14900.0,-14.465999603271484,-4.309999942779541,18.41699981689453,14900.0,0.6435465216636658,-1.0711522102355957,0.8564330935478209,14900.0,1002.22998046875,14900.0,2.577526330947876,1.8457231521606443,-2.775119543075561,14900.0,-1.6449847221374512,-8.264577865600586,5.016092300415039,14900.0,3.3010056018829346,-7.297526836395264,0.5973533391952515
195,15000.0,-14.859999656677244,-5.0349998474121085,18.73900032043457,15000.0,-1.5421292781829834,-0.4703662395477295,-0.9657779335975648,15000.0,1002.3300170898438,15000.0,-2.255090475082397,-0.17970848083496094,2.381397485733032,15000.0,0.097316175699234,-9.422237396240234,2.717055082321167,15000.0,0.93254154920578,-6.418854713439941,2.240972757339477
196,15100.0,-13.664999961853027,-9.508999824523926,14.940999984741213,15100.0,-1.5421292781829834,-0.4703662395477295,-0.9657779335975648,15100.0,1002.3300170898438,15100.0,-2.255090475082397,-0.17970848083496094,2.381397485733032,15100.0,0.097316175699234,-9.422237396240234,2.717055082321167,15100.0,0.93254154920578,-6.418854713439941,2.240972757339477
197,15200.0,-13.255999565124512,-11.93000030517578,14.19499969482422,15200.0,-1.10139000415802,0.1823432743549347,-0.8787296414375305,15200.0,1002.2999877929688,15200.0,1.84506094455719,-1.3680753707885742,-0.5275095701217651,15200.0,1.5235809087753296,-9.65004062652588,0.8519238829612732,15200.0,-2.1577742099761963,-9.601945877075195,5.098452568054199
198,15300.0,-9.663000106811523,-13.66100025177002,10.449000358581543,15300.0,-1.10139000415802,0.1823432743549347,-0.8787296414375305,15300.0,1002.2999877929688,15300.0,1.84506094455719,-1.3680753707885742,-0.5275095701217651,15300.0,1.5235809087753296,-9.65004062652588,0.8519238829612732,15300.0,-2.1577742099761963,-9.601945877075195,5.098452568054199
199,15400.0,-5.703000068664551,-13.333999633789064,11.31700038909912,15400.0,0.19394971430301666,0.5216789245605469,-0.8772025108337402,15400.0,1002.3200073242188,15400.0,-0.9318034648895264,0.22269535064697266,-1.6870733499526978,15400.0,2.817835807800293,-9.282354354858398,1.438076376914978,15400.0,3.3686418533325195,-11.018115997314453,0.32441434264183044
200,15000.0,-14.859999656677244,-5.0349998474121085,18.73900032043457,15000.0,-1.5421292781829834,-0.4703662395477295,-0.9657779335975648,15000.0,1002.3300170898438,15000.0,-2.255090475082397,-0.17970848083496094,2.381397485733032,15000.0,0.097316175699234,-9.422237396240234,2.717055082321167,15000.0,0.93254154920578,-6.418854713439941,2.240972757339477
201,15100.0,-13.664999961853027,-9.508999824523926,14.940999984741213,15100.0,-1.5421292781829834,-0.4703662395477295,-0.9657779335975648,15100.0,1002.3300170898438,15100.0,-2.255090475082397,-0.17970848083496094,2.381397485733032,15100.0,0.097316175699234,-9.422237396240234,2.717055082321167,15100.0,0.93254154920578,-6.418854713439941,2.240972757339477
202,15200.0,-13.255999565124512,-11.93000030517578,14.19499969482422,15200.0,-1.10139000415802,0.1823432743549347,-0.8787296414375305,15200.0,1002.2999877929688,15200.0,1.84506094455719,-1.3680753707885742,-0.5275095701217651,15200.0,1.5235809087753296,-9.65004062652588,0.8519238829612732,15200.0,-2.1577742099761963,-9.601945877075195,5.098452568054199
203,15300.0,-9.663000106811523,-13.66100025177002,10.449000358581543,15300.0,-1.10139000415802,0.1823432743549347,-0.8787296414375305,15300.0,1002.2999877929688,15300.0,1.84506094455719,-1.3680753707885742,-0.5275095701217651,15300.0,1.5235809087753296,-9.65004062652588,0.8519238829612732,15300.0,-2.1577742099761963,-9.601945877075195,5.098452568054199
204,15400.0,-5.703000068664551,-13.333999633789064,11.31700038909912,15400.0,0.19394971430301666,0.5216789245605469,-0.8772025108337402,15400.0,1002.3200073242188,15400.0,-0.9318034648895264,0.22269535064697266,-1.6870733499526978,15400.0,2.817835807800293,-9.282354354858398,1.438076376914978,15400.0,3.3686418533325195,-11.018115997314453,0.32441434264183044
205,15500.0,-3.877000093460083,-13.01099967956543,11.392999649047852,15500.0,-0.3173444867134094,-0.8827002644538879,-0.2730567753314972,15500.0,1002.2899780273438,15500.0,-0.18331646919250488,-0.005113601684570313,-0.8014167547225952,15500.0,3.3275017738342285,-9.213760375976564,0.4524618983268738,15500.0,1.8860323429107664,-9.059659004211426,-0.2489969730377197
206,15600.0,-3.877000093460083,-13.414999961853027,10.21399974822998,15600.0,-0.3173444867134094,-0.8827002644538879,-0.2730567753314972,15600.0,1002.2899780273438,15600.0,-0.18331646919250488,-0.005113601684570313,-0.8014167547225952,15600.0,3.3275017738342285,-9.213760375976564,0.4524618983268738,15600.0,1.8860323429107664,-9.059659004211426,-0.2489969730377197
207,15700.0,-4.058000087738037,-13.414999961853027,8.760000228881836,15700.0,-0.09651670604944228,-0.1368338167667389,-0.2831360399723053,15700.0,1002.260009765625,15700.0,-1.1419787406921391,-0.8357753753662109,-1.2232587337493896,15700.0,3.6840224266052246,-9.085197448730467,0.2398403733968735,15700.0,3.144185304641724,-9.218873977661133,-0.3489548861980438
208,15800.0,-3.3489999771118164,-13.414999961853027,7.561999797821045,15800.0,-0.09651670604944228,-0.1368338167667389,-0.2831360399723053,15800.0,1002.260009765625,15800.0,-1.1419787406921391,-0.8357753753662109,-1.2232587337493896,15800.0,3.6840224266052246,-9.085197448730467,0.2398403733968735,15800.0,3.144185304641724,-9.218873977661133,-0.3489548861980438
209,15900.0,-3.3489999771118164,-13.414999961853027,7.122000217437744,15900.0,0.4077525436878204,0.4538728892803192,-0.27947086095809937,15900.0,1002.3300170898438,15900.0,-0.8980617523193359,-3.0085134506225586,-0.3514620661735535,15900.0,3.935705184936523,-8.889472007751465,1.2875949144363403,15900.0,2.542043685913086,-9.92097282409668,-0.983418345451355
210,15500.0,-3.877000093460083,-13.01099967956543,11.392999649047852,15500.0,-0.3173444867134094,-0.8827002644538879,-0.2730567753314972,15500.0,1002.2899780273438,15500.0,-0.18331646919250488,-0.005113601684570313,-0.8014167547225952,15500.0,3.3275017738342285,-9.213760375976564,0.4524618983268738,15500.0,1.8860323429107664,-9.059659004211426,-0.2489969730377197
211,15600.0,-3.877000093460083,-13.414999961853027,10.21399974822998,15600.0,-0.3173444867134094,-0.8827002644538879,-0.2730567753314972,15600.0,1002.2899780273438,15600.0,-0.18331646919250488,-0.005113601684570313,-0.8014167547225952,15600.0,3.3275017738342285,-9.213760375976564,0.4524618983268738,15600.0,1.8860323429107664,-9.059659004211426,-0.2489969730377197
212,15700.0,-4.058000087738037,-13.414999961853027,8.760000228881836,15700.0,-0.09651670604944228,-0.1368338167667389,-0.2831360399723053,15700.0,1002.260009765625,15700.0,-1.1419787406921391,-0.8357753753662109,-1.2232587337493896,15700.0,3.6840224266052246,-9.085197448730467,0.2398403733968735,15700.0,3.144185304641724,-9.218873977661133,-0.3489548861980438
213,15800.0,-3.3489999771118164,-13.414999961853027,7.561999797821045,15800.0,-0.09651670604944228,-0.1368338167667389,-0.2831360399723053,15800.0,1002.260009765625,15800.0,-1.1419787406921391,-0.8357753753662109,-1.2232587337493896,15800.0,3.6840224266052246,-9.085197448730467,0.2398403733968735,15800.0,3.144185304641724,-9.218873977661133,-0.3489548861980438
214,15900.0,-3.3489999771118164,-13.414999961853027,7.122000217437744,15900.0,0.4077525436878204,0.4538728892803192,-0.27947086095809937,15900.0,1002.3300170898438,15900.0,-0.8980617523193359,-3.0085134506225586,-0.3514620661735535,15900.0,3.935705184936523,-8.889472007751465,1.2875949144363403,15900.0,2.542043685913086,-9.92097282409668,-0.983418345451355
215,16000.0,-3.3489999771118164,-13.414999961853027,6.732999801635742,16000.0,0.4077525436878204,0.4538728892803192,-0.27947086095809937,16000.0,1002.3300170898438,16000.0,-0.8980617523193359,-3.0085134506225586,-0.3514620661735535,16000.0,3.935705184936523,-8.889472007751465,1.2875949144363403,16000.0,2.542043685913086,-9.92097282409668,-0.983418345451355
216,16100.0,-4.8379998207092285,-13.01200008392334,11.388999938964846,16100.0,1.3946053981781006,0.7684684991836548,0.6224716901779175,16100.0,1002.3099975585938,16100.0,-0.048978328704833984,0.03764915466308594,-5.034067153930664,16100.0,2.47849440574646,-8.628045082092285,3.947697877883911,16100.0,3.0376434326171875,-11.897985458374025,0.9361328482627868
217,16200.0,-9.390000343322754,-6.363999843597412,15.848999977111815,16200.0,1.3946053981781006,0.7684684991836548,0.6224716901779175,16200.0,1002.3099975585938,16200.0,-0.048978328704833984,0.03764915466308594,-5.034067153930664,16200.0,2.47849440574646,-8.628045082092285,3.947697877883911,16200.0,3.0376434326171875,-11.897985458374025,0.9361328482627868
218,16300.0,-12.836999893188475,-1.8960000276565552,18.24399948120117,16300.0,0.799011766910553,0.5167919993400574,1.227839112281799,16300.0,1002.27001953125,16300.0,2.109628200531006,0.04457283020019531,-2.342684268951416,16300.0,0.09184037148952484,-8.232742309570312,5.32765531539917,16300.0,2.429516077041626,-8.590395927429201,-1.0863690376281738
219,16400.0,-15.57699966430664,2.8989999294281006,21.10700035095215,16400.0,0.7571674585342407,0.05986479297280312,0.816726803779602,16400.0,1002.260009765625,16400.0,1.292478322982788,1.0046200752258299,-3.2635507583618164,16400.0,-1.194316029548645,-7.309151649475098,6.428086757659912,16400.0,2.2014684677124023,-8.188169479370117,2.984971046447754
220,16000.0,-3.3489999771118164,-13.414999961853027,6.732999801635742,16000.0,0.4077525436878204,0.4538728892803192,-0.27947086095809937,16000.0,1002.3300170898438,16000.0,-0.8980617523193359,-3.0085134506225586,-0.3514620661735535,16000.0,3.935705184936523,-8.889472007751465,1.2875949144363403,16000.0,2.542043685913086,-9.92097282409668,-0.983418345451355
221,16100.0,-4.8379998207092285,-13.01200008392334,11.388999938964846,16100.0,1.3946053981781006,0.7684684991836548,0.6224716901779175,16100.0,1002.3099975585938,16100.0,-0.048978328704833984,0.03764915466308594,-5.034067153930664,16100.0,2.47849440574646,-8.628045082092285,3.947697877883911,16100.0,3.0376434326171875,-11.897985458374025,0.9361328482627868
222,16200.0,-9.390000343322754,-6.363999843597412,15.848999977111815,16200.0,1.3946053981781006,0.7684684991836548,0.6224716901779175,16200.0,1002.3099975585938,16200.0,-0.048978328704833984,0.03764915466308594,-5.034067153930664,16200.0,2.47849440574646,-8.628045082092285,3.947697877883911,16200.0,3.0376434326171875,-11.897985458374025,0.9361328482627868
223,16300.0,-12.836999893188475,-1.8960000276565552,18.24399948120117,16300.0,0.799011766910553,0.5167919993400574,1.227839112281799,16300.0,1002.27001953125,16300.0,2.109628200531006,0.04457283020019531,-2.342684268951416,16300.0,0.09184037148952484,-8.232742309570312,5.32765531539917,16300.0,2.429516077041626,-8.590395927429201,-1.0863690376281738
224,16400.0,-15.57699966430664,2.8989999294281006,21.10700035095215,16400.0,0.7571674585342407,0.05986479297280312,0.816726803779602,16400.0,1002.260009765625,16400.0,1.292478322982788,1.0046200752258299,-3.2635507583618164,16400.0,-1.194316029548645,-7.309151649475098,6.428086757659912,16400.0,2.2014684677124023,-8.188169479370117,2.984971046447754
225,16500.0,-16.690000534057614,6.8369998931884775,23.1879997253418,16500.0,0.7571674585342407,0.05986479297280312,0.816726803779602,16500.0,1002.260009765625,16500.0,1.292478322982788,1.0046200752258299,-3.2635507583618164,16500.0,-1.194316029548645,-7.309151649475098,6.428086757659912,16500.0,2.2014684677124023,-8.188169479370117,2.984971046447754
226,16600.0,-16.254999160766598,7.7270002365112305,24.520000457763672,16600.0,-0.8274169564247131,-0.4126394689083099,-0.7681630253791809,16600.0,1002.260009765625,16600.0,-0.7462865710258484,3.732110023498535,-1.3432378768920898,16600.0,0.22614626586437225,-8.197296142578125,5.378066062927246,16600.0,0.09816227108240128,-6.304531574249268,3.164535999298096
227,16700.0,-16.254999160766598,6.071000099182129,24.520000457763672,16700.0,-0.8274169564247131,-0.4126394689083099,-0.7681630253791809,16700.0,1002.260009765625,16700.0,-0.7462865710258484,3.732110023498535,-1.3432378768920898,16700.0,0.22614626586437225,-8.197296142578125,5.378066062927246,16700.0,0.09816227108240128,-6.304531574249268,3.164535999298096
228,16800.0,-16.566999435424805,4.579999923706055,24.52599906921387,16800.0,-1.5735888481140137,-0.3753767013549805,-1.8136589527130127,16800.0,1002.25,16800.0,-1.2574632167816162,-5.21726131439209,-2.345622062683105,16800.0,3.2835564613342285,-8.86004638671875,2.624546527862549,16800.0,-0.5201402902603149,-4.46518611907959,4.034828186035156
229,16900.0,-16.159000396728516,1.2610000371932983,24.52599906921387,16900.0,-1.5735888481140137,-0.3753767013549805,-1.8136589527130127,16900.0,1002.25,16900.0,-1.2574632167816162,-5.21726131439209,-2.345622062683105,16900.0,3.2835564613342285,-8.86004638671875,2.624546527862549,16900.0,-0.5201402902603149,-4.46518611907959,4.034828186035156
230,16500.0,-16.690000534057614,6.8369998931884775,23.1879997253418,16500.0,0.7571674585342407,0.05986479297280312,0.816726803779602,16500.0,1002.260009765625,16500.0,1.292478322982788,1.0046200752258299,-3.2635507583618164,16500.0,-1.194316029548645,-7.309151649475098,6.428086757659912,16500.0,2.2014684677124023,-8.188169479370117,2.984971046447754
231,16600.0,-16.254999160766598,7.7270002365112305,24.520000457763672,16600.0,-0.8274169564247131,-0.4126394689083099,-0.7681630253791809,16600.0,1002.260009765625,16600.0,-0.7462865710258484,3.732110023498535,-1.3432378768920898,16600.0,0.22614626586437225,-8.197296142578125,5.378066062927246,16600.0,0.09816227108240128,-6.304531574249268,3.164535999298096
232,16700.0,-16.254999160766598,6.071000099182129,24.520000457763672,16700.0,-0.8274169564247131,-0.4126394689083099,-0.7681630253791809,16700.0,1002.260009765625,16700.0,-0.7462865710258484,3.732110023498535,-1.3432378768920898,16700.0,0.22614626586437225,-8.197296142578125,5.378066062927246,16700.0,0.09816227108240128,-6.304531574249268,3.164535999298096
233,16800.0,-16.566999435424805,4.579999923706055,24.52599906921387,16800.0,-1.5735888481140137,-0.3753767013549805,-1.8136589527130127,16800.0,1002.25,16800.0,-1.2574632167816162,-5.21726131439209,-2.345622062683105,16800.0,3.2835564613342285,-8.86004638671875,2.624546527862549,16800.0,-0.5201402902603149,-4.46518611907959,4.034828186035156
234,16900.0,-16.159000396728516,1.2610000371932983,24.52599906921387,16900.0,-1.5735888481140137,-0.3753767013549805,-1.8136589527130127,16900.0,1002.25,16900.0,-1.2574632167816162,-5.21726131439209,-2.345622062683105,16900.0,3.2835564613342285,-8.86004638671875,2.624546527862549,16900.0,-0.5201402902603149,-4.46518611907959,4.034828186035156
235,17000.0,-15.755999565124512,0.7210000157356262,24.52599906921387,17000.0,-0.04184427112340927,-0.11209376901388167,-1.0726794004440308,17000.0,1002.280029296875,17000.0,-3.909912109375,-1.4315261840820312,-2.077965259552002,17000.0,4.841256618499756,-8.162638664245605,2.470614433288574,17000.0,2.0260932445526123,-14.07730770111084,0.2789244949817657
236,17100.0,-7.745999813079834,-1.8140000104904173,23.2810001373291,17100.0,-0.04184427112340927,-0.11209376901388167,-1.0726794004440308,17100.0,1002.280029296875,17100.0,-3.909912109375,-1.4315261840820312,-2.077965259552002,17100.0,4.841256618499756,-8.162638664245605,2.470614433288574,17100.0,2.0260932445526123,-14.07730770111084,0.2789244949817657
237,17200.0,-6.480999946594237,-2.513000011444092,22.381000518798828,17200.0,-0.2492330223321915,-1.0509936809539795,-0.2122756689786911,17200.0,1002.280029296875,17200.0,-2.4934232234954834,-0.29560089111328125,-1.8893239498138428,17200.0,5.358684062957764,-8.136178970336914,1.121383786201477,17200.0,0.9313444495201112,-9.594164848327637,0.3926490843296051
238,17300.0,-6.125999927520753,-3.134999990463257,21.64699935913086,17300.0,-0.5653557777404785,-0.208610475063324,-0.3442225754261017,17300.0,1002.2899780273438,17300.0,-2.7293055057525635,-0.5909185409545898,-1.2495325803756714,17300.0,5.744204044342041,-7.9480018615722665,0.06140996143221855,17300.0,2.8652608394622803,-8.431779861450195,-0.7679402232170105
239,17400.0,-6.125999927520753,-3.9700000286102295,20.98200035095215,17400.0,-0.5653557777404785,-0.208610475063324,-0.3442225754261017,17400.0,1002.2899780273438,17400.0,-2.7293055057525635,-0.5909185409545898,-1.2495325803756714,17400.0,5.744204044342041,-7.9480018615722665,0.06140996143221855,17400.0,2.8652608394622803,-8.431779861450195,-0.7679402232170105
240,17000.0,-15.755999565124512,0.7210000157356262,24.52599906921387,17000.0,-0.04184427112340927,-0.11209376901388167,-1.0726794004440308,17000.0,1002.280029296875,17000.0,-3.909912109375,-1.4315261840820312,-2.077965259552002,17000.0,4.841256618499756,-8.162638664245605,2.470614433288574,17000.0,2.0260932445526123,-14.07730770111084,0.2789244949817657
241,17100.0,-7.745999813079834,-1.8140000104904173,23.2810001373291,17100.0,-0.04184427112340927,-0.11209376901388167,-1.0726794004440308,17100.0,1002.280029296875,17100.0,-3.909912109375,-1.4315261840820312,-2.077965259552002,17100.0,4.841256618499756,-8.162638664245605,2.470614433288574,17100.0,2.0260932445526123,-14.07730770111084,0.2789244949817657
242,17200.0,-6.480999946594237,-2.513000011444092,22.381000518798828,17200.0,-0.2492330223321915,-1.0509936809539795,-0.2122756689786911,17200.0,1002.280029296875,17200.0,-2.4934232234954834,-0.29560089111328125,-1.8893239498138428,17200.0,5.358684062957764,-8.136178970336914,1.121383786201477,17200.0,0.9313444495201112,-9.594164848327637,0.3926490843296051
243,17300.0,-6.125999927520753,-3.134999990463257,21.64699935913086,17300.0,-0.5653557777404785,-0.208610475063324,-0.3442225754261017,17300.0,1002.2899780273438,17300.0,-2.7293055057525635,-0.5909185409545898,-1.2495325803756714,17300.0,5.744204044342041,-7.9480018615722665,0.06140996143221855,17300.0,2.8652608394622803,-8.431779861450195,-0.7679402232170105
244,17400.0,-6.125999927520753,-3.9700000286102295,20.98200035095215,17400.0,-0.5653557777404785,-0.208610475063324,-0.3442225754261017,17400.0,1002.2899780273438,17400.0,-2.7293055057525635,-0.5909185409545898,-1.2495325803756714,17400.0,5.744204044342041,-7.9480018615722665,0.06140996143221855,17400.0,2.8652608394622803,-8.431779861450195,-0.7679402232170105
245,17500.0,-5.646999835968018,-4.916999816894531,18.608999252319336,17500.0,0.2828305959701538,0.3695734739303589,0.2076941877603531,17500.0,1002.3200073242188,17500.0,0.37900638580322266,-3.165125846862793,-3.8042960166931152,17500.0,5.253951549530028,-8.24683666229248,0.7457035779953003,17500.0,3.014898538589477,-8.538920402526855,-1.1881226301193235
246,17600.0,-5.308000087738037,-5.302999973297119,17.773000717163086,17600.0,0.2828305959701538,0.3695734739303589,0.2076941877603531,17600.0,1002.3200073242188,17600.0,0.37900638580322266,-3.165125846862793,-3.8042960166931152,17600.0,5.253951549530028,-8.24683666229248,0.7457035779953003,17600.0,3.014898538589477,-8.538920402526855,-1.1881226301193235
247,17700.0,-5.664999961853027,-5.697000026702881,18.222999572753906,17700.0,0.6600399017333984,1.0717630386352541,0.6994407176971436,17700.0,1002.260009765625,17700.0,-1.641669988632202,-1.9857435226440432,0.9153246879577636,17700.0,3.612097978591919,-8.697783470153809,2.733438730239868,17700.0,5.632957935333253,-11.411962509155273,-3.0585925579071045
248,17800.0,-11.43299961090088,-2.322000026702881,21.077999114990234,17800.0,0.6600399017333984,1.0717630386352541,0.6994407176971436,17800.0,1002.260009765625,17800.0,-1.641669988632202,-1.9857435226440432,0.9153246879577636,17800.0,3.612097978591919,-8.697783470153809,2.733438730239868,17800.0,5.632957935333253,-11.411962509155273,-3.0585925579071045
249,17900.0,-14.866000175476074,2.7799999713897705,24.614999771118164,17900.0,1.072068452835083,1.4969252347946167,1.3521502017974854,17900.0,1002.1900024414064,17900.0,1.9544552564620967,0.2423849105834961,-3.913780927658081,17900.0,0.32961305975914,-8.456891059875487,4.954061508178711,17900.0,1.9704279899597168,-10.683526992797852,3.648763418197632
250,17500.0,-5.646999835968018,-4.916999816894531,18.608999252319336,17500.0,0.2828305959701538,0.3695734739303589,0.2076941877603531,17500.0,1002.3200073242188,17500.0,0.37900638580322266,-3.165125846862793,-3.8042960166931152,17500.0,5.253951549530028,-8.24683666229248,0.7457035779953003,17500.0,3.014898538589477,-8.538920402526855,-1.1881226301193235
251,17600.0,-5.308000087738037,-5.302999973297119,17.773000717163086,17600.0,0.2828305959701538,0.3695734739303589,0.2076941877603531,17600.0,1002.3200073242188,17600.0,0.37900638580322266,-3.165125846862793,-3.8042960166931152,17600.0,5.253951549530028,-8.24683666229248,0.7457035779953003,17600.0,3.014898538589477,-8.538920402526855,-1.1881226301193235
252,17700.0,-5.664999961853027,-5.697000026702881,18.222999572753906,17700.0,0.6600399017333984,1.0717630386352541,0.6994407176971436,17700.0,1002.260009765625,17700.0,-1.641669988632202,-1.9857435226440432,0.9153246879577636,17700.0,3.612097978591919,-8.697783470153809,2.733438730239868,17700.0,5.632957935333253,-11.411962509155273,-3.0585925579071045
253,17800.0,-11.43299961090088,-2.322000026702881,21.077999114990234,17800.0,0.6600399017333984,1.0717630386352541,0.6994407176971436,17800.0,1002.260009765625,17800.0,-1.641669988632202,-1.9857435226440432,0.9153246879577636,17800.0,3.612097978591919,-8.697783470153809,2.733438730239868,17800.0,5.632957935333253,-11.411962509155273,-3.0585925579071045
254,17900.0,-14.866000175476074,2.7799999713897705,24.614999771118164,17900.0,1.072068452835083,1.4969252347946167,1.3521502017974854,17900.0,1002.1900024414064,17900.0,1.9544552564620967,0.2423849105834961,-3.913780927658081,17900.0,0.32961305975914,-8.456891059875487,4.954061508178711,17900.0,1.9704279899597168,-10.683526992797852,3.648763418197632
255,18000.0,-16.238000869750973,8.734999656677246,26.815000534057607,18000.0,1.072068452835083,1.4969252347946167,1.3521502017974854,18000.0,1002.1900024414064,18000.0,1.9544552564620967,0.2423849105834961,-3.913780927658081,18000.0,0.32961305975914,-8.456891059875487,4.954061508178711,18000.0,1.9704279899597168,-10.683526992797852,3.648763418197632
256,18100.0,-16.13599967956543,14.812999725341795,29.09000015258789,18100.0,1.0302242040634155,-0.7733554244041443,1.3686435222625732,18100.0,1002.0999755859376,18100.0,1.3850629329681396,0.4689912796020508,-3.6382904052734375,18100.0,-0.9026312232017516,-7.3044371604919425,6.480806350708008,18100.0,2.28406834602356,-8.214506149291992,1.04028058052063
257,18200.0,-15.718000411987305,18.812000274658203,30.23600006103516,18200.0,-0.6444628238677979,-0.7531968355178833,-0.34605515003204346,18200.0,1002.1099853515624,18200.0,1.3850629329681396,0.4689912796020508,-3.6382904052734375,18200.0,0.31424057483673096,-7.996676921844482,5.667874813079834,18200.0,2.28406834602356,-8.214506149291992,1.04028058052063
258,18300.0,-15.718000411987305,18.69300079345703,31.54599952697754,18300.0,-0.6444628238677979,-0.7531968355178833,-0.34605515003204346,18300.0,1002.1099853515624,18300.0,-0.9343388080596924,2.773127555847168,-1.601921558380127,18300.0,0.31424057483673096,-7.996676921844482,5.667874813079834,18300.0,0.4824316501617432,-6.835445880889893,2.8425159454345703
259,18400.0,-15.416999816894533,16.18600082397461,31.90999984741211,18400.0,-1.3439035415649414,-0.2880229651927948,-1.0381654500961304,18400.0,1002.2000122070312,18400.0,-1.4275339841842651,2.9511265754699707,-2.1935369968414307,18400.0,2.0476322174072266,-8.904309272766113,3.5624217987060547,18400.0,-0.6200982332229614,-5.2235493659973145,4.065953254699707
260,18000.0,-16.238000869750973,8.734999656677246,26.815000534057607,18000.0,1.072068452835083,1.4969252347946167,1.3521502017974854,18000.0,1002.1900024414064,18000.0,1.9544552564620967,0.2423849105834961,-3.913780927658081,18000.0,0.32961305975914,-8.456891059875487,4.954061508178711,18000.0,1.9704279899597168,-10.683526992797852,3.648763418197632
261,18100.0,-16.13599967956543,14.812999725341795,29.09000015258789,18100.0,1.0302242040634155,-0.7733554244041443,1.3686435222625732,18100.0,1002.0999755859376,18100.0,1.3850629329681396,0.4689912796020508,-3.6382904052734375,18100.0,-0.9026312232017516,-7.3044371604919425,6.480806350708008,18100.0,2.28406834602356,-8.214506149291992,1.04028058052063
262,18200.0,-15.718000411987305,18.812000274658203,30.23600006103516,18200.0,-0.6444628238677979,-0.7531968355178833,-0.34605515003204346,18200.0,1002.1099853515624,18200.0,1.3850629329681396,0.4689912796020508,-3.6382904052734375,18200.0,0.31424057483673096,-7.996676921844482,5.667874813079834,18200.0,2.28406834602356,-8.214506149291992,1.04028058052063
263,18300.0,-15.718000411987305,18.69300079345703,31.54599952697754,18300.0,-0.6444628238677979,-0.7531968355178833,-0.34605515003204346,18300.0,1002.1099853515624,18300.0,-0.9343388080596924,2.773127555847168,-1.601921558380127,18300.0,0.31424057483673096,-7.996676921844482,5.667874813079834,18300.0,0.4824316501617432,-6.835445880889893,2.8425159454345703
264,18400.0,-15.416999816894533,16.18600082397461,31.90999984741211,18400.0,-1.3439035415649414,-0.2880229651927948,-1.0381654500961304,18400.0,1002.2000122070312,18400.0,-1.4275339841842651,2.9511265754699707,-2.1935369968414307,18400.0,2.0476322174072266,-8.904309272766113,3.5624217987060547,18400.0,-0.6200982332229614,-5.2235493659973145,4.065953254699707
265,18500.0,-15.416999816894533,13.777000427246096,31.90399932861328,18500.0,-1.3439035415649414,-0.2880229651927948,-1.0381654500961304,18500.0,1002.2000122070312,18500.0,-1.4275339841842651,2.9511265754699707,-2.1935369968414307,18500.0,2.0476322174072266,-8.904309272766113,3.5624217987060547,18500.0,-0.6200982332229614,-5.2235493659973145,4.065953254699707
266,18600.0,-15.732999801635742,9.277999877929688,31.90399932861328,18600.0,-0.34208452701568604,-0.5665774941444397,-1.1511754989624023,18600.0,1002.219970703125,18600.0,-2.4470462799072266,-2.358099937438965,-2.0000832080841064,18600.0,4.011657238006592,-8.548087120056152,2.647116184234619,18600.0,0.6200982332229614,-5.953182697296143,1.368884801864624
267,18700.0,-15.732999801635742,6.9619998931884775,31.90399932861328,18700.0,-0.34208452701568604,-0.5665774941444397,-1.1511754989624023,18700.0,1002.219970703125,18700.0,-2.4470462799072266,-2.358099937438965,-2.0000832080841064,18700.0,4.011657238006592,-8.548087120056152,2.647116184234619,18700.0,0.6200982332229614,-5.953182697296143,1.368884801864624
268,18800.0,-11.592000007629395,6.513000011444093,31.54700088500977,18800.0,-0.5219843387603761,-0.5088507533073425,-0.2648100852966309,18800.0,1002.2000122070312,18800.0,-2.7260613441467285,-0.07883358001708984,-2.2851884365081787,18800.0,4.445696830749512,-8.634264945983888,1.362223744392395,18800.0,1.5646108388900757,-10.906187057495117,0.6470330357551575
269,18900.0,-11.03600025177002,4.883999824523926,30.91399955749512,18900.0,-0.5219843387603761,-0.5088507533073425,-0.2648100852966309,18900.0,1002.2000122070312,18900.0,-2.7260613441467285,-0.07883358001708984,-2.2851884365081787,18900.0,4.445696830749512,-8.634264945983888,1.362223744392395,18900.0,1.5646108388900757,-10.906187057495117,0.6470330357551575
270,18500.0,-15.416999816894533,13.777000427246096,31.90399932861328,18500.0,-1.3439035415649414,-0.2880229651927948,-1.0381654500961304,18500.0,1002.2000122070312,18500.0,-1.4275339841842651,2.9511265754699707,-2.1935369968414307,18500.0,2.0476322174072266,-8.904309272766113,3.5624217987060547,18500.0,-0.6200982332229614,-5.2235493659973145,4.065953254699707
271,18600.0,-15.732999801635742,9.277999877929688,31.90399932861328,18600.0,-0.34208452701568604,-0.5665774941444397,-1.1511754989624023,18600.0,1002.219970703125,18600.0,-2.4470462799072266,-2.358099937438965,-2.0000832080841064,18600.0,4.011657238006592,-8.548087120056152,2.647116184234619,18600.0,0.6200982332229614,-5.953182697296143,1.368884801864624
272,18700.0,-15.732999801635742,6.9619998931884775,31.90399932861328,18700.0,-0.34208452701568604,-0.5665774941444397,-1.1511754989624023,18700.0,1002.219970703125,18700.0,-2.4470462799072266,-2.358099937438965,-2.0000832080841064,18700.0,4.011657238006592,-8.548087120056152,2.647116184234619,18700.0,0.6200982332229614,-5.953182697296143,1.368884801864624
273,18800.0,-11.592000007629395,6.513000011444093,31.54700088500977,18800.0,-0.5219843387603761,-0.5088507533073425,-0.2648100852966309,18800.0,1002.2000122070312,18800.0,-2.7260613441467285,-0.07883358001708984,-2.2851884365081787,18800.0,4.445696830749512,-8.634264945983888,1.362223744392395,18800.0,1.5646108388900757,-10.906187057495117,0.6470330357551575
274,18900.0,-11.03600025177002,4.883999824523926,30.91399955749512,18900.0,-0.5219843387603761,-0.5088507533073425,-0.2648100852966309,18900.0,1002.2000122070312,18900.0,-2.7260613441467285,-0.07883358001708984,-2.2851884365081787,18900.0,4.445696830749512,-8.634264945983888,1.362223744392395,18900.0,1.5646108388900757,-10.906187057495117,0.6470330357551575
275,19000.0,-11.03600025177002,4.058000087738037,30.91399955749512,19000.0,-0.3292563557624817,-0.23273965716362,-0.4086688458919525,19000.0,1002.1300048828124,19000.0,-2.263890266418457,-1.8513498306274407,-0.351326584815979,19000.0,4.91127872467041,-8.462871551513674,0.655390202999115,19000.0,1.7196353673934937,-8.713098526000978,-0.9229647517204284
276,19100.0,-11.085000038146973,3.2690000534057617,30.60400009155273,19100.0,0.7574729323387146,0.38087448477745056,-0.27947086095809937,19100.0,1002.1300048828124,19100.0,-2.2819383144378658,-5.150201797485352,0.6945509910583496,19100.0,4.901793479919434,-8.196873664855957,2.2257764339447017,19100.0,1.7196353673934937,-8.713098526000978,-0.9229647517204284
277,19200.0,-10.765000343322754,3.2690000534057617,29.886999130249023,19200.0,0.7574729323387146,0.38087448477745056,-0.27947086095809937,19200.0,1002.22998046875,19200.0,-2.2819383144378658,-5.150201797485352,0.6945509910583496,19200.0,4.901793479919434,-8.196873664855957,2.2257764339447017,19200.0,2.647388458251953,-10.314221382141113,0.304063618183136
278,19300.0,-11.95199966430664,8.638999938964844,30.21299934387207,19300.0,1.7342463731765747,-0.5152648091316223,3.0274481773376465,19300.0,1002.219970703125,19300.0,1.2710853815078735,-5.94354248046875,-10.021530151367188,19300.0,-0.032086070626974106,-8.789775848388674,4.348469734191895,19300.0,2.6198551654815674,-13.347075462341307,2.920327425003052
279,19400.0,-15.722000122070312,16.805999755859375,31.04999923706055,19400.0,1.7342463731765747,-0.5152648091316223,3.0274481773376465,19400.0,1002.219970703125,19400.0,1.2710853815078735,-5.94354248046875,-10.021530151367188,19400.0,-0.032086070626974106,-8.789775848388674,4.348469734191895,19400.0,2.6198551654815674,-13.347075462341307,2.920327425003052
280,19000.0,-11.03600025177002,4.058000087738037,30.91399955749512,19000.0,-0.3292563557624817,-0.23273965716362,-0.4086688458919525,19000.0,1002.1300048828124,19000.0,-2.263890266418457,-1.8513498306274407,-0.351326584815979,19000.0,4.91127872467041,-8.462871551513674,0.655390202999115,19000.0,1.7196353673934937,-8.713098526000978,-0.9229647517204284
281,19100.0,-11.085000038146973,3.2690000534057617,30.60400009155273,19100.0,0.7574729323387146,0.38087448477745056,-0.27947086095809937,19100.0,1002.1300048828124,19100.0,-2.2819383144378658,-5.150201797485352,0.6945509910583496,19100.0,4.901793479919434,-8.196873664855957,2.2257764339447017,19100.0,1.7196353673934937,-8.713098526000978,-0.9229647517204284
282,19200.0,-10.765000343322754,3.2690000534057617,29.886999130249023,19200.0,0.7574729323387146,0.38087448477745056,-0.27947086095809937,19200.0,1002.22998046875,19200.0,-2.2819383144378658,-5.150201797485352,0.6945509910583496,19200.0,4.901793479919434,-8.196873664855957,2.2257764339447017,19200.0,2.647388458251953,-10.314221382141113,0.304063618183136
283,19300.0,-11.95199966430664,8.638999938964844,30.21299934387207,19300.0,1.7342463731765747,-0.5152648091316223,3.0274481773376465,19300.0,1002.219970703125,19300.0,1.2710853815078735,-5.94354248046875,-10.021530151367188,19300.0,-0.032086070626974106,-8.789775848388674,4.348469734191895,19300.0,2.6198551654815674,-13.347075462341307,2.920327425003052
284,19400.0,-15.722000122070312,16.805999755859375,31.04999923706055,19400.0,1.7342463731765747,-0.5152648091316223,3.0274481773376465,19400.0,1002.219970703125,19400.0,1.2710853815078735,-5.94354248046875,-10.021530151367188,19400.0,-0.032086070626974106,-8.789775848388674,4.348469734191895,19400.0,2.6198551654815674,-13.347075462341307,2.920327425003052
285,19500.0,-12.86299991607666,22.85099983215332,35.036998748779304,19500.0,1.3671164512634275,0.4893030524253845,2.1545217037200928,19500.0,1002.1199951171876,19500.0,4.740092277526856,2.8455405235290527,-5.405022621154785,19500.0,-3.599255084991455,-6.7606587409973145,6.124480247497559,19500.0,1.2389993667602541,-14.733318328857422,-5.673060894012451
286,19600.0,-7.289999961853027,28.746999740600586,36.0620002746582,19600.0,1.3671164512634275,0.4893030524253845,2.1545217037200928,19600.0,1002.1199951171876,19600.0,4.740092277526856,2.8455405235290527,-5.405022621154785,19600.0,-3.599255084991455,-6.7606587409973145,6.124480247497559,19600.0,1.2389993667602541,-14.733318328857422,-5.673060894012451
287,19700.0,-4.0390000343322745,30.625,36.624000549316406,19700.0,-1.3347405195236206,-1.225395679473877,0.0009162978967651725,19700.0,1002.1599731445312,19700.0,-6.72261905670166,0.8864450454711914,6.89004373550415,19700.0,0.8502406477928162,-9.654610633850098,-1.4953089952468872,19700.0,1.1408370733261108,-3.9151182174682617,0.7194576263427734
288,19800.0,2.1860001087188716,29.722000122070323,36.83599853515625,19800.0,-1.3347405195236206,-1.225395679473877,0.0009162978967651725,19800.0,1002.1599731445312,19800.0,-6.72261905670166,0.8864450454711914,6.89004373550415,19800.0,0.8502406477928162,-9.654610633850098,-1.4953089952468872,19800.0,1.1408370733261108,-3.9151182174682617,0.7194576263427734
289,19900.0,-0.6159999966621399,28.082000732421875,37.8380012512207,19900.0,-0.5039638280868529,-1.3967434167861938,-0.7015787363052368,19900.0,1002.239990234375,19900.0,0.2504936456680298,8.359485626220701,4.073253631591797,19900.0,1.4015054702758791,-9.34350299835205,-2.627754211425781,19900.0,-5.872378349304199,-8.768165588378906,5.394734859466553
290,19500.0,-12.86299991607666,22.85099983215332,35.036998748779304,19500.0,1.3671164512634275,0.4893030524253845,2.1545217037200928,19500.0,1002.1199951171876,19500.0,4.740092277526856,2.8455405235290527,-5.405022621154785,19500.0,-3.599255084991455,-6.7606587409973145,6.124480247497559,19500.0,1.2389993667602541,-14.733318328857422,-5.673060894012451
291,19600.0,-7.289999961853027,28.746999740600586,36.0620002746582,19600.0,1.3671164512634275,0.4893030524253845,2.1545217037200928,19600.0,1002.1199951171876,19600.0,4.740092277526856,2.8455405235290527,-5.405022621154785,19600.0,-3.599255084991455,-6.7606587409973145,6.124480247497559,19600.0,1.2389993667602541,-14.733318328857422,-5.673060894012451
292,19700.0,-4.0390000343322745,30.625,36.624000549316406,19700.0,-1.3347405195236206,-1.225395679473877,0.0009162978967651725,19700.0,1002.1599731445312,19700.0,-6.72261905670166,0.8864450454711914,6.89004373550415,19700.0,0.8502406477928162,-9.654610633850098,-1.4953089952468872,19700.0,1.1408370733261108,-3.9151182174682617,0.7194576263427734
293,19800.0,2.1860001087188716,29.722000122070323,36.83599853515625,19800.0,-1.3347405195236206,-1.225395679473877,0.0009162978967651725,19800.0,1002.1599731445312,19800.0,-6.72261905670166,0.8864450454711914,6.89004373550415,19800.0,0.8502406477928162,-9.654610633850098,-1.4953089952468872,19800.0,1.1408370733261108,-3.9151182174682617,0.7194576263427734
294,19900.0,-0.6159999966621399,28.082000732421875,37.8380012512207,19900.0,-0.5039638280868529,-1.3967434167861938,-0.7015787363052368,19900.0,1002.239990234375,19900.0,0.2504936456680298,8.359485626220701,4.073253631591797,19900.0,1.4015054702758791,-9.34350299835205,-2.627754211425781,19900.0,-5.872378349304199,-8.768165588378906,5.394734859466553
295,20000.0,-2.1860001087188716,26.67799949645996,38.20299911499024,20000.0,-0.5039638280868529,-1.3967434167861938,-0.7015787363052368,20000.0,1002.239990234375,20000.0,0.2504936456680298,8.359485626220701,4.073253631591797,20000.0,1.4015054702758791,-9.34350299835205,-2.627754211425781,20000.0,-5.872378349304199,-8.768165588378906,5.394734859466553
296,20100.0,-2.1860001087188716,23.709999084472656,38.56800079345703,20100.0,-0.2843577861785889,-0.8350527882575989,-1.3267992734909058,20100.0,1002.1699829101564,20100.0,-5.664262771606445,-2.1326723098754883,1.6503692865371704,20100.0,3.0031073093414307,-9.322385787963867,0.4948354959487915,20100.0,1.6519991159439087,-0.9840168952941896,1.4454993009567259
297,20200.0,4.51200008392334,26.641000747680664,38.89099884033203,20200.0,-0.3597996234893799,-1.1930198669433594,-0.2678644061088562,20200.0,1002.1300048828124,20200.0,3.9757900238037123,1.1152353286743164,-0.2263199388980865,20200.0,1.7942363023757937,-9.639790534973145,0.1598808467388153,20200.0,-2.6611552238464355,-11.455058097839355,2.145204782485962
298,20300.0,7.126999855041504,27.29400062561035,37.10699844360352,20300.0,-0.3597996234893799,-1.1930198669433594,-0.2678644061088562,20300.0,1002.1300048828124,20300.0,3.9757900238037123,1.1152353286743164,-0.2263199388980865,20300.0,1.7942363023757937,-9.639790534973145,0.1598808467388153,20300.0,-2.6611552238464355,-11.455058097839355,2.145204782485962
299,20400.0,6.715000152587893,30.02899932861328,35.61199951171875,20400.0,2.487748622894287,0.3222314119338989,2.0635027885437007,20400.0,1002.219970703125,20400.0,4.03870153427124,-5.660322189331055,-6.046096324920652,20400.0,-2.3298401832580566,-8.199711799621582,4.8483967781066895,20400.0,5.770026206970215,-8.524555206298826,-0.06643909960985184
300,20000.0,-2.1860001087188716,26.67799949645996,38.20299911499024,20000.0,-0.5039638280868529,-1.3967434167861938,-0.7015787363052368,20000.0,1002.239990234375,20000.0,0.2504936456680298,8.359485626220701,4.073253631591797,20000.0,1.4015054702758791,-9.34350299835205,-2.627754211425781,20000.0,-5.872378349304199,-8.768165588378906,5.394734859466553
301,20100.0,-2.1860001087188716,23.709999084472656,38.56800079345703,20100.0,-0.2843577861785889,-0.8350527882575989,-1.3267992734909058,20100.0,1002.1699829101564,20100.0,-5.664262771606445,-2.1326723098754883,1.6503692865371704,20100.0,3.0031073093414307,-9.322385787963867,0.4948354959487915,20100.0,1.6519991159439087,-0.9840168952941896,1.4454993009567259
302,20200.0,4.51200008392334,26.641000747680664,38.89099884033203,20200.0,-0.3597996234893799,-1.1930198669433594,-0.2678644061088562,20200.0,1002.1300048828124,20200.0,3.9757900238037123,1.1152353286743164,-0.2263199388980865,20200.0,1.7942363023757937,-9.639790534973145,0.1598808467388153,20200.0,-2.6611552238464355,-11.455058097839355,2.145204782485962
303,20300.0,7.126999855041504,27.29400062561035,37.10699844360352,20300.0,-0.3597996234893799,-1.1930198669433594,-0.2678644061088562,20300.0,1002.1300048828124,20300.0,3.9757900238037123,1.1152353286743164,-0.2263199388980865,20300.0,1.7942363023757937,-9.639790534973145,0.1598808467388153,20300.0,-2.6611552238464355,-11.455058097839355,2.145204782485962
304,20400.0,6.715000152587893,30.02899932861328,35.61199951171875,20400.0,2.487748622894287,0.3222314119338989,2.0635027885437007,20400.0,1002.219970703125,20400.0,4.03870153427124,-5.660322189331055,-6.046096324920652,20400.0,-2.3298401832580566,-8.199711799621582,4.8483967781066895,20400.0,5.770026206970215,-8.524555206298826,-0.06643909960985184
305,20500.0,13.769000053405762,33.450000762939446,24.783000946044922,20500.0,2.487748622894287,0.3222314119338989,2.0635027885437007,20500.0,1002.219970703125,20500.0,4.03870153427124,-5.660322189331055,-6.046096324920652,20500.0,-2.3298401832580566,-8.199711799621582,4.8483967781066895,20500.0,5.770026206970215,-8.524555206298826,-0.06643909960985184
306,20600.0,21.573999404907227,29.52799987792969,8.722999572753906,20600.0,-0.08368854224681854,-2.680171251296997,4.206112861633302,20600.0,1002.0800170898438,20600.0,8.154727935791017,-8.607870101928711,-5.764166831970215,20600.0,-5.2200355529785165,-8.237733840942383,1.030231237411499,20600.0,1.7088614702224731,-13.860033988952635,-1.1976994276046753
307,20700.0,21.2549991607666,16.076000213623047,4.831999778747559,20700.0,-0.08368854224681854,-2.680171251296997,4.206112861633302,20700.0,1002.0800170898438,20700.0,8.154727935791017,-8.607870101928711,-5.764166831970215,20700.0,-5.2200355529785165,-8.237733840942383,1.030231237411499,20700.0,1.7088614702224731,-13.860033988952635,-1.1976994276046753
308,20800.0,16.148000717163086,5.999000072479247,1.64900004863739,20800.0,0.36010506749153137,-1.5057828426361084,2.494773626327514,20800.0,1002.1400146484376,20800.0,11.576749801635742,2.1288204193115234,-0.9459669589996338,20800.0,-7.731661796569824,-5.075484275817871,3.260561466217041,20800.0,2.9346926212310787,-16.845603942871097,-4.733935356140137
309,20900.0,12.579999923706055,2.5510001182556152,-1.0390000343322754,20900.0,0.36010506749153137,-1.5057828426361084,2.494773626327514,20900.0,1002.0900268554688,20900.0,11.576749801635742,2.1288204193115234,-0.9459669589996338,20900.0,-7.731661796569824,-5.075484275817871,3.260561466217041,20900.0,2.9346926212310787,-16.845603942871097,-4.733935356140137
310,20500.0,13.769000053405762,33.450000762939446,24.783000946044922,20500.0,2.487748622894287,0.3222314119338989,2.0635027885437007,20500.0,1002.219970703125,20500.0,4.03870153427124,-5.660322189331055,-6.046096324920652,20500.0,-2.3298401832580566,-8.199711799621582,4.8483967781066895,20500.0,5.770026206970215,-8.524555206298826,-0.06643909960985184
311,20600.0,21.573999404907227,29.52799987792969,8.722999572753906,20600.0,-0.08368854224681854,-2.680171251296997,4.206112861633302,20600.0,1002.0800170898438,20600.0,8.154727935791017,-8.607870101928711,-5.764166831970215,20600.0,-5.2200355529785165,-8.237733840942383,1.030231237411499,20600.0,1.7088614702224731,-13.860033988952635,-1.1976994276046753
312,20700.0,21.2549991607666,16.076000213623047,4.831999778747559,20700.0,-0.08368854224681854,-2.680171251296997,4.206112861633302,20700.0,1002.0800170898438,20700.0,8.154727935791017,-8.607870101928711,-5.764166831970215,20700.0,-5.2200355529785165,-8.237733840942383,1.030231237411499,20700.0,1.7088614702224731,-13.860033988952635,-1.1976994276046753
313,20800.0,16.148000717163086,5.999000072479247,1.64900004863739,20800.0,0.36010506749153137,-1.5057828426361084,2.494773626327514,20800.0,1002.1400146484376,20800.0,11.576749801635742,2.1288204193115234,-0.9459669589996338,20800.0,-7.731661796569824,-5.075484275817871,3.260561466217041,20800.0,2.9346926212310787,-16.845603942871097,-4.733935356140137
314,20900.0,12.579999923706055,2.5510001182556152,-1.0390000343322754,20900.0,0.36010506749153137,-1.5057828426361084,2.494773626327514,20900.0,1002.0900268554688,20900.0,11.576749801635742,2.1288204193115234,-0.9459669589996338,20900.0,-7.731661796569824,-5.075484275817871,3.260561466217041,20900.0,2.9346926212310787,-16.845603942871097,-4.733935356140137
315,21000.0,8.557000160217285,0.7429999709129333,-1.715999960899353,21000.0,-0.4184426963329315,-2.9761354923248287,0.8213083148002625,21000.0,1002.0900268554688,21000.0,-1.8002029657363892,5.058863639831543,5.6447715759277335,21000.0,0.12545885145664215,-9.805368423461914,-0.09680734574794768,21000.0,3.845088005065918,-2.946663856506348,2.3145945072174072
316,21100.0,5.2210001945495605,0.9499999880790708,-3.134000062942505,21100.0,-1.2049317359924316,-2.952311754226685,-0.9172141551971436,21100.0,1002.1300048828124,21100.0,2.861311197280884,5.992096900939941,1.5670651197433472,21100.0,0.9047679901123048,-9.462491989135742,-2.4110212326049805,21100.0,-1.6747441291809082,-4.746504783630371,5.547964096069336
317,21200.0,4.565000057220459,1.3960000276565552,-2.8159999847412114,21200.0,-1.2049317359924316,-2.952311754226685,-0.9172141551971436,21200.0,1002.1300048828124,21200.0,2.861311197280884,5.992096900939941,1.5670651197433472,21200.0,0.9047679901123048,-9.462491989135742,-2.4110212326049805,21200.0,-1.6747441291809082,-4.746504783630371,5.547964096069336
318,21300.0,4.941999912261963,1.3960000276565552,-4.920000076293945,21300.0,-1.1462886333465576,-0.17043140530586245,-1.9834794998168943,21300.0,1002.1599731445312,21300.0,-2.0824828147888184,-2.11941909790039,-0.4268500804901123,21300.0,4.989642143249512,-8.331271171569824,-1.365209937095642,21300.0,3.766079187393189,-3.47039532661438,-0.8439561128616333
319,21400.0,4.953000068664551,3.8420000076293945,-6.789999961853027,21400.0,-1.1462886333465576,-0.17043140530586245,-1.9834794998168943,21400.0,1002.1599731445312,21400.0,-2.0824828147888184,-2.11941909790039,-0.4268500804901123,21400.0,4.989642143249512,-8.331271171569824,-1.365209937095642,21400.0,3.766079187393189,-3.47039532661438,-0.8439561128616333
320,21000.0,8.557000160217285,0.7429999709129333,-1.715999960899353,21000.0,-0.4184426963329315,-2.9761354923248287,0.8213083148002625,21000.0,1002.0900268554688,21000.0,-1.8002029657363892,5.058863639831543,5.6447715759277335,21000.0,0.12545885145664215,-9.805368423461914,-0.09680734574794768,21000.0,3.845088005065918,-2.946663856506348,2.3145945072174072
321,21100.0,5.2210001945495605,0.9499999880790708,-3.134000062942505,21100.0,-1.2049317359924316,-2.952311754226685,-0.9172141551971436,21100.0,1002.1300048828124,21100.0,2.861311197280884,5.992096900939941,1.5670651197433472,21100.0,0.9047679901123048,-9.462491989135742,-2.4110212326049805,21100.0,-1.6747441291809082,-4.746504783630371,5.547964096069336
322,21200.0,4.565000057220459,1.3960000276565552,-2.8159999847412114,21200.0,-1.2049317359924316,-2.952311754226685,-0.9172141551971436,21200.0,1002.1300048828124,21200.0,2.861311197280884,5.992096900939941,1.5670651197433472,21200.0,0.9047679901123048,-9.462491989135742,-2.4110212326049805,21200.0,-1.6747441291809082,-4.746504783630371,5.547964096069336
323,21300.0,4.941999912261963,1.3960000276565552,-4.920000076293945,21300.0,-1.1462886333465576,-0.17043140530586245,-1.9834794998168943,21300.0,1002.1599731445312,21300.0,-2.0824828147888184,-2.11941909790039,-0.4268500804901123,21300.0,4.989642143249512,-8.331271171569824,-1.365209937095642,21300.0,3.766079187393189,-3.47039532661438,-0.8439561128616333
324,21400.0,4.953000068664551,3.8420000076293945,-6.789999961853027,21400.0,-1.1462886333465576,-0.17043140530586245,-1.9834794998168943,21400.0,1002.1599731445312,21400.0,-2.0824828147888184,-2.11941909790039,-0.4268500804901123,21400.0,4.989642143249512,-8.331271171569824,-1.365209937095642,21400.0,3.766079187393189,-3.47039532661438,-0.8439561128616333
325,21500.0,5.318999767303467,5.2210001945495605,-6.789999961853027,21500.0,-0.44196099042892456,-0.8546004891395569,-0.22602014243602755,21500.0,1002.2000122070312,21500.0,-1.0644899606704712,0.4069547653198242,-2.431230068206787,21500.0,2.029951810836792,-9.55100917816162,-0.9098784923553468,21500.0,2.9071593284606934,-10.450690269470217,-1.7920600175857544
326,21600.0,6.052999973297119,6.214000225067139,-7.2150001525878915,21600.0,-0.44196099042892456,-0.8546004891395569,-0.22602014243602755,21600.0,1002.2000122070312,21600.0,-1.0644899606704712,0.4069547653198242,-2.431230068206787,21600.0,2.029951810836792,-9.55100917816162,-0.9098784923553468,21600.0,2.9071593284606934,-10.450690269470217,-1.7920600175857544
327,21700.0,6.436999797821045,6.552000045776367,-7.539999961853027,21700.0,-0.07971791177988052,0.4163046777248383,-0.2672535479068756,21700.0,1002.1900024414064,21700.0,0.15392541885375974,-0.1993455886840821,-1.1344261169433594,21700.0,2.2085530757904053,-9.554632186889648,0.04087444767355919,21700.0,0.9654618501663208,-9.144054412841797,-3.341108560562134
328,21800.0,6.7729997634887695,7.239999771118164,-7.23199987411499,21800.0,-0.07971791177988052,0.4163046777248383,-0.2672535479068756,21800.0,1002.1900024414064,21800.0,0.15392541885375974,-0.1993455886840821,-1.1344261169433594,21800.0,2.2085530757904053,-9.554632186889648,0.04087444767355919,21800.0,0.9654618501663208,-9.144054412841797,-3.341108560562134
329,21900.0,7.0929999351501465,8.270000457763674,-6.8379998207092285,21900.0,0.5238169431686401,0.5693264007568359,0.03390302136540413,21900.0,1002.1400146484376,21900.0,1.5862771272659302,-1.0108795166015625,-0.4436966180801392,21900.0,1.7608169317245483,-9.571492195129396,1.206848382949829,21900.0,2.362478494644165,-9.75397777557373,-1.0935516357421875
330,21500.0,5.318999767303467,5.2210001945495605,-6.789999961853027,21500.0,-0.44196099042892456,-0.8546004891395569,-0.22602014243602755,21500.0,1002.2000122070312,21500.0,-1.0644899606704712,0.4069547653198242,-2.431230068206787,21500.0,2.029951810836792,-9.55100917816162,-0.9098784923553468,21500.0,2.9071593284606934,-10.450690269470217,-1.7920600175857544
331,21600.0,6.052999973297119,6.214000225067139,-7.2150001525878915,21600.0,-0.44196099042892456,-0.8546004891395569,-0.22602014243602755,21600.0,1002.2000122070312,21600.0,-1.0644899606704712,0.4069547653198242,-2.431230068206787,21600.0,2.029951810836792,-9.55100917816162,-0.9098784923553468,21600.0,2.9071593284606934,-10.450690269470217,-1.7920600175857544
332,21700.0,6.436999797821045,6.552000045776367,-7.539999961853027,21700.0,-0.07971791177988052,0.4163046777248383,-0.2672535479068756,21700.0,1002.1900024414064,21700.0,0.15392541885375974,-0.1993455886840821,-1.1344261169433594,21700.0,2.2085530757904053,-9.554632186889648,0.04087444767355919,21700.0,0.9654618501663208,-9.144054412841797,-3.341108560562134
333,21800.0,6.7729997634887695,7.239999771118164,-7.23199987411499,21800.0,-0.07971791177988052,0.4163046777248383,-0.2672535479068756,21800.0,1002.1900024414064,21800.0,0.15392541885375974,-0.1993455886840821,-1.1344261169433594,21800.0,2.2085530757904053,-9.554632186889648,0.04087444767355919,21800.0,0.9654618501663208,-9.144054412841797,-3.341108560562134
334,21900.0,7.0929999351501465,8.270000457763674,-6.8379998207092285,21900.0,0.5238169431686401,0.5693264007568359,0.03390302136540413,21900.0,1002.1400146484376,21900.0,1.5862771272659302,-1.0108795166015625,-0.4436966180801392,21900.0,1.7608169317245483,-9.571492195129396,1.206848382949829,21900.0,2.362478494644165,-9.75397777557373,-1.0935516357421875
335,22000.0,6.767000198364258,8.956000328063965,-5.566999912261963,22000.0,1.2962560653686523,-0.2394591718912125,0.8762862086296082,22000.0,1002.1699829101564,22000.0,2.5920560359954834,-0.8119354248046875,-3.1308634281158447,22000.0,0.5108294486999512,-9.546578407287598,2.1845552921295166,22000.0,3.3470940589904785,-10.582371711730957,0.7631517648696899
336,22100.0,6.460000038146973,9.645000457763672,-2.874000072479248,22100.0,1.2962560653686523,-0.2394591718912125,0.8762862086296082,22100.0,1002.1699829101564,22100.0,2.5920560359954834,-0.8119354248046875,-3.1308634281158447,22100.0,0.5108294486999512,-9.546578407287598,2.1845552921295166,22100.0,3.3470940589904785,-10.582371711730957,0.7631517648696899
337,22200.0,6.09499979019165,10.520000457763672,-2.5390000343322754,22200.0,0.932485818862915,0.8503243923187256,1.359480619430542,22200.0,1002.0900268554688,22200.0,1.9313483238220213,1.9659528732299805,-0.26138854026794434,22200.0,-0.5486968159675598,-9.604653358459473,1.9026137590408323,22200.0,3.1028854846954346,-10.358513832092283,-0.9463081955909728
338,22300.0,6.09499979019165,10.866999626159668,-2.5390000343322754,22300.0,0.932485818862915,0.8503243923187256,1.359480619430542,22300.0,1002.0900268554688,22300.0,1.9313483238220213,1.9659528732299805,-0.26138854026794434,22300.0,-0.5486968159675598,-9.604653358459473,1.9026137590408323,22300.0,3.1028854846954346,-10.358513832092283,-0.9463081955909728
339,22400.0,6.09499979019165,11.19499969482422,-1.82099997997284,22400.0,-0.02748893573880196,0.17837265133857727,0.13439035415649414,22400.0,1002.1099853515624,22400.0,-2.410220146179199,3.989781856536865,2.81052041053772,22400.0,1.457327961921692,-9.68199634552002,0.5527344346046448,22400.0,1.3826514482498171,-7.638700485229492,1.6412252187728882
340,22000.0,6.767000198364258,8.956000328063965,-5.566999912261963,22000.0,1.2962560653686523,-0.2394591718912125,0.8762862086296082,22000.0,1002.1699829101564,22000.0,2.5920560359954834,-0.8119354248046875,-3.1308634281158447,22000.0,0.5108294486999512,-9.546578407287598,2.1845552921295166,22000.0,3.3470940589904785,-10.582371711730957,0.7631517648696899
341,22100.0,6.460000038146973,9.645000457763672,-2.874000072479248,22100.0,1.2962560653686523,-0.2394591718912125,0.8762862086296082,22100.0,1002.1699829101564,22100.0,2.5920560359954834,-0.8119354248046875,-3.1308634281158447,22100.0,0.5108294486999512,-9.546578407287598,2.1845552921295166,22100.0,3.3470940589904785,-10.582371711730957,0.7631517648696899
342,22200.0,6.09499979019165,10.520000457763672,-2.5390000343322754,22200.0,0.932485818862915,0.8503243923187256,1.359480619430542,22200.0,1002.0900268554688,22200.0,1.9313483238220213,1.9659528732299805,-0.26138854026794434,22200.0,-0.5486968159675598,-9.604653358459473,1.9026137590408323,22200.0,3.1028854846954346,-10.358513832092283,-0.9463081955909728
343,22300.0,6.09499979019165,10.866999626159668,-2.5390000343322754,22300.0,0.932485818862915,0.8503243923187256,1.359480619430542,22300.0,1002.0900268554688,22300.0,1.9313483238220213,1.9659528732299805,-0.26138854026794434,22300.0,-0.5486968159675598,-9.604653358459473,1.9026137590408323,22300.0,3.1028854846954346,-10.358513832092283,-0.9463081955909728
344,22400.0,6.09499979019165,11.19499969482422,-1.82099997997284,22400.0,-0.02748893573880196,0.17837265133857727,0.13439035415649414,22400.0,1002.1099853515624,22400.0,-2.410220146179199,3.989781856536865,2.81052041053772,22400.0,1.457327961921692,-9.68199634552002,0.5527344346046448,22400.0,1.3826514482498171,-7.638700485229492,1.6412252187728882
345,22500.0,6.448999881744385,11.19499969482422,-1.82099997997284,22500.0,-0.02748893573880196,0.17837265133857727,0.13439035415649414,22500.0,1002.1099853515624,22500.0,-2.410220146179199,3.989781856536865,2.81052041053772,22500.0,1.457327961921692,-9.68199634552002,0.5527344346046448,22500.0,1.3826514482498171,-7.638700485229492,1.6412252187728882
346,22600.0,6.813000202178955,11.845000267028807,-1.82099997997284,22600.0,-1.197601318359375,-0.19578230381011968,-0.7162395119667053,22600.0,1002.1500244140624,22600.0,-1.7711817026138306,-4.2405290603637695,4.448594570159912,22600.0,2.765373945236206,-9.311849594116213,-1.346307635307312,22600.0,-0.9528923034667968,-5.692214488983152,3.36325478553772
347,22700.0,7.138000011444093,15.47599983215332,-2.1800000667572017,22700.0,-1.197601318359375,-0.19578230381011968,-0.7162395119667053,22700.0,1002.1500244140624,22700.0,-1.7711817026138306,-4.2405290603637695,4.448594570159912,22700.0,2.765373945236206,-9.311849594116213,-1.346307635307312,22700.0,-0.9528923034667968,-5.692214488983152,3.36325478553772
348,22800.0,7.138000011444093,17.98200035095215,-2.1800000667572017,22800.0,-0.07238753139972688,0.040622539818286896,-1.1242974996566772,22800.0,1002.1099853515624,22800.0,-0.6561856269836426,0.08080291748046875,0.9296808242797852,22800.0,4.49708366394043,-8.603562355041504,-1.387571930885315,22800.0,0.9941922426223756,-13.55237865447998,3.1022868156433105
349,22900.0,7.138000011444093,19.173999786376953,-2.505000114440918,22900.0,-0.4786129295825958,-0.9618073105812072,-0.3313944041728973,22900.0,1002.0900268554688,22900.0,-2.1856546401977544,0.7175569534301758,2.9731168746948238,22900.0,4.465533256530762,-8.25749683380127,-2.8360488414764404,22900.0,3.840898036956787,-8.522759437561035,-0.4578910768032074
350,22500.0,6.448999881744385,11.19499969482422,-1.82099997997284,22500.0,-0.02748893573880196,0.17837265133857727,0.13439035415649414,22500.0,1002.1099853515624,22500.0,-2.410220146179199,3.989781856536865,2.81052041053772,22500.0,1.457327961921692,-9.68199634552002,0.5527344346046448,22500.0,1.3826514482498171,-7.638700485229492,1.6412252187728882
351,22600.0,6.813000202178955,11.845000267028807,-1.82099997997284,22600.0,-1.197601318359375,-0.19578230381011968,-0.7162395119667053,22600.0,1002.1500244140624,22600.0,-1.7711817026138306,-4.2405290603637695,4.448594570159912,22600.0,2.765373945236206,-9.311849594116213,-1.346307635307312,22600.0,-0.9528923034667968,-5.692214488983152,3.36325478553772
352,22700.0,7.138000011444093,15.47599983215332,-2.1800000667572017,22700.0,-1.197601318359375,-0.19578230381011968,-0.7162395119667053,22700.0,1002.1500244140624,22700.0,-1.7711817026138306,-4.2405290603637695,4.448594570159912,22700.0,2.765373945236206,-9.311849594116213,-1.346307635307312,22700.0,-0.9528923034667968,-5.692214488983152,3.36325478553772
353,22800.0,7.138000011444093,17.98200035095215,-2.1800000667572017,22800.0,-0.07238753139972688,0.040622539818286896,-1.1242974996566772,22800.0,1002.1099853515624,22800.0,-0.6561856269836426,0.08080291748046875,0.9296808242797852,22800.0,4.49708366394043,-8.603562355041504,-1.387571930885315,22800.0,0.9941922426223756,-13.55237865447998,3.1022868156433105
354,22900.0,7.138000011444093,19.173999786376953,-2.505000114440918,22900.0,-0.4786129295825958,-0.9618073105812072,-0.3313944041728973,22900.0,1002.0900268554688,22900.0,-2.1856546401977544,0.7175569534301758,2.9731168746948238,22900.0,4.465533256530762,-8.25749683380127,-2.8360488414764404,22900.0,3.840898036956787,-8.522759437561035,-0.4578910768032074
355,23000.0,6.822999954223633,19.57999992370605,-3.1440000534057617,23000.0,-0.4786129295825958,-0.9618073105812072,-0.3313944041728973,23000.0,1002.0900268554688,23000.0,-2.1856546401977544,0.7175569534301758,2.9731168746948238,23000.0,4.465533256530762,-8.25749683380127,-2.8360488414764404,23000.0,3.840898036956787,-8.522759437561035,-0.4578910768032074
356,23100.0,6.822999954223633,19.57999992370605,-3.494999885559082,23100.0,-0.5992587804794312,-0.6548475623130798,-0.06780604273080826,23100.0,1002.1199951171876,23100.0,-0.4347200393676758,-1.1180520057678225,3.572252035140991,23100.0,3.99010968208313,-7.951183795928955,-4.126509666442871,23100.0,2.2798786163330083,-7.539939880371094,0.13706804811954498
357,23200.0,6.451000213623048,20.63500022888184,-3.880000114440918,23200.0,-0.5992587804794312,-0.6548475623130798,-0.06780604273080826,23200.0,1002.1199951171876,23200.0,-0.4347200393676758,-1.1180520057678225,3.572252035140991,23200.0,3.99010968208313,-7.951183795928955,-4.126509666442871,23200.0,2.2798786163330083,-7.539939880371094,0.13706804811954498
358,23300.0,6.451000213623048,21.440000534057614,-4.196000099182129,23300.0,-0.12889257073402405,0.3689626157283783,-0.32131510972976685,23300.0,1002.0599975585938,23300.0,-1.7008013725280762,-2.7483530044555664,3.6690287590026855,23300.0,4.502615928649902,-7.8112735748291025,-3.857572078704834,23300.0,3.5553896427154537,-9.069235801696776,-0.5542576909065247
359,23400.0,6.451000213623048,22.0939998626709,-4.196000099182129,23400.0,-0.12889257073402405,0.3689626157283783,-0.32131510972976685,23400.0,1002.0599975585938,23400.0,-1.7008013725280762,-2.7483530044555664,3.6690287590026855,23400.0,4.502615928649902,-7.8112735748291025,-3.857572078704834,23400.0,3.5553896427154537,-9.069235801696776,-0.5542576909065247
360,23000.0,6.822999954223633,19.57999992370605,-3.1440000534057617,23000.0,-0.4786129295825958,-0.9618073105812072,-0.3313944041728973,23000.0,1002.0900268554688,23000.0,-2.1856546401977544,0.7175569534301758,2.9731168746948238,23000.0,4.465533256530762,-8.25749683380127,-2.8360488414764404,23000.0,3.840898036956787,-8.522759437561035,-0.4578910768032074
361,23100.0,6.822999954223633,19.57999992370605,-3.494999885559082,23100.0,-0.5992587804794312,-0.6548475623130798,-0.06780604273080826,23100.0,1002.1199951171876,23100.0,-0.4347200393676758,-1.1180520057678225,3.572252035140991,23100.0,3.99010968208313,-7.951183795928955,-4.126509666442871,23100.0,2.2798786163330083,-7.539939880371094,0.13706804811954498
362,23200.0,6.451000213623048,20.63500022888184,-3.880000114440918,23200.0,-0.5992587804794312,-0.6548475623130798,-0.06780604273080826,23200.0,1002.1199951171876,23200.0,-0.4347200393676758,-1.1180520057678225,3.572252035140991,23200.0,3.99010968208313,-7.951183795928955,-4.126509666442871,23200.0,2.2798786163330083,-7.539939880371094,0.13706804811954498
363,23300.0,6.451000213623048,21.440000534057614,-4.196000099182129,23300.0,-0.12889257073402405,0.3689626157283783,-0.32131510972976685,23300.0,1002.0599975585938,23300.0,-1.7008013725280762,-2.7483530044555664,3.6690287590026855,23300.0,4.502615928649902,-7.8112735748291025,-3.857572078704834,23300.0,3.5553896427154537,-9.069235801696776,-0.5542576909065247
364,23400.0,6.451000213623048,22.0939998626709,-4.196000099182129,23400.0,-0.12889257073402405,0.3689626157283783,-0.32131510972976685,23400.0,1002.0599975585938,23400.0,-1.7008013725280762,-2.7483530044555664,3.6690287590026855,23400.0,4.502615928649902,-7.8112735748291025,-3.857572078704834,23400.0,3.5553896427154537,-9.069235801696776,-0.5542576909065247
365,23500.0,6.755000114440918,23.492000579833984,-3.8540000915527344,23500.0,1.064738154411316,0.2941316068172455,-0.07208210229873657,23500.0,1002.1900024414064,23500.0,-2.1975967884063716,-0.9811763763427734,3.4942779541015625,23500.0,4.552892684936523,-8.490285873413086,-1.8321032524108891,23500.0,2.801814556121826,-10.559626579284668,-0.1885433793067932
366,23600.0,8.696999549865723,23.847000122070323,-4.2839999198913565,23600.0,1.064738154411316,0.2941316068172455,-0.07208210229873657,23600.0,1002.1900024414064,23600.0,-2.1975967884063716,-0.9811763763427734,3.4942779541015625,23600.0,4.552892684936523,-8.490285873413086,-1.8321032524108891,23600.0,2.801814556121826,-10.559626579284668,-0.1885433793067932
367,23700.0,13.093000411987305,24.166000366210927,-6.2249999046325675,23700.0,0.5687155723571777,-0.11026117950677873,0.6869179606437683,23700.0,1002.0800170898438,23700.0,-0.5442872047424316,-2.502758026123047,4.169969558715819,23700.0,3.1569597721099854,-9.255764961242676,-0.7312970757484436,23700.0,2.355295896530152,-9.47146224975586,1.6621745824813845
368,23800.0,18.266000747680664,19.351999282836914,-8.293000221252441,23800.0,0.8112290501594543,-0.0757472887635231,1.4004086256027222,23800.0,1002.0499877929688,23800.0,0.3285644054412842,3.0512003898620605,1.5451006889343262,23800.0,0.5399322509765625,-9.762147903442383,0.7611141204833984,23800.0,2.6126725673675537,-11.758522987365724,3.4386723041534424
369,23900.0,19.643999099731445,13.491000175476074,-8.833999633789062,23900.0,0.8112290501594543,-0.0757472887635231,1.4004086256027222,23900.0,1002.0499877929688,23900.0,0.3285644054412842,3.0512003898620605,1.5451006889343262,23900.0,0.5399322509765625,-9.762147903442383,0.7611141204833984,23900.0,2.6126725673675537,-11.758522987365724,3.4386723041534424
370,23500.0,6.755000114440918,23.492000579833984,-3.8540000915527344,23500.0,1.064738154411316,0.2941316068172455,-0.07208210229873657,23500.0,1002.1900024414064,23500.0,-2.1975967884063716,-0.9811763763427734,3.4942779541015625,23500.0,4.552892684936523,-8.490285873413086,-1.8321032524108891,23500.0,2.801814556121826,-10.559626579284668,-0.1885433793067932
371,23600.0,8.696999549865723,23.847000122070323,-4.2839999198913565,23600.0,1.064738154411316,0.2941316068172455,-0.07208210229873657,23600.0,1002.1900024414064,23600.0,-2.1975967884063716,-0.9811763763427734,3.4942779541015625,23600.0,4.552892684936523,-8.490285873413086,-1.8321032524108891,23600.0,2.801814556121826,-10.559626579284668,-0.1885433793067932
372,23700.0,13.093000411987305,24.166000366210927,-6.2249999046325675,23700.0,0.5687155723571777,-0.11026117950677873,0.6869179606437683,23700.0,1002.0800170898438,23700.0,-0.5442872047424316,-2.502758026123047,4.169969558715819,23700.0,3.1569597721099854,-9.255764961242676,-0.7312970757484436,23700.0,2.355295896530152,-9.47146224975586,1.6621745824813845
373,23800.0,18.266000747680664,19.351999282836914,-8.293000221252441,23800.0,0.8112290501594543,-0.0757472887635231,1.4004086256027222,23800.0,1002.0499877929688,23800.0,0.3285644054412842,3.0512003898620605,1.5451006889343262,23800.0,0.5399322509765625,-9.762147903442383,0.7611141204833984,23800.0,2.6126725673675537,-11.758522987365724,3.4386723041534424
374,23900.0,19.643999099731445,13.491000175476074,-8.833999633789062,23900.0,0.8112290501594543,-0.0757472887635231,1.4004086256027222,23900.0,1002.0499877929688,23900.0,0.3285644054412842,3.0512003898620605,1.5451006889343262,23900.0,0.5399322509765625,-9.762147903442383,0.7611141204833984,23900.0,2.6126725673675537,-11.758522987365724,3.4386723041534424
375,24000.0,20.155000686645508,10.222999572753906,-9.145999908447266,24000.0,-0.18814650177955627,0.3170390725135803,-0.1420261710882187,24000.0,1002.030029296875,24000.0,-0.973666787147522,4.2659912109375,3.309678554534912,24000.0,0.5714408755302429,-9.772056579589844,0.5922715067863464,24000.0,0.8684966564178467,-6.710947513580322,2.3062148094177246
376,24100.0,20.562000274658203,10.072999954223633,-9.970999717712402,24100.0,-0.18814650177955627,0.3170390725135803,-0.1420261710882187,24100.0,1002.030029296875,24100.0,-0.973666787147522,4.2659912109375,3.309678554534912,24100.0,0.5714408755302429,-9.772056579589844,0.5922715067863464,24100.0,0.8684966564178467,-6.710947513580322,2.3062148094177246
377,24200.0,21.184999465942386,12.59000015258789,-10.713000297546387,24200.0,0.15393804013729095,-0.20922134816646576,-0.8564330935478209,24200.0,1002.0800170898438,24200.0,-1.0836334228515625,2.0100207328796387,-0.8722153902053833,24200.0,1.9407576322555544,-9.57629680633545,0.8357037901878357,24200.0,-0.4022258818149567,-5.506065368652344,3.9019501209259033
378,24300.0,23.222999572753906,15.187999725341795,-11.029000282287598,24300.0,0.15393804013729095,-0.20922134816646576,-0.8564330935478209,24300.0,1002.0800170898438,24300.0,-1.0836334228515625,2.0100207328796387,-0.8722153902053833,24300.0,1.9407576322555544,-9.57629680633545,0.8357037901878357,24300.0,-0.4022258818149567,-5.506065368652344,3.9019501209259033
379,24400.0,23.82200050354004,20.216999053955078,-11.029000282287598,24400.0,-0.36132678389549255,-0.3726277947425842,-1.1899654865264893,24400.0,1002.0999755859376,24400.0,-0.9766194820404052,-1.6349134445190432,-0.5675736665725708,24400.0,3.872406482696533,-9.0097074508667,-0.005837620235979557,24400.0,0.8571242094039917,-7.56627607345581,-0.03651157766580582
380,24000.0,20.155000686645508,10.222999572753906,-9.145999908447266,24000.0,-0.18814650177955627,0.3170390725135803,-0.1420261710882187,24000.0,1002.030029296875,24000.0,-0.973666787147522,4.2659912109375,3.309678554534912,24000.0,0.5714408755302429,-9.772056579589844,0.5922715067863464,24000.0,0.8684966564178467,-6.710947513580322,2.3062148094177246
381,24100.0,20.562000274658203,10.072999954223633,-9.970999717712402,24100.0,-0.18814650177955627,0.3170390725135803,-0.1420261710882187,24100.0,1002.030029296875,24100.0,-0.973666787147522,4.2659912109375,3.309678554534912,24100.0,0.5714408755302429,-9.772056579589844,0.5922715067863464,24100.0,0.8684966564178467,-6.710947513580322,2.3062148094177246
382,24200.0,21.184999465942386,12.59000015258789,-10.713000297546387,24200.0,0.15393804013729095,-0.20922134816646576,-0.8564330935478209,24200.0,1002.0800170898438,24200.0,-1.0836334228515625,2.0100207328796387,-0.8722153902053833,24200.0,1.9407576322555544,-9.57629680633545,0.8357037901878357,24200.0,-0.4022258818149567,-5.506065368652344,3.9019501209259033
383,24300.0,23.222999572753906,15.187999725341795,-11.029000282287598,24300.0,0.15393804013729095,-0.20922134816646576,-0.8564330935478209,24300.0,1002.0800170898438,24300.0,-1.0836334228515625,2.0100207328796387,-0.8722153902053833,24300.0,1.9407576322555544,-9.57629680633545,0.8357037901878357,24300.0,-0.4022258818149567,-5.506065368652344,3.9019501209259033
384,24400.0,23.82200050354004,20.216999053955078,-11.029000282287598,24400.0,-0.36132678389549255,-0.3726277947425842,-1.1899654865264893,24400.0,1002.0999755859376,24400.0,-0.9766194820404052,-1.6349134445190432,-0.5675736665725708,24400.0,3.872406482696533,-9.0097074508667,-0.005837620235979557,24400.0,0.8571242094039917,-7.56627607345581,-0.03651157766580582
385,24500.0,23.82200050354004,22.70000076293945,-11.656999588012695,24500.0,-0.36132678389549255,-0.3726277947425842,-1.1899654865264893,24500.0,1002.0999755859376,24500.0,-0.9766194820404052,-1.6349134445190432,-0.5675736665725708,24500.0,3.872406482696533,-9.0097074508667,-0.005837620235979557,24500.0,0.8571242094039917,-7.56627607345581,-0.03651157766580582
386,24600.0,22.427000045776367,23.58300018310547,-15.284000396728516,24600.0,-0.3378084897994995,-0.817337691783905,-0.3811798989772797,24600.0,1002.0599975585938,24600.0,-2.034102201461792,1.2763237953186035,0.4887042045593262,24600.0,4.231979370117188,-8.77376651763916,-1.132145881652832,24600.0,2.895787000656128,-10.644620895385742,-0.5734112858772278
387,24700.0,19.667999267578125,25.441999435424805,-17.094999313354492,24700.0,-0.6255260109901428,-0.9581421613693236,-0.14324790239334104,24700.0,1002.030029296875,24700.0,-0.7761163711547852,-0.4926338195800781,2.4773640632629395,24700.0,3.9520249366760254,-8.548470497131348,-2.7341420650482178,24700.0,2.1978771686553955,-7.4974427223205575,-0.6434416770935059
388,24800.0,19.68000030517578,26.368000030517567,-16.558000564575195,24800.0,-0.6255260109901428,-0.9581421613693236,-0.14324790239334104,24800.0,1002.030029296875,24800.0,-0.7761163711547852,-0.4926338195800781,2.4773640632629395,24800.0,3.9520249366760254,-8.548470497131348,-2.7341420650482178,24800.0,2.1978771686553955,-7.4974427223205575,-0.6434416770935059
389,24900.0,19.79599952697754,27.23200035095215,-16.62700080871582,24900.0,0.2015855312347412,0.5827654600143433,-0.33689218759536743,24900.0,1002.0599975585938,24900.0,-2.366217851638794,-3.61733627319336,-0.0806189775466919,24900.0,4.44498348236084,-8.53563117980957,-1.8856191635131845,24900.0,3.17590856552124,-9.041104316711426,-0.2567781209945679
390,24500.0,23.82200050354004,22.70000076293945,-11.656999588012695,24500.0,-0.36132678389549255,-0.3726277947425842,-1.1899654865264893,24500.0,1002.0999755859376,24500.0,-0.9766194820404052,-1.6349134445190432,-0.5675736665725708,24500.0,3.872406482696533,-9.0097074508667,-0.005837620235979557,24500.0,0.8571242094039917,-7.56627607345581,-0.03651157766580582
391,24600.0,22.427000045776367,23.58300018310547,-15.284000396728516,24600.0,-0.3378084897994995,-0.817337691783905,-0.3811798989772797,24600.0,1002.0599975585938,24600.0,-2.034102201461792,1.2763237953186035,0.4887042045593262,24600.0,4.231979370117188,-8.77376651763916,-1.132145881652832,24600.0,2.895787000656128,-10.644620895385742,-0.5734112858772278
392,24700.0,19.667999267578125,25.441999435424805,-17.094999313354492,24700.0,-0.6255260109901428,-0.9581421613693236,-0.14324790239334104,24700.0,1002.030029296875,24700.0,-0.7761163711547852,-0.4926338195800781,2.4773640632629395,24700.0,3.9520249366760254,-8.548470497131348,-2.7341420650482178,24700.0,2.1978771686553955,-7.4974427223205575,-0.6434416770935059
393,24800.0,19.68000030517578,26.368000030517567,-16.558000564575195,24800.0,-0.6255260109901428,-0.9581421613693236,-0.14324790239334104,24800.0,1002.030029296875,24800.0,-0.7761163711547852,-0.4926338195800781,2.4773640632629395,24800.0,3.9520249366760254,-8.548470497131348,-2.7341420650482178,24800.0,2.1978771686553955,-7.4974427223205575,-0.6434416770935059
394,24900.0,19.79599952697754,27.23200035095215,-16.62700080871582,24900.0,0.2015855312347412,0.5827654600143433,-0.33689218759536743,24900.0,1002.0599975585938,24900.0,-2.366217851638794,-3.61733627319336,-0.0806189775466919,24900.0,4.44498348236084,-8.53563117980957,-1.8856191635131845,24900.0,3.17590856552124,-9.041104316711426,-0.2567781209945679
395,25000.0,19.79599952697754,27.84499931335449,-16.965999603271484,25000.0,0.2015855312347412,0.5827654600143433,-0.33689218759536743,25000.0,1002.0599975585938,25000.0,-2.366217851638794,-3.61733627319336,-0.0806189775466919,25000.0,4.44498348236084,-8.53563117980957,-1.8856191635131845,25000.0,3.17590856552124,-9.041104316711426,-0.2567781209945679
396,25100.0,20.48699951171875,27.84499931335449,-17.80500030517578,25100.0,1.1148290634155271,0.3243694305419922,0.0956004112958908,25100.0,1002.1400146484376,25100.0,-0.1050701141357422,-0.005788803100585938,1.885048151016236,25100.0,4.199154853820802,-8.857545852661133,0.2852957844734192,25100.0,2.078765630722046,-12.15296745300293,-1.9662381410598762
397,25200.0,21.761999130249023,24.14699935913086,-21.183000564575195,25200.0,1.1148290634155271,0.3243694305419922,0.0956004112958908,25200.0,1002.1400146484376,25200.0,-0.1050701141357422,-0.005788803100585938,1.885048151016236,25200.0,4.199154853820802,-8.857545852661133,0.2852957844734192,25200.0,2.078765630722046,-12.15296745300293,-1.9662381410598762
398,25300.0,27.09600067138672,16.716999053955078,-22.441999435424805,25300.0,-0.25045475363731384,-0.03695734590291977,1.0250319242477417,25300.0,1002.0599975585938,25300.0,-0.4537672996520996,-0.990497589111328,4.393727779388429,25300.0,2.212308406829834,-9.553566932678224,0.07385259121656418,25300.0,4.094084739685059,-8.863334655761719,2.1703438758850098
399,25400.0,30.183000564575195,9.277000427246094,-21.527000427246094,25400.0,-0.25045475363731384,-0.03695734590291977,1.0250319242477417,25400.0,1002.0599975585938,25400.0,-0.4537672996520996,-0.990497589111328,4.393727779388429,25400.0,2.212308406829834,-9.553566932678224,0.07385259121656418,25400.0,4.094084739685059,-8.863334655761719,2.1703438758850098
400,25000.0,19.79599952697754,27.84499931335449,-16.965999603271484,25000.0,0.2015855312347412,0.5827654600143433,-0.33689218759536743,25000.0,1002.0599975585938,25000.0,-2.366217851638794,-3.61733627319336,-0.0806189775466919,25000.0,4.44498348236084,-8.53563117980957,-1.8856191635131845,25000.0,3.17590856552124,-9.041104316711426,-0.2567781209945679
401,25100.0,20.48699951171875,27.84499931335449,-17.80500030517578,25100.0,1.1148290634155271,0.3243694305419922,0.0956004112958908,25100.0,1002.1400146484376,25100.0,-0.1050701141357422,-0.005788803100585938,1.885048151016236,25100.0,4.199154853820802,-8.857545852661133,0.2852957844734192,25100.0,2.078765630722046,-12.15296745300293,-1.9662381410598762
402,25200.0,21.761999130249023,24.14699935913086,-21.183000564575195,25200.0,1.1148290634155271,0.3243694305419922,0.0956004112958908,25200.0,1002.1400146484376,25200.0,-0.1050701141357422,-0.005788803100585938,1.885048151016236,25200.0,4.199154853820802,-8.857545852661133,0.2852957844734192,25200.0,2.078765630722046,-12.15296745300293,-1.9662381410598762
403,25300.0,27.09600067138672,16.716999053955078,-22.441999435424805,25300.0,-0.25045475363731384,-0.03695734590291977,1.0250319242477417,25300.0,1002.0599975585938,25300.0,-0.4537672996520996,-0.990497589111328,4.393727779388429,25300.0,2.212308406829834,-9.553566932678224,0.07385259121656418,25300.0,4.094084739685059,-8.863334655761719,2.1703438758850098
404,25400.0,30.183000564575195,9.277000427246094,-21.527000427246094,25400.0,-0.25045475363731384,-0.03695734590291977,1.0250319242477417,25400.0,1002.0599975585938,25400.0,-0.4537672996520996,-0.990497589111328,4.393727779388429,25400.0,2.212308406829834,-9.553566932678224,0.07385259121656418,25400.0,4.094084739685059,-8.863334655761719,2.1703438758850098
405,25500.0,30.54800033569336,3.2769999504089355,-21.527000427246094,25500.0,0.79840087890625,1.740660548210144,1.36650550365448,25500.0,1002.1099853515624,25500.0,1.4466613531112669,2.9631166458129883,0.40345633029937744,25500.0,-0.6170704364776611,-9.618398666381836,1.8099831342697144,25500.0,1.7585411071777344,-10.54406452178955,4.467580318450928
406,25600.0,29.756999969482425,-3.2739999294281006,-20.030000686645508,25600.0,-0.5955936312675476,0.4792237877845764,-0.3500257730484009,25600.0,1002.0599975585938,25600.0,-0.8048042058944702,4.313530445098877,1.7289988994598389,25600.0,-0.2953314483165741,-9.767521858215332,0.8238187432289124,25600.0,0.829590916633606,-6.655282020568848,2.213439464569092
407,25700.0,30.058000564575195,-3.20199990272522,-19.72599983215332,25700.0,-0.5955936312675476,0.4792237877845764,-0.3500257730484009,25700.0,1002.0599975585938,25700.0,-0.8048042058944702,4.313530445098877,1.7289988994598389,25700.0,-0.2953314483165741,-9.767521858215332,0.8238187432289124,25700.0,0.829590916633606,-6.655282020568848,2.213439464569092
408,25800.0,30.683000564575195,0.0,-19.72599983215332,25800.0,-1.1001683473587036,-0.053450707346200936,-0.9947940707206726,25800.0,1002.0999755859376,25800.0,-0.08352172374725343,0.755462646484375,2.740242719650269,25800.0,1.3380833864212036,-9.66249179840088,-1.008037805557251,25800.0,-1.1001356840133667,-5.453991413116455,2.5528175830841064
409,25900.0,32.51599884033203,3.7780001163482666,-20.25200080871582,25900.0,-1.1001683473587036,-0.053450707346200936,-0.9947940707206726,25900.0,1002.0999755859376,25900.0,-0.08352172374725343,0.755462646484375,2.740242719650269,25900.0,1.3380833864212036,-9.66249179840088,-1.008037805557251,25900.0,-1.1001356840133667,-5.453991413116455,2.5528175830841064
410,25500.0,30.54800033569336,3.2769999504089355,-21.527000427246094,25500.0,0.79840087890625,1.740660548210144,1.36650550365448,25500.0,1002.1099853515624,25500.0,1.4466613531112669,2.9631166458129883,0.40345633029937744,25500.0,-0.6170704364776611,-9.618398666381836,1.8099831342697144,25500.0,1.7585411071777344,-10.54406452178955,4.467580318450928
411,25600.0,29.756999969482425,-3.2739999294281006,-20.030000686645508,25600.0,-0.5955936312675476,0.4792237877845764,-0.3500257730484009,25600.0,1002.0599975585938,25600.0,-0.8048042058944702,4.313530445098877,1.7289988994598389,25600.0,-0.2953314483165741,-9.767521858215332,0.8238187432289124,25600.0,0.829590916633606,-6.655282020568848,2.213439464569092
412,25700.0,30.058000564575195,-3.20199990272522,-19.72599983215332,25700.0,-0.5955936312675476,0.4792237877845764,-0.3500257730484009,25700.0,1002.0599975585938,25700.0,-0.8048042058944702,4.313530445098877,1.7289988994598389,25700.0,-0.2953314483165741,-9.767521858215332,0.8238187432289124,25700.0,0.829590916633606,-6.655282020568848,2.213439464569092
413,25800.0,30.683000564575195,0.0,-19.72599983215332,25800.0,-1.1001683473587036,-0.053450707346200936,-0.9947940707206726,25800.0,1002.0999755859376,25800.0,-0.08352172374725343,0.755462646484375,2.740242719650269,25800.0,1.3380833864212036,-9.66249179840088,-1.008037805557251,25800.0,-1.1001356840133667,-5.453991413116455,2.5528175830841064
414,25900.0,32.51599884033203,3.7780001163482666,-20.25200080871582,25900.0,-1.1001683473587036,-0.053450707346200936,-0.9947940707206726,25900.0,1002.0999755859376,25900.0,-0.08352172374725343,0.755462646484375,2.740242719650269,25900.0,1.3380833864212036,-9.66249179840088,-1.008037805557251,25900.0,-1.1001356840133667,-5.453991413116455,2.5528175830841064
415,26000.0,32.86199951171875,8.572999954223633,-22.917999267578125,26000.0,-0.034208454191684716,-0.6649268269538879,-1.0399980545043943,26000.0,1002.1400146484376,26000.0,-1.700086236000061,-1.1055240631103516,1.637236475944519,26000.0,2.8229668140411377,-9.315837860107422,-1.1901192665100098,26000.0,1.2545616626739502,-8.907029151916504,1.7322049140930176
416,26100.0,32.46699905395508,11.989999771118164,-28.020999908447266,26100.0,-0.034208454191684716,-0.6649268269538879,-1.0399980545043943,26100.0,1002.1400146484376,26100.0,-1.700086236000061,-1.1055240631103516,1.637236475944519,26100.0,2.8229668140411377,-9.315837860107422,-1.1901192665100098,26100.0,1.2545616626739502,-8.907029151916504,1.7322049140930176
417,26200.0,28.07900047302246,12.923999786376953,-30.67099952697754,26200.0,-0.5384777188301086,-1.1545352935791016,-0.3234531581401825,26200.0,1002.1099853515624,26200.0,-0.8422077894210815,0.1585865020751953,2.355989933013916,26200.0,2.795277833938598,-9.043469429016113,-2.563686847686768,26200.0,1.1228805780410769,-10.421361923217773,0.4471171796321869
418,26300.0,27.30699920654297,14.833999633789064,-30.702999114990234,26300.0,-0.5384777188301086,-1.1545352935791016,-0.3234531581401825,26300.0,1002.1099853515624,26300.0,-0.8422077894210815,0.1585865020751953,2.355989933013916,26300.0,2.795277833938598,-9.043469429016113,-2.563686847686768,26300.0,1.1228805780410769,-10.421361923217773,0.4471171796321869
419,26400.0,27.770000457763672,15.324999809265135,-30.20400047302246,26400.0,-0.2385428845882416,-0.47006079554557795,-0.3888157308101654,26400.0,1002.0499877929688,26400.0,-0.8029916286468506,-1.328592300415039,2.477397918701172,26400.0,3.0194239616394043,-8.813844680786133,-3.0609846115112305,26400.0,1.9530700445175169,-8.884882926940918,-0.20769700407981875
420,26000.0,32.86199951171875,8.572999954223633,-22.917999267578125,26000.0,-0.034208454191684716,-0.6649268269538879,-1.0399980545043943,26000.0,1002.1400146484376,26000.0,-1.700086236000061,-1.1055240631103516,1.637236475944519,26000.0,2.8229668140411377,-9.315837860107422,-1.1901192665100098,26000.0,1.2545616626739502,-8.907029151916504,1.7322049140930176
421,26100.0,32.46699905395508,11.989999771118164,-28.020999908447266,26100.0,-0.034208454191684716,-0.6649268269538879,-1.0399980545043943,26100.0,1002.1400146484376,26100.0,-1.700086236000061,-1.1055240631103516,1.637236475944519,26100.0,2.8229668140411377,-9.315837860107422,-1.1901192665100098,26100.0,1.2545616626739502,-8.907029151916504,1.7322049140930176
422,26200.0,28.07900047302246,12.923999786376953,-30.67099952697754,26200.0,-0.5384777188301086,-1.1545352935791016,-0.3234531581401825,26200.0,1002.1099853515624,26200.0,-0.8422077894210815,0.1585865020751953,2.355989933013916,26200.0,2.795277833938598,-9.043469429016113,-2.563686847686768,26200.0,1.1228805780410769,-10.421361923217773,0.4471171796321869
423,26300.0,27.30699920654297,14.833999633789064,-30.702999114990234,26300.0,-0.5384777188301086,-1.1545352935791016,-0.3234531581401825,26300.0,1002.1099853515624,26300.0,-0.8422077894210815,0.1585865020751953,2.355989933013916,26300.0,2.795277833938598,-9.043469429016113,-2.563686847686768,26300.0,1.1228805780410769,-10.421361923217773,0.4471171796321869
424,26400.0,27.770000457763672,15.324999809265135,-30.20400047302246,26400.0,-0.2385428845882416,-0.47006079554557795,-0.3888157308101654,26400.0,1002.0499877929688,26400.0,-0.8029916286468506,-1.328592300415039,2.477397918701172,26400.0,3.0194239616394043,-8.813844680786133,-3.0609846115112305,26400.0,1.9530700445175169,-8.884882926940918,-0.20769700407981875
425,26500.0,27.65099906921387,16.274999618530273,-30.52599906921387,26500.0,0.4444044530391693,0.3381139039993286,-0.15057829022407532,26500.0,1002.1300048828124,26500.0,0.8260705471038818,-2.0389108657836914,3.223085403442384,26500.0,3.333256483078003,-9.036067962646484,-1.8464193344116209,26500.0,2.2164323329925537,-10.142436981201172,-0.5835866928100586
426,26600.0,27.65099906921387,16.28499984741211,-30.52599906921387,26600.0,0.4444044530391693,0.3381139039993286,-0.15057829022407532,26600.0,1002.1300048828124,26600.0,0.8260705471038818,-2.0389108657836914,3.223085403442384,26600.0,3.333256483078003,-9.036067962646484,-1.8464193344116209,26600.0,2.2164323329925537,-10.142436981201172,-0.5835866928100586
427,26700.0,28.39800071716309,12.88599967956543,-30.52599906921387,26700.0,1.062294602394104,0.16249015927314758,0.9175195693969728,26700.0,1002.0900268554688,26700.0,1.3572566509246826,1.2092008590698242,-1.8528759479522705,26700.0,1.670809984207153,-9.663126945495604,0.05243629217147827,26700.0,4.159327030181885,-11.074978828430176,1.3766659498214722
428,26800.0,29.952999114990234,4.464000225067139,-24.42900085449219,26800.0,1.062294602394104,0.16249015927314758,0.9175195693969728,26800.0,1002.0900268554688,26800.0,1.3572566509246826,1.2092008590698242,-1.8528759479522705,26800.0,1.670809984207153,-9.663126945495604,0.05243629217147827,26800.0,4.159327030181885,-11.074978828430176,1.3766659498214722
429,26900.0,30.37700080871582,-0.7670000195503235,-21.51099967956543,26900.0,0.5781839489936829,1.4294246435165403,1.4779884815216064,26900.0,1001.969970703125,26900.0,3.185132503509521,1.4678754806518557,0.043971896171569824,26900.0,-1.2392449378967283,-9.647067070007324,1.252488374710083,26900.0,3.0280666351318364,-8.453926086425781,-1.8004397153854368
430,26500.0,27.65099906921387,16.274999618530273,-30.52599906921387,26500.0,0.4444044530391693,0.3381139039993286,-0.15057829022407532,26500.0,1002.1300048828124,26500.0,0.8260705471038818,-2.0389108657836914,3.223085403442384,26500.0,3.333256483078003,-9.036067962646484,-1.8464193344116209,26500.0,2.2164323329925537,-10.142436981201172,-0.5835866928100586
431,26600.0,27.65099906921387,16.28499984741211,-30.52599906921387,26600.0,0.4444044530391693,0.3381139039993286,-0.15057829022407532,26600.0,1002.1300048828124,26600.0,0.8260705471038818,-2.0389108657836914,3.223085403442384,26600.0,3.333256483078003,-9.036067962646484,-1.8464193344116209,26600.0,2.2164323329925537,-10.142436981201172,-0.5835866928100586
432,26700.0,28.39800071716309,12.88599967956543,-30.52599906921387,26700.0,1.062294602394104,0.16249015927314758,0.9175195693969728,26700.0,1002.0900268554688,26700.0,1.3572566509246826,1.2092008590698242,-1.8528759479522705,26700.0,1.670809984207153,-9.663126945495604,0.05243629217147827,26700.0,4.159327030181885,-11.074978828430176,1.3766659498214722
433,26800.0,29.952999114990234,4.464000225067139,-24.42900085449219,26800.0,1.062294602394104,0.16249015927314758,0.9175195693969728,26800.0,1002.0900268554688,26800.0,1.3572566509246826,1.2092008590698242,-1.8528759479522705,26800.0,1.670809984207153,-9.663126945495604,0.05243629217147827,26800.0,4.159327030181885,-11.074978828430176,1.3766659498214722
434,26900.0,30.37700080871582,-0.7670000195503235,-21.51099967956543,26900.0,0.5781839489936829,1.4294246435165403,1.4779884815216064,26900.0,1001.969970703125,26900.0,3.185132503509521,1.4678754806518557,0.043971896171569824,26900.0,-1.2392449378967283,-9.647067070007324,1.252488374710083,26900.0,3.0280666351318364,-8.453926086425781,-1.8004397153854368
435,27000.0,27.915000915527344,-8.690999984741211,-18.013999938964844,27000.0,0.5781839489936829,1.4294246435165403,1.4779884815216064,27000.0,1001.969970703125,27000.0,3.185132503509521,1.4678754806518557,0.043971896171569824,27000.0,-1.2392449378967283,-9.647067070007324,1.252488374710083,27000.0,3.0280666351318364,-8.453926086425781,-1.8004397153854368
436,27100.0,20.32299995422364,-13.095999717712402,-15.725000381469727,27100.0,0.4630358517169952,1.0421360731124878,0.20036379992961886,27100.0,1001.9400024414064,27100.0,0.8482893705368042,4.497255325317383,0.6880887746810913,27100.0,-2.0280323028564453,-9.421529769897461,1.81445062160492,27100.0,1.945887446403504,-8.179191589355469,1.2964602708816528
437,27200.0,19.302000045776367,-13.409000396728516,-15.576000213623047,27200.0,0.4630358517169952,1.0421360731124878,0.20036379992961886,27200.0,1001.9400024414064,27200.0,0.8482893705368042,4.497255325317383,0.6880887746810913,27200.0,-2.0280323028564453,-9.421529769897461,1.81445062160492,27200.0,1.945887446403504,-8.179191589355469,1.2964602708816528
438,27300.0,20.944000244140625,-12.03600025177002,-17.222000122070312,27300.0,-1.2479976415634155,-0.2834414839744568,-0.7660250067710876,27300.0,1002.02001953125,27300.0,-2.853282928466797,-7.691130638122559,3.848666429519653,27300.0,2.7084336280822754,-9.369351387023926,-1.0247054100036619,27300.0,-1.1797429323196411,-4.924274444580078,2.5025393962860107
439,27400.0,21.35099983215332,-12.413000106811525,-18.388999938964844,27400.0,-0.3543018400669098,0.4639521539211273,-0.8530732989311218,27400.0,1002.02001953125,27400.0,0.35307860374450684,1.3038349151611328,-1.1567449569702148,27400.0,3.0209500789642334,-9.308249473571776,0.6330132484436035,27400.0,-0.14484919607639313,-17.060482025146484,2.823961019515991
440,27000.0,27.915000915527344,-8.690999984741211,-18.013999938964844,27000.0,0.5781839489936829,1.4294246435165403,1.4779884815216064,27000.0,1001.969970703125,27000.0,3.185132503509521,1.4678754806518557,0.043971896171569824,27000.0,-1.2392449378967283,-9.647067070007324,1.252488374710083,27000.0,3.0280666351318364,-8.453926086425781,-1.8004397153854368
441,27100.0,20.32299995422364,-13.095999717712402,-15.725000381469727,27100.0,0.4630358517169952,1.0421360731124878,0.20036379992961886,27100.0,1001.9400024414064,27100.0,0.8482893705368042,4.497255325317383,0.6880887746810913,27100.0,-2.0280323028564453,-9.421529769897461,1.81445062160492,27100.0,1.945887446403504,-8.179191589355469,1.2964602708816528
442,27200.0,19.302000045776367,-13.409000396728516,-15.576000213623047,27200.0,0.4630358517169952,1.0421360731124878,0.20036379992961886,27200.0,1001.9400024414064,27200.0,0.8482893705368042,4.497255325317383,0.6880887746810913,27200.0,-2.0280323028564453,-9.421529769897461,1.81445062160492,27200.0,1.945887446403504,-8.179191589355469,1.2964602708816528
443,27300.0,20.944000244140625,-12.03600025177002,-17.222000122070312,27300.0,-1.2479976415634155,-0.2834414839744568,-0.7660250067710876,27300.0,1002.02001953125,27300.0,-2.853282928466797,-7.691130638122559,3.848666429519653,27300.0,2.7084336280822754,-9.369351387023926,-1.0247054100036619,27300.0,-1.1797429323196411,-4.924274444580078,2.5025393962860107
444,27400.0,21.35099983215332,-12.413000106811525,-18.388999938964844,27400.0,-0.3543018400669098,0.4639521539211273,-0.8530732989311218,27400.0,1002.02001953125,27400.0,0.35307860374450684,1.3038349151611328,-1.1567449569702148,27400.0,3.0209500789642334,-9.308249473571776,0.6330132484436035,27400.0,-0.14484919607639313,-17.060482025146484,2.823961019515991
445,27500.0,22.01499938964844,-4.089000225067139,-22.479000091552734,27500.0,-0.3543018400669098,0.4639521539211273,-0.8530732989311218,27500.0,1002.02001953125,27500.0,0.35307860374450684,1.3038349151611328,-1.1567449569702148,27500.0,3.0209500789642334,-9.308249473571776,0.6330132484436035,27500.0,-0.14484919607639313,-17.060482025146484,2.823961019515991
446,27600.0,22.01499938964844,-0.5260000228881836,-24.82200050354004,27600.0,-0.021685715764760968,-0.8136724829673767,-0.2950479090213776,27600.0,1001.969970703125,27600.0,-0.7611799240112305,1.6936068534851074,-1.2199532985687256,27600.0,2.232416868209839,-9.532821655273438,0.5585551261901855,27600.0,3.37402868270874,-8.004414558410645,-0.5237316489219666
447,27700.0,19.07099914550781,1.633999943733215,-27.34600067138672,27700.0,-0.021685715764760968,-0.8136724829673767,-0.2950479090213776,27700.0,1001.969970703125,27700.0,-0.7611799240112305,1.6936068534851074,-1.2199532985687256,27700.0,2.232416868209839,-9.532821655273438,0.5585551261901855,27700.0,3.37402868270874,-8.004414558410645,-0.5237316489219666
448,27800.0,16.597999572753903,3.119999885559082,-29.106000900268555,27800.0,-0.6939429044723511,-1.1410962343215942,-0.25503623485565186,27800.0,1002.0,27800.0,1.2708327770233154,0.8805513381958008,0.6157324314117432,27800.0,2.2444539070129395,-9.509254455566406,-0.8407874107360841,27800.0,1.4712369441986084,-7.83921480178833,-0.6613982319831848
449,27900.0,16.915000915527347,4.084000110626222,-28.266000747680664,27900.0,-0.6939429044723511,-1.1410962343215942,-0.25503623485565186,27900.0,1002.0,27900.0,1.2708327770233154,0.8805513381958008,0.6157324314117432,27900.0,2.2444539070129395,-9.509254455566406,-0.8407874107360841,27900.0,1.4712369441986084,-7.83921480178833,-0.6613982319831848
450,27500.0,22.01499938964844,-4.089000225067139,-22.479000091552734,27500.0,-0.3543018400669098,0.4639521539211273,-0.8530732989311218,27500.0,1002.02001953125,27500.0,0.35307860374450684,1.3038349151611328,-1.1567449569702148,27500.0,3.0209500789642334,-9.308249473571776,0.6330132484436035,27500.0,-0.14484919607639313,-17.060482025146484,2.823961019515991
451,27600.0,22.01499938964844,-0.5260000228881836,-24.82200050354004,27600.0,-0.021685715764760968,-0.8136724829673767,-0.2950479090213776,27600.0,1001.969970703125,27600.0,-0.7611799240112305,1.6936068534851074,-1.2199532985687256,27600.0,2.232416868209839,-9.532821655273438,0.5585551261901855,27600.0,3.37402868270874,-8.004414558410645,-0.5237316489219666
452,27700.0,19.07099914550781,1.633999943733215,-27.34600067138672,27700.0,-0.021685715764760968,-0.8136724829673767,-0.2950479090213776,27700.0,1001.969970703125,27700.0,-0.7611799240112305,1.6936068534851074,-1.2199532985687256,27700.0,2.232416868209839,-9.532821655273438,0.5585551261901855,27700.0,3.37402868270874,-8.004414558410645,-0.5237316489219666
453,27800.0,16.597999572753903,3.119999885559082,-29.106000900268555,27800.0,-0.6939429044723511,-1.1410962343215942,-0.25503623485565186,27800.0,1002.0,27800.0,1.2708327770233154,0.8805513381958008,0.6157324314117432,27800.0,2.2444539070129395,-9.509254455566406,-0.8407874107360841,27800.0,1.4712369441986084,-7.83921480178833,-0.6613982319831848
454,27900.0,16.915000915527347,4.084000110626222,-28.266000747680664,27900.0,-0.6939429044723511,-1.1410962343215942,-0.25503623485565186,27900.0,1002.0,27900.0,1.2708327770233154,0.8805513381958008,0.6157324314117432,27900.0,2.2444539070129395,-9.509254455566406,-0.8407874107360841,27900.0,1.4712369441986084,-7.83921480178833,-0.6613982319831848
455,28000.0,16.915000915527347,4.7160000801086435,-28.694000244140625,28000.0,-0.14844025671482086,0.11453723162412645,-0.2116648107767105,28000.0,1001.9600219726564,28000.0,0.7218706607818604,-3.765766143798828,-1.3682301044464111,28000.0,2.19426703453064,-9.55078411102295,0.37164369225502014,28000.0,3.515286684036255,-8.628703117370605,-0.22505496442317965
456,28100.0,16.222999572753903,4.7160000801086435,-29.02899932861328,28100.0,-0.14844025671482086,0.11453723162412645,-0.2116648107767105,28100.0,1001.9600219726564,28100.0,0.7218706607818604,-3.765766143798828,-1.3682301044464111,28100.0,2.19426703453064,-9.55078411102295,0.37164369225502014,28100.0,3.515286684036255,-8.628703117370605,-0.22505496442317965
457,28200.0,13.954999923706055,4.7160000801086435,-29.32999992370605,28200.0,1.42637038230896,-0.12828169763088226,0.27000242471694946,28200.0,1002.1400146484376,28200.0,1.527490735054016,-1.4071884155273438,0.11391162872314453,28200.0,1.5125468969345093,-9.13986873626709,3.2164230346679688,28200.0,2.9161376953125,-13.316550254821776,-0.9965864419937134
458,28300.0,9.545000076293944,-2.615999937057495,-23.160999298095703,28300.0,0.58062744140625,0.27061331272125244,1.7690657377243042,28300.0,1002.0599975585938,28300.0,3.991206407546997,-2.633735656738281,-0.9362451434135436,28300.0,-1.1786179542541504,-9.553349494934082,1.8747721910476685,28300.0,3.0400376319885254,-10.547057151794434,3.3303346633911133
459,28400.0,3.5169999599456787,-5.00600004196167,-20.250999450683594,28400.0,0.58062744140625,0.27061331272125244,1.7690657377243042,28400.0,1002.0599975585938,28400.0,3.991206407546997,-2.633735656738281,-0.9362451434135436,28400.0,-1.1786179542541504,-9.553349494934082,1.8747721910476685,28400.0,3.0400376319885254,-10.547057151794434,3.3303346633911133
460,28000.0,16.915000915527347,4.7160000801086435,-28.694000244140625,28000.0,-0.14844025671482086,0.11453723162412645,-0.2116648107767105,28000.0,1001.9600219726564,28000.0,0.7218706607818604,-3.765766143798828,-1.3682301044464111,28000.0,2.19426703453064,-9.55078411102295,0.37164369225502014,28000.0,3.515286684036255,-8.628703117370605,-0.22505496442317965
461,28100.0,16.222999572753903,4.7160000801086435,-29.02899932861328,28100.0,-0.14844025671482086,0.11453723162412645,-0.2116648107767105,28100.0,1001.9600219726564,28100.0,0.7218706607818604,-3.765766143798828,-1.3682301044464111,28100.0,2.19426703453064,-9.55078411102295,0.37164369225502014,28100.0,3.515286684036255,-8.628703117370605,-0.22505496442317965
462,28200.0,13.954999923706055,4.7160000801086435,-29.32999992370605,28200.0,1.42637038230896,-0.12828169763088226,0.27000242471694946,28200.0,1002.1400146484376,28200.0,1.527490735054016,-1.4071884155273438,0.11391162872314453,28200.0,1.5125468969345093,-9.13986873626709,3.2164230346679688,28200.0,2.9161376953125,-13.316550254821776,-0.9965864419937134
463,28300.0,9.545000076293944,-2.615999937057495,-23.160999298095703,28300.0,0.58062744140625,0.27061331272125244,1.7690657377243042,28300.0,1002.0599975585938,28300.0,3.991206407546997,-2.633735656738281,-0.9362451434135436,28300.0,-1.1786179542541504,-9.553349494934082,1.8747721910476685,28300.0,3.0400376319885254,-10.547057151794434,3.3303346633911133
464,28400.0,3.5169999599456787,-5.00600004196167,-20.250999450683594,28400.0,0.58062744140625,0.27061331272125244,1.7690657377243042,28400.0,1002.0599975585938,28400.0,3.991206407546997,-2.633735656738281,-0.9362451434135436,28400.0,-1.1786179542541504,-9.553349494934082,1.8747721910476685,28400.0,3.0400376319885254,-10.547057151794434,3.3303346633911133
465,28500.0,-2.6040000915527344,-5.688000202178955,-18.67300033569336,28500.0,1.6487252712249756,1.9324722290039065,2.1823160648345947,28500.0,1001.9000244140624,28500.0,3.152369976043701,2.525899887084961,-1.891558527946472,28500.0,-2.516709327697754,-8.765788078308105,3.605208396911621,28500.0,2.8125884532928467,-12.187085151672365,0.9385270476341248
466,28600.0,-10.409000396728516,-6.497000217437744,-16.357999801635742,28600.0,1.6487252712249756,1.9324722290039065,2.1823160648345947,28600.0,1001.9000244140624,28600.0,3.152369976043701,2.525899887084961,-1.891558527946472,28600.0,-2.516709327697754,-8.765788078308105,3.605208396911621,28600.0,2.8125884532928467,-12.187085151672365,0.9385270476341248
467,28700.0,-15.022000312805176,-6.581999778747559,-13.223999977111815,28700.0,-0.4001167416572571,-1.1331549882888794,0.3286454975605011,28700.0,1001.9199829101564,28700.0,-3.388606071472168,4.450921535491943,0.7993786334991455,28700.0,-2.64957046508789,-8.698235511779785,3.672990083694458,28700.0,0.6356605291366577,-6.2398881912231445,1.7136498689651491
468,28800.0,-15.678000450134276,-7.255000114440918,-13.66800022125244,28800.0,-0.4001167416572571,-1.1331549882888794,0.3286454975605011,28800.0,1001.9199829101564,28800.0,-3.388606071472168,4.450921535491943,0.7993786334991455,28800.0,-2.64957046508789,-8.698235511779785,3.672990083694458,28800.0,0.6356605291366577,-6.2398881912231445,1.7136498689651491
469,28900.0,-15.71500015258789,-8.130999565124513,-13.66800022125244,28900.0,-0.9847147464752196,-0.208610475063324,0.4780020415782929,28900.0,1001.9500122070312,28900.0,10.764543533325195,2.44633150100708,1.7343187332153318,28900.0,-2.6314399242401123,-9.112387657165527,2.4920458793640137,28900.0,-6.038176536560059,-4.247313976287842,4.472368717193604
470,28500.0,-2.6040000915527344,-5.688000202178955,-18.67300033569336,28500.0,1.6487252712249756,1.9324722290039065,2.1823160648345947,28500.0,1001.9000244140624,28500.0,3.152369976043701,2.525899887084961,-1.891558527946472,28500.0,-2.516709327697754,-8.765788078308105,3.605208396911621,28500.0,2.8125884532928467,-12.187085151672365,0.9385270476341248
471,28600.0,-10.409000396728516,-6.497000217437744,-16.357999801635742,28600.0,1.6487252712249756,1.9324722290039065,2.1823160648345947,28600.0,1001.9000244140624,28600.0,3.152369976043701,2.525899887084961,-1.891558527946472,28600.0,-2.516709327697754,-8.765788078308105,3.605208396911621,28600.0,2.8125884532928467,-12.187085151672365,0.9385270476341248
472,28700.0,-15.022000312805176,-6.581999778747559,-13.223999977111815,28700.0,-0.4001167416572571,-1.1331549882888794,0.3286454975605011,28700.0,1001.9199829101564,28700.0,-3.388606071472168,4.450921535491943,0.7993786334991455,28700.0,-2.64957046508789,-8.698235511779785,3.672990083694458,28700.0,0.6356605291366577,-6.2398881912231445,1.7136498689651491
473,28800.0,-15.678000450134276,-7.255000114440918,-13.66800022125244,28800.0,-0.4001167416572571,-1.1331549882888794,0.3286454975605011,28800.0,1001.9199829101564,28800.0,-3.388606071472168,4.450921535491943,0.7993786334991455,28800.0,-2.64957046508789,-8.698235511779785,3.672990083694458,28800.0,0.6356605291366577,-6.2398881912231445,1.7136498689651491
474,28900.0,-15.71500015258789,-8.130999565124513,-13.66800022125244,28900.0,-0.9847147464752196,-0.208610475063324,0.4780020415782929,28900.0,1001.9500122070312,28900.0,10.764543533325195,2.44633150100708,1.7343187332153318,28900.0,-2.6314399242401123,-9.112387657165527,2.4920458793640137,28900.0,-6.038176536560059,-4.247313976287842,4.472368717193604
475,29000.0,-14.381999969482422,-8.876999855041504,-13.6899995803833,29000.0,-0.9847147464752196,-0.208610475063324,0.4780020415782929,29000.0,1001.9500122070312,29000.0,10.764543533325195,2.44633150100708,1.7343187332153318,29000.0,-2.6314399242401123,-9.112387657165527,2.4920458793640137,29000.0,-6.038176536560059,-4.247313976287842,4.472368717193604
476,29100.0,-8.074000358581543,-8.876999855041504,-17.81399917602539,29100.0,-0.7889324426651001,0.5390886068344116,-1.3894129991531372,29100.0,1001.97998046875,29100.0,1.461275339126587,4.229106903076172,-1.5828911066055298,29100.0,-0.5909830331802368,-9.728588104248047,1.084298610687256,29100.0,8.133103370666504,-6.666056156158447,4.226364612579347
477,29200.0,-4.682000160217285,-8.078000068664549,-19.58300018310547,29200.0,-0.1371392458677292,-0.560468852519989,-0.3882048726081848,29200.0,1001.9600219726564,29200.0,-1.6123685836791992,1.2840890884399414,-3.3649914264678955,29200.0,2.5502970218658447,-9.443528175354004,0.6972522139549255,29200.0,0.8702923059463501,-5.499481201171875,-0.4985924959182739
478,29300.0,-7.903999805450439,-8.52299976348877,-19.35099983215332,29300.0,-0.1371392458677292,-0.560468852519989,-0.3882048726081848,29300.0,1001.9600219726564,29300.0,-1.6123685836791992,1.2840890884399414,-3.3649914264678955,29300.0,2.5502970218658447,-9.443528175354004,0.6972522139549255,29300.0,0.8702923059463501,-5.499481201171875,-0.4985924959182739
479,29400.0,-9.406999588012695,-8.125,-19.777999877929688,29400.0,-0.14905111491680145,-2.2592852115631104,-0.8274169564247131,29400.0,1001.9299926757812,29400.0,-3.058903932571411,-3.1230869293212886,-1.507840275764465,29400.0,3.0259835720062256,-9.318382263183594,-0.4260761439800263,29400.0,0.9379284977912904,-8.159439086914062,-2.667739152908325
480,29000.0,-14.381999969482422,-8.876999855041504,-13.6899995803833,29000.0,-0.9847147464752196,-0.208610475063324,0.4780020415782929,29000.0,1001.9500122070312,29000.0,10.764543533325195,2.44633150100708,1.7343187332153318,29000.0,-2.6314399242401123,-9.112387657165527,2.4920458793640137,29000.0,-6.038176536560059,-4.247313976287842,4.472368717193604
481,29100.0,-8.074000358581543,-8.876999855041504,-17.81399917602539,29100.0,-0.7889324426651001,0.5390886068344116,-1.3894129991531372,29100.0,1001.97998046875,29100.0,1.461275339126587,4.229106903076172,-1.5828911066055298,29100.0,-0.5909830331802368,-9.728588104248047,1.084298610687256,29100.0,8.133103370666504,-6.666056156158447,4.226364612579347
482,29200.0,-4.682000160217285,-8.078000068664549,-19.58300018310547,29200.0,-0.1371392458677292,-0.560468852519989,-0.3882048726081848,29200.0,1001.9600219726564,29200.0,-1.6123685836791992,1.2840890884399414,-3.3649914264678955,29200.0,2.5502970218658447,-9.443528175354004,0.6972522139549255,29200.0,0.8702923059463501,-5.499481201171875,-0.4985924959182739
483,29300.0,-7.903999805450439,-8.52299976348877,-19.35099983215332,29300.0,-0.1371392458677292,-0.560468852519989,-0.3882048726081848,29300.0,1001.9600219726564,29300.0,-1.6123685836791992,1.2840890884399414,-3.3649914264678955,29300.0,2.5502970218658447,-9.443528175354004,0.6972522139549255,29300.0,0.8702923059463501,-5.499481201171875,-0.4985924959182739
484,29400.0,-9.406999588012695,-8.125,-19.777999877929688,29400.0,-0.14905111491680145,-2.2592852115631104,-0.8274169564247131,29400.0,1001.9299926757812,29400.0,-3.058903932571411,-3.1230869293212886,-1.507840275764465,29400.0,3.0259835720062256,-9.318382263183594,-0.4260761439800263,29400.0,0.9379284977912904,-8.159439086914062,-2.667739152908325
485,29500.0,-9.78499984741211,-7.795000076293945,-20.53499984741211,29500.0,-0.14905111491680145,-2.2592852115631104,-0.8274169564247131,29500.0,1001.9299926757812,29500.0,-3.058903932571411,-3.1230869293212886,-1.507840275764465,29500.0,3.0259835720062256,-9.318382263183594,-0.4260761439800263,29500.0,0.9379284977912904,-8.159439086914062,-2.667739152908325
486,29600.0,-12.44200038909912,-8.543000221252441,-21.024999618530273,29600.0,2.2342395782470703,-0.36102136969566345,1.8655824661254885,29600.0,1002.0499877929688,29600.0,6.411129951477051,-2.505143165588379,-8.799240112304688,29600.0,-1.0954034328460691,-8.937345504760742,3.885141134262085,29600.0,-0.03292027488350868,-12.441469192504885,-1.933916449546814
487,29700.0,-20.53199958801269,-8.92300033569336,-12.788000106811525,29700.0,2.2342395782470703,-0.36102136969566345,1.8655824661254885,29700.0,1002.0499877929688,29700.0,6.411129951477051,-2.505143165588379,-8.799240112304688,29700.0,-1.0954034328460691,-8.937345504760742,3.885141134262085,29700.0,-0.03292027488350868,-12.441469192504885,-1.933916449546814
488,29800.0,-29.604999542236328,-6.1459999084472665,0.7960000038146973,29800.0,1.0506882667541504,-1.4941763877868652,2.7427849769592285,29800.0,1002.0,29800.0,3.1117095947265625,-4.362272262573241,-4.320212841033936,29800.0,-2.750185251235962,-9.236194610595703,1.816476345062256,29800.0,5.315726280212402,-11.44248867034912,-4.914099216461182
489,29900.0,-33.10800170898437,6.454999923706055,10.937000274658203,29900.0,1.0506882667541504,-1.4941763877868652,2.7427849769592285,29900.0,1002.0,29900.0,3.1117095947265625,-4.362272262573241,-4.320212841033936,29900.0,-2.750185251235962,-9.236194610595703,1.816476345062256,29900.0,5.315726280212402,-11.44248867034912,-4.914099216461182
490,29500.0,-9.78499984741211,-7.795000076293945,-20.53499984741211,29500.0,-0.14905111491680145,-2.2592852115631104,-0.8274169564247131,29500.0,1001.9299926757812,29500.0,-3.058903932571411,-3.1230869293212886,-1.507840275764465,29500.0,3.0259835720062256,-9.318382263183594,-0.4260761439800263,29500.0,0.9379284977912904,-8.159439086914062,-2.667739152908325
491,29600.0,-12.44200038909912,-8.543000221252441,-21.024999618530273,29600.0,2.2342395782470703,-0.36102136969566345,1.8655824661254885,29600.0,1002.0499877929688,29600.0,6.411129951477051,-2.505143165588379,-8.799240112304688,29600.0,-1.0954034328460691,-8.937345504760742,3.885141134262085,29600.0,-0.03292027488350868,-12.441469192504885,-1.933916449546814
492,29700.0,-20.53199958801269,-8.92300033569336,-12.788000106811525,29700.0,2.2342395782470703,-0.36102136969566345,1.8655824661254885,29700.0,1002.0499877929688,29700.0,6.411129951477051,-2.505143165588379,-8.799240112304688,29700.0,-1.0954034328460691,-8.937345504760742,3.885141134262085,29700.0,-0.03292027488350868,-12.441469192504885,-1.933916449546814
493,29800.0,-29.604999542236328,-6.1459999084472665,0.7960000038146973,29800.0,1.0506882667541504,-1.4941763877868652,2.7427849769592285,29800.0,1002.0,29800.0,3.1117095947265625,-4.362272262573241,-4.320212841033936,29800.0,-2.750185251235962,-9.236194610595703,1.816476345062256,29800.0,5.315726280212402,-11.44248867034912,-4.914099216461182
494,29900.0,-33.10800170898437,6.454999923706055,10.937000274658203,29900.0,1.0506882667541504,-1.4941763877868652,2.7427849769592285,29900.0,1002.0,29900.0,3.1117095947265625,-4.362272262573241,-4.320212841033936,29900.0,-2.750185251235962,-9.236194610595703,1.816476345062256,29900.0,5.315726280212402,-11.44248867034912,-4.914099216461182
495,30000.0,-30.597999572753906,19.07099914550781,22.24799919128418,30000.0,0.5210680365562439,-3.464216709136963,2.4071145057678223,30000.0,1001.989990234375,30000.0,5.184610366821289,3.672629833221436,0.10610008239746094,30000.0,-2.071549654006958,-9.534234046936037,0.9886486530303956,30000.0,0.3615244626998901,-13.598466873168945,-2.50373649597168
496,30100.0,-26.26799964904785,26.04599952697754,28.40099906921387,30100.0,-0.4098905920982361,-2.3466389179229736,0.9156870245933532,30100.0,1001.9299926757812,30100.0,-1.2544996738433838,3.2575364112854004,5.366849422454834,30100.0,-0.03777078166604042,-9.794305801391602,-0.4904589056968689,30100.0,3.113060712814331,-5.8616042137146,1.0947487354278564
497,30200.0,-20.201000213623047,29.731000900268555,34.16400146484375,30200.0,-0.4098905920982361,-2.3466389179229736,0.9156870245933532,30200.0,1001.9299926757812,30200.0,-1.2544996738433838,3.2575364112854004,5.366849422454834,30200.0,-0.03777078166604042,-9.794305801391602,-0.4904589056968689,30200.0,3.113060712814331,-5.8616042137146,1.0947487354278564
498,30300.0,-16.624000549316403,29.01000022888184,37.30699920654297,30300.0,-1.6636915206909182,-1.8338174819946291,-1.1753047704696655,30300.0,1001.9299926757812,30300.0,0.33060121536254883,3.154736995697021,2.392662286758424,30300.0,3.324147701263428,-8.685342788696289,-3.1121199131011963,30300.0,-1.2922704219818115,-6.536769390106201,4.87639045715332
499,30400.0,-16.194999694824222,24.854999542236328,40.24300003051758,30400.0,-1.6636915206909182,-1.8338174819946291,-1.1753047704696655,30400.0,1001.9299926757812,30400.0,0.33060121536254883,3.154736995697021,2.392662286758424,30400.0,3.324147701263428,-8.685342788696289,-3.1121199131011963,30400.0,-1.2922704219818115,-6.536769390106201,4.87639045715332
500,30000.0,-30.597999572753906,19.07099914550781,22.24799919128418,30000.0,0.5210680365562439,-3.464216709136963,2.4071145057678223,30000.0,1001.989990234375,30000.0,5.184610366821289,3.672629833221436,0.10610008239746094,30000.0,-2.071549654006958,-9.534234046936037,0.9886486530303956,30000.0,0.3615244626998901,-13.598466873168945,-2.50373649597168
501,30100.0,-26.26799964904785,26.04599952697754,28.40099906921387,30100.0,-0.4098905920982361,-2.3466389179229736,0.9156870245933532,30100.0,1001.9299926757812,30100.0,-1.2544996738433838,3.2575364112854004,5.366849422454834,30100.0,-0.03777078166604042,-9.794305801391602,-0.4904589056968689,30100.0,3.113060712814331,-5.8616042137146,1.0947487354278564
502,30200.0,-20.201000213623047,29.731000900268555,34.16400146484375,30200.0,-0.4098905920982361,-2.3466389179229736,0.9156870245933532,30200.0,1001.9299926757812,30200.0,-1.2544996738433838,3.2575364112854004,5.366849422454834,30200.0,-0.03777078166604042,-9.794305801391602,-0.4904589056968689,30200.0,3.113060712814331,-5.8616042137146,1.0947487354278564
503,30300.0,-16.624000549316403,29.01000022888184,37.30699920654297,30300.0,-1.6636915206909182,-1.8338174819946291,-1.1753047704696655,30300.0,1001.9299926757812,30300.0,0.33060121536254883,3.154736995697021,2.392662286758424,30300.0,3.324147701263428,-8.685342788696289,-3.1121199131011963,30300.0,-1.2922704219818115,-6.536769390106201,4.87639045715332
504,30400.0,-16.194999694824222,24.854999542236328,40.24300003051758,30400.0,-1.6636915206909182,-1.8338174819946291,-1.1753047704696655,30400.0,1001.9299926757812,30400.0,0.33060121536254883,3.154736995697021,2.392662286758424,30400.0,3.324147701263428,-8.685342788696289,-3.1121199131011963,30400.0,-1.2922704219818115,-6.536769390106201,4.87639045715332
505,30500.0,-17.902999877929688,19.041000366210934,40.71500015258789,30500.0,-1.3161091804504397,-0.35063666105270386,-1.2736539840698242,30500.0,1001.989990234375,30500.0,-0.2252852916717529,-1.7513856887817385,1.3363229036331177,30500.0,4.095512390136719,-8.669976234436035,-2.0563790798187256,30500.0,3.654748916625977,-5.5306057929992685,-0.7194576263427734
506,30600.0,-17.084999084472653,12.78499984741211,40.71500015258789,30600.0,-1.3161091804504397,-0.35063666105270386,-1.2736539840698242,30600.0,1001.989990234375,30600.0,-0.2252852916717529,-1.7513856887817385,1.3363229036331177,30600.0,4.095512390136719,-8.669976234436035,-2.0563790798187256,30600.0,3.654748916625977,-5.5306057929992685,-0.7194576263427734
507,30700.0,-17.084999084472653,11.503000259399414,40.71799850463867,30700.0,-0.6331618428230286,-0.4853324294090271,-0.15027284622192386,30700.0,1001.969970703125,30700.0,-2.677403450012207,-0.6487827301025391,1.2398512363433838,30700.0,3.785918712615967,-8.407883644104004,-3.338369131088257,30700.0,3.8702270984649663,-10.421361923217773,-0.7200561761856079
508,30800.0,-17.084999084472653,9.118000030517578,41.104000091552734,30800.0,-0.6331618428230286,-0.4853324294090271,-0.15027284622192386,30800.0,1001.969970703125,30800.0,-2.677403450012207,-0.6487827301025391,1.2398512363433838,30800.0,3.785918712615967,-8.407883644104004,-3.338369131088257,30800.0,3.8702270984649663,-10.421361923217773,-0.7200561761856079
509,30900.0,-16.756999969482422,7.422999858856201,41.104000091552734,30900.0,-0.42791110277175903,0.3454442918300629,-0.28680121898651123,30900.0,1001.8900146484376,30900.0,-1.6944398880004885,-1.206329345703125,3.907627582550049,30900.0,4.2538414001464835,-8.104721069335938,-3.5197668075561523,30900.0,1.108515381813049,-9.056666374206543,-2.098517894744873
510,30500.0,-17.902999877929688,19.041000366210934,40.71500015258789,30500.0,-1.3161091804504397,-0.35063666105270386,-1.2736539840698242,30500.0,1001.989990234375,30500.0,-0.2252852916717529,-1.7513856887817385,1.3363229036331177,30500.0,4.095512390136719,-8.669976234436035,-2.0563790798187256,30500.0,3.654748916625977,-5.5306057929992685,-0.7194576263427734
511,30600.0,-17.084999084472653,12.78499984741211,40.71500015258789,30600.0,-1.3161091804504397,-0.35063666105270386,-1.2736539840698242,30600.0,1001.989990234375,30600.0,-0.2252852916717529,-1.7513856887817385,1.3363229036331177,30600.0,4.095512390136719,-8.669976234436035,-2.0563790798187256,30600.0,3.654748916625977,-5.5306057929992685,-0.7194576263427734
512,30700.0,-17.084999084472653,11.503000259399414,40.71799850463867,30700.0,-0.6331618428230286,-0.4853324294090271,-0.15027284622192386,30700.0,1001.969970703125,30700.0,-2.677403450012207,-0.6487827301025391,1.2398512363433838,30700.0,3.785918712615967,-8.407883644104004,-3.338369131088257,30700.0,3.8702270984649663,-10.421361923217773,-0.7200561761856079
513,30800.0,-17.084999084472653,9.118000030517578,41.104000091552734,30800.0,-0.6331618428230286,-0.4853324294090271,-0.15027284622192386,30800.0,1001.969970703125,30800.0,-2.677403450012207,-0.6487827301025391,1.2398512363433838,30800.0,3.785918712615967,-8.407883644104004,-3.338369131088257,30800.0,3.8702270984649663,-10.421361923217773,-0.7200561761856079
514,30900.0,-16.756999969482422,7.422999858856201,41.104000091552734,30900.0,-0.42791110277175903,0.3454442918300629,-0.28680121898651123,30900.0,1001.8900146484376,30900.0,-1.6944398880004885,-1.206329345703125,3.907627582550049,30900.0,4.2538414001464835,-8.104721069335938,-3.5197668075561523,30900.0,1.108515381813049,-9.056666374206543,-2.098517894744873
515,31000.0,-16.756999969482422,6.986000061035156,41.104000091552734,31000.0,-0.04612032696604729,0.5540547966957092,-0.23976461589336395,31000.0,1001.9199829101564,31000.0,0.5435938835144043,-4.693171501159668,4.75914478302002,31000.0,4.800264358520508,-8.114011764526367,-2.7001311779022217,31000.0,2.559401512145996,-9.311050415039064,0.3878606855869293
516,31100.0,-16.756999969482422,7.307000160217285,41.104000091552734,31100.0,-0.04612032696604729,0.5540547966957092,-0.23976461589336395,31100.0,1001.9199829101564,31100.0,0.5435938835144043,-4.693171501159668,4.75914478302002,31100.0,4.800264358520508,-8.114011764526367,-2.7001311779022217,31100.0,2.559401512145996,-9.311050415039064,0.3878606855869293
517,31200.0,-17.05900001525879,8.168000221252441,41.104000091552734,31200.0,1.2745703458786009,-0.3289509415626526,0.7235698699951172,31200.0,1001.9400024414064,31200.0,-2.431715726852417,-0.37003040313720703,1.3527884483337402,31200.0,3.29302978515625,-9.20138931274414,-0.8128960132598877,31200.0,5.343858242034912,-12.807183265686035,2.0590133666992188
518,31300.0,-17.836999893188477,17.913000106811523,41.85599899291992,31300.0,1.2745703458786009,-0.3289509415626526,0.7235698699951172,31300.0,1001.9400024414064,31300.0,-2.431715726852417,-0.37003040313720703,1.3527884483337402,31300.0,3.29302978515625,-9.20138931274414,-0.8128960132598877,31300.0,5.343858242034912,-12.807183265686035,2.0590133666992188
519,31400.0,-18.19300079345703,23.391000747680664,42.19200134277344,31400.0,0.902553379535675,1.2504411935806274,1.472796082496643,31400.0,1001.8699951171876,31400.0,2.9586827754974365,1.2003278732299805,-0.05534076690673828,31400.0,0.5703704953193665,-9.69974422454834,1.3266618251800537,31400.0,0.861314058303833,-9.571419715881348,0.5398924946784973
520,31000.0,-16.756999969482422,6.986000061035156,41.104000091552734,31000.0,-0.04612032696604729,0.5540547966957092,-0.23976461589336395,31000.0,1001.9199829101564,31000.0,0.5435938835144043,-4.693171501159668,4.75914478302002,31000.0,4.800264358520508,-8.114011764526367,-2.7001311779022217,31000.0,2.559401512145996,-9.311050415039064,0.3878606855869293
521,31100.0,-16.756999969482422,7.307000160217285,41.104000091552734,31100.0,-0.04612032696604729,0.5540547966957092,-0.23976461589336395,31100.0,1001.9199829101564,31100.0,0.5435938835144043,-4.693171501159668,4.75914478302002,31100.0,4.800264358520508,-8.114011764526367,-2.7001311779022217,31100.0,2.559401512145996,-9.311050415039064,0.3878606855869293
522,31200.0,-17.05900001525879,8.168000221252441,41.104000091552734,31200.0,1.2745703458786009,-0.3289509415626526,0.7235698699951172,31200.0,1001.9400024414064,31200.0,-2.431715726852417,-0.37003040313720703,1.3527884483337402,31200.0,3.29302978515625,-9.20138931274414,-0.8128960132598877,31200.0,5.343858242034912,-12.807183265686035,2.0590133666992188
523,31300.0,-17.836999893188477,17.913000106811523,41.85599899291992,31300.0,1.2745703458786009,-0.3289509415626526,0.7235698699951172,31300.0,1001.9400024414064,31300.0,-2.431715726852417,-0.37003040313720703,1.3527884483337402,31300.0,3.29302978515625,-9.20138931274414,-0.8128960132598877,31300.0,5.343858242034912,-12.807183265686035,2.0590133666992188
524,31400.0,-18.19300079345703,23.391000747680664,42.19200134277344,31400.0,0.902553379535675,1.2504411935806274,1.472796082496643,31400.0,1001.8699951171876,31400.0,2.9586827754974365,1.2003278732299805,-0.05534076690673828,31400.0,0.5703704953193665,-9.69974422454834,1.3266618251800537,31400.0,0.861314058303833,-9.571419715881348,0.5398924946784973
525,31500.0,-17.773000717163086,29.73600006103516,42.52099990844727,31500.0,0.902553379535675,1.2504411935806274,1.472796082496643,31500.0,1001.8699951171876,31500.0,2.9586827754974365,1.2003278732299805,-0.05534076690673828,31500.0,0.5703704953193665,-9.69974422454834,1.3266618251800537,31500.0,0.861314058303833,-9.571419715881348,0.5398924946784973
526,31600.0,-13.324999809265135,33.84199905395508,41.479000091552734,31600.0,0.8930850028991699,-0.021685715764760968,0.8182539939880371,31600.0,1001.9400024414064,31600.0,1.4382796287536619,3.474597930908203,-0.2818419933319092,31600.0,-0.9528552889823914,-9.29550075531006,2.975917339324951,31600.0,3.529053211212158,-8.499416351318361,1.2713210582733154
527,31700.0,-9.355999946594238,35.64699935913086,38.87099838256836,31700.0,0.8930850028991699,-0.021685715764760968,0.8182539939880371,31700.0,1001.9400024414064,31700.0,1.4382796287536619,3.474597930908203,-0.2818419933319092,31700.0,-0.9528552889823914,-9.29550075531006,2.975917339324951,31700.0,3.529053211212158,-8.499416351318361,1.2713210582733154
528,31800.0,-8.968999862670898,35.20000076293945,38.36600112915039,31800.0,-0.6377432942390442,-0.4056145250797272,-0.6860016584396362,31800.0,1001.8699951171876,31800.0,-1.394881010055542,3.688053607940674,0.7175421714782715,31800.0,0.2277075946331024,-9.59335231781006,2.021424531936645,31800.0,0.4854243993759155,-5.820902824401856,2.694075345993042
529,31900.0,-10.229000091552734,33.935001373291016,38.36600112915039,31900.0,-1.2424999475479126,-0.2797762751579285,-1.2904528379440308,31900.0,1001.8800048828124,31900.0,-2.779087543487549,-4.513068199157715,0.07882632315158844,31900.0,2.306232690811157,-9.527728080749512,-0.27215811610221863,31900.0,-1.1671733856201172,-5.905298709869385,2.738966703414917
530,31500.0,-17.773000717163086,29.73600006103516,42.52099990844727,31500.0,0.902553379535675,1.2504411935806274,1.472796082496643,31500.0,1001.8699951171876,31500.0,2.9586827754974365,1.2003278732299805,-0.05534076690673828,31500.0,0.5703704953193665,-9.69974422454834,1.3266618251800537,31500.0,0.861314058303833,-9.571419715881348,0.5398924946784973
531,31600.0,-13.324999809265135,33.84199905395508,41.479000091552734,31600.0,0.8930850028991699,-0.021685715764760968,0.8182539939880371,31600.0,1001.9400024414064,31600.0,1.4382796287536619,3.474597930908203,-0.2818419933319092,31600.0,-0.9528552889823914,-9.29550075531006,2.975917339324951,31600.0,3.529053211212158,-8.499416351318361,1.2713210582733154
532,31700.0,-9.355999946594238,35.64699935913086,38.87099838256836,31700.0,0.8930850028991699,-0.021685715764760968,0.8182539939880371,31700.0,1001.9400024414064,31700.0,1.4382796287536619,3.474597930908203,-0.2818419933319092,31700.0,-0.9528552889823914,-9.29550075531006,2.975917339324951,31700.0,3.529053211212158,-8.499416351318361,1.2713210582733154
533,31800.0,-8.968999862670898,35.20000076293945,38.36600112915039,31800.0,-0.6377432942390442,-0.4056145250797272,-0.6860016584396362,31800.0,1001.8699951171876,31800.0,-1.394881010055542,3.688053607940674,0.7175421714782715,31800.0,0.2277075946331024,-9.59335231781006,2.021424531936645,31800.0,0.4854243993759155,-5.820902824401856,2.694075345993042
534,31900.0,-10.229000091552734,33.935001373291016,38.36600112915039,31900.0,-1.2424999475479126,-0.2797762751579285,-1.2904528379440308,31900.0,1001.8800048828124,31900.0,-2.779087543487549,-4.513068199157715,0.07882632315158844,31900.0,2.306232690811157,-9.527728080749512,-0.27215811610221863,31900.0,-1.1671733856201172,-5.905298709869385,2.738966703414917
535,32000.0,-9.843000411987305,31.53499984741211,38.36600112915039,32000.0,-1.2424999475479126,-0.2797762751579285,-1.2904528379440308,32000.0,1001.8800048828124,32000.0,-2.779087543487549,-4.513068199157715,0.07882632315158844,32000.0,2.306232690811157,-9.527728080749512,-0.27215811610221863,32000.0,-1.1671733856201172,-5.905298709869385,2.738966703414917
536,32100.0,-10.25,27.715999603271484,38.36600112915039,32100.0,-0.4712825417518616,-0.13316862285137174,-1.0677924156188965,32100.0,1001.9400024414064,32100.0,-3.750425100326538,-1.6998662948608398,0.8767275810241699,32100.0,3.8432004451751713,-8.956725120544434,-1.0850231647491455,32100.0,-0.4728548228740692,-14.040796279907227,-0.1933317929506302
537,32200.0,-10.5649995803833,24.47500038146973,39.00699996948242,32200.0,-0.4712825417518616,-0.13316862285137174,-1.0677924156188965,32200.0,1001.9400024414064,32200.0,-3.750425100326538,-1.6998662948608398,0.8767275810241699,32200.0,3.8432004451751713,-8.956725120544434,-1.0850231647491455,32200.0,-0.4728548228740692,-14.040796279907227,-0.1933317929506302
538,32300.0,-7.980000019073486,23.358999252319336,39.36899948120117,32300.0,-0.5345070958137512,-0.7137960195541382,-0.1612684279680252,32300.0,1001.9199829101564,32300.0,-0.9774541854858398,-0.06024646759033201,2.678107261657715,32300.0,3.715822458267212,-8.778547286987305,-2.3022174835205083,32300.0,0.09277531504631042,-10.656591415405273,-0.2082955539226532
539,32400.0,-6.442999839782715,21.926000595092773,39.709999084472656,32400.0,-0.5345070958137512,-0.7137960195541382,-0.1612684279680252,32400.0,1001.9199829101564,32400.0,-0.9774541854858398,-0.06024646759033201,2.678107261657715,32400.0,3.715822458267212,-8.778547286987305,-2.3022174835205083,32400.0,0.09277531504631042,-10.656591415405273,-0.2082955539226532
540,32000.0,-9.843000411987305,31.53499984741211,38.36600112915039,32000.0,-1.2424999475479126,-0.2797762751579285,-1.2904528379440308,32000.0,1001.8800048828124,32000.0,-2.779087543487549,-4.513068199157715,0.07882632315158844,32000.0,2.306232690811157,-9.527728080749512,-0.27215811610221863,32000.0,-1.1671733856201172,-5.905298709869385,2.738966703414917
541,32100.0,-10.25,27.715999603271484,38.36600112915039,32100.0,-0.4712825417518616,-0.13316862285137174,-1.0677924156188965,32100.0,1001.9400024414064,32100.0,-3.750425100326538,-1.6998662948608398,0.8767275810241699,32100.0,3.8432004451751713,-8.956725120544434,-1.0850231647491455,32100.0,-0.4728548228740692,-14.040796279907227,-0.1933317929506302
542,32200.0,-10.5649995803833,24.47500038146973,39.00699996948242,32200.0,-0.4712825417518616,-0.13316862285137174,-1.0677924156188965,32200.0,1001.9400024414064,32200.0,-3.750425100326538,-1.6998662948608398,0.8767275810241699,32200.0,3.8432004451751713,-8.956725120544434,-1.0850231647491455,32200.0,-0.4728548228740692,-14.040796279907227,-0.1933317929506302
543,32300.0,-7.980000019073486,23.358999252319336,39.36899948120117,32300.0,-0.5345070958137512,-0.7137960195541382,-0.1612684279680252,32300.0,1001.9199829101564,32300.0,-0.9774541854858398,-0.06024646759033201,2.678107261657715,32300.0,3.715822458267212,-8.778547286987305,-2.3022174835205083,32300.0,0.09277531504631042,-10.656591415405273,-0.2082955539226532
544,32400.0,-6.442999839782715,21.926000595092773,39.709999084472656,32400.0,-0.5345070958137512,-0.7137960195541382,-0.1612684279680252,32400.0,1001.9199829101564,32400.0,-0.9774541854858398,-0.06024646759033201,2.678107261657715,32400.0,3.715822458267212,-8.778547286987305,-2.3022174835205083,32400.0,0.09277531504631042,-10.656591415405273,-0.2082955539226532
545,32500.0,-6.130000114440918,20.573999404907227,39.709999084472656,32500.0,-0.4618141353130341,-0.14538592100143433,-0.3243694305419922,32500.0,1001.9600219726564,32500.0,-1.9162814617156985,-1.0621204376220703,2.584587812423706,32500.0,3.951951503753662,-8.448845863342285,-3.028113603591919,32500.0,2.738368272781372,-8.838793754577637,0.3758896589279175
546,32600.0,-6.130000114440918,19.542999267578125,39.709999084472656,32600.0,-0.4618141353130341,-0.14538592100143433,-0.3243694305419922,32600.0,1001.9600219726564,32600.0,-1.9162814617156985,-1.0621204376220703,2.584587812423706,32600.0,3.951951503753662,-8.448845863342285,-3.028113603591919,32600.0,2.738368272781372,-8.838793754577637,0.3758896589279175
547,32700.0,-6.130000114440918,19.542999267578125,39.709999084472656,32700.0,0.4767803251743317,0.23090706765651706,-0.313373863697052,32700.0,1001.9299926757812,32700.0,-1.0580019950866701,-4.279003143310547,-0.08196711540222168,32700.0,4.288977146148682,-8.588035583496094,-2.005178213119507,32700.0,2.0356700420379643,-9.510966300964355,-0.4435258507728577
548,32800.0,-7.313000202178955,19.19799995422364,39.33100128173828,32800.0,1.1612548828125,0.7391469478607178,0.5626068711280823,32800.0,1002.0499877929688,32800.0,-2.351578712463379,-0.6411237716674805,0.06945839524269104,32800.0,3.213491201400757,-9.25231647491455,0.4883905947208405,32800.0,3.230975151062012,-12.86703872680664,-2.0871453285217285
549,32900.0,-8.128999710083008,20.08799934387207,37.02000045776367,32900.0,1.1612548828125,0.7391469478607178,0.5626068711280823,32900.0,1002.0499877929688,32900.0,-2.351578712463379,-0.6411237716674805,0.06945839524269104,32900.0,3.213491201400757,-9.25231647491455,0.4883905947208405,32900.0,3.230975151062012,-12.86703872680664,-2.0871453285217285
550,32500.0,-6.130000114440918,20.573999404907227,39.709999084472656,32500.0,-0.4618141353130341,-0.14538592100143433,-0.3243694305419922,32500.0,1001.9600219726564,32500.0,-1.9162814617156985,-1.0621204376220703,2.584587812423706,32500.0,3.951951503753662,-8.448845863342285,-3.028113603591919,32500.0,2.738368272781372,-8.838793754577637,0.3758896589279175
551,32600.0,-6.130000114440918,19.542999267578125,39.709999084472656,32600.0,-0.4618141353130341,-0.14538592100143433,-0.3243694305419922,32600.0,1001.9600219726564,32600.0,-1.9162814617156985,-1.0621204376220703,2.584587812423706,32600.0,3.951951503753662,-8.448845863342285,-3.028113603591919,32600.0,2.738368272781372,-8.838793754577637,0.3758896589279175
552,32700.0,-6.130000114440918,19.542999267578125,39.709999084472656,32700.0,0.4767803251743317,0.23090706765651706,-0.313373863697052,32700.0,1001.9299926757812,32700.0,-1.0580019950866701,-4.279003143310547,-0.08196711540222168,32700.0,4.288977146148682,-8.588035583496094,-2.005178213119507,32700.0,2.0356700420379643,-9.510966300964355,-0.4435258507728577
553,32800.0,-7.313000202178955,19.19799995422364,39.33100128173828,32800.0,1.1612548828125,0.7391469478607178,0.5626068711280823,32800.0,1002.0499877929688,32800.0,-2.351578712463379,-0.6411237716674805,0.06945839524269104,32800.0,3.213491201400757,-9.25231647491455,0.4883905947208405,32800.0,3.230975151062012,-12.86703872680664,-2.0871453285217285
554,32900.0,-8.128999710083008,20.08799934387207,37.02000045776367,32900.0,1.1612548828125,0.7391469478607178,0.5626068711280823,32900.0,1002.0499877929688,32900.0,-2.351578712463379,-0.6411237716674805,0.06945839524269104,32900.0,3.213491201400757,-9.25231647491455,0.4883905947208405,32900.0,3.230975151062012,-12.86703872680664,-2.0871453285217285
555,33000.0,-8.89799976348877,23.45499992370605,34.06800079345703,33000.0,0.6017022728919983,1.5112806558609009,1.226922869682312,33000.0,1001.9400024414064,33000.0,1.3250778913497925,0.2533798217773437,-1.3222737312316897,33000.0,0.5884878635406494,-9.56203556060791,2.095600843429565,33000.0,0.8619126081466675,-9.893440246582033,0.5578489899635315
556,33100.0,-9.234000205993652,24.60000038146973,32.22499847412109,33100.0,0.6017022728919983,1.5112806558609009,1.226922869682312,33100.0,1001.9400024414064,33100.0,1.3250778913497925,0.2533798217773437,-1.3222737312316897,33100.0,0.5884878635406494,-9.56203556060791,2.095600843429565,33100.0,0.8619126081466675,-9.893440246582033,0.5578489899635315
557,33200.0,-8.87399959564209,25.437000274658203,31.05100059509277,33200.0,0.6536257863044739,0.11423180252313615,0.7761042714118958,33200.0,1001.9400024414064,33200.0,0.6196627616882324,2.554731845855713,-0.7347750663757324,33200.0,-0.9267191290855408,-9.193853378295898,3.284001350402832,33200.0,1.913565754890442,-9.308655738830566,0.7733271718025208
558,33300.0,-7.868000030517577,25.437000274658203,29.058000564575195,33300.0,0.6536257863044739,0.11423180252313615,0.7761042714118958,33300.0,1001.9400024414064,33300.0,0.6196627616882324,2.554731845855713,-0.7347750663757324,33300.0,-0.9267191290855408,-9.193853378295898,3.284001350402832,33300.0,1.913565754890442,-9.308655738830566,0.7733271718025208
559,33400.0,-6.4679999351501465,26.17900085449219,29.382999420166016,33400.0,-0.6276640295982361,0.032070424407720566,-0.3698789179325104,33400.0,1001.8800048828124,33400.0,-1.1528732776641846,2.686173439025879,1.2051539421081543,33400.0,-0.4853592216968536,-9.51742935180664,2.3137240409851074,33400.0,-0.30705636739730835,-6.6391215324401855,2.5492262840271
560,33000.0,-8.89799976348877,23.45499992370605,34.06800079345703,33000.0,0.6017022728919983,1.5112806558609009,1.226922869682312,33000.0,1001.9400024414064,33000.0,1.3250778913497925,0.2533798217773437,-1.3222737312316897,33000.0,0.5884878635406494,-9.56203556060791,2.095600843429565,33000.0,0.8619126081466675,-9.893440246582033,0.5578489899635315
561,33100.0,-9.234000205993652,24.60000038146973,32.22499847412109,33100.0,0.6017022728919983,1.5112806558609009,1.226922869682312,33100.0,1001.9400024414064,33100.0,1.3250778913497925,0.2533798217773437,-1.3222737312316897,33100.0,0.5884878635406494,-9.56203556060791,2.095600843429565,33100.0,0.8619126081466675,-9.893440246582033,0.5578489899635315
562,33200.0,-8.87399959564209,25.437000274658203,31.05100059509277,33200.0,0.6536257863044739,0.11423180252313615,0.7761042714118958,33200.0,1001.9400024414064,33200.0,0.6196627616882324,2.554731845855713,-0.7347750663757324,33200.0,-0.9267191290855408,-9.193853378295898,3.284001350402832,33200.0,1.913565754890442,-9.308655738830566,0.7733271718025208
563,33300.0,-7.868000030517577,25.437000274658203,29.058000564575195,33300.0,0.6536257863044739,0.11423180252313615,0.7761042714118958,33300.0,1001.9400024414064,33300.0,0.6196627616882324,2.554731845855713,-0.7347750663757324,33300.0,-0.9267191290855408,-9.193853378295898,3.284001350402832,33300.0,1.913565754890442,-9.308655738830566,0.7733271718025208
564,33400.0,-6.4679999351501465,26.17900085449219,29.382999420166016,33400.0,-0.6276640295982361,0.032070424407720566,-0.3698789179325104,33400.0,1001.8800048828124,33400.0,-1.1528732776641846,2.686173439025879,1.2051539421081543,33400.0,-0.4853592216968536,-9.51742935180664,2.3137240409851074,33400.0,-0.30705636739730835,-6.6391215324401855,2.5492262840271
565,33500.0,-5.839000225067139,26.17900085449219,28.67099952697754,33500.0,-0.6276640295982361,0.032070424407720566,-0.3698789179325104,33500.0,1001.8800048828124,33500.0,-1.1528732776641846,2.686173439025879,1.2051539421081543,33500.0,-0.4853592216968536,-9.51742935180664,2.3137240409851074,33500.0,-0.30705636739730835,-6.6391215324401855,2.5492262840271
566,33600.0,-5.107999801635742,24.87100028991699,27.93099975585937,33600.0,-1.2983940839767456,-0.156686931848526,-1.0033462047576904,33600.0,1001.9500122070312,33600.0,-0.2494363784790039,-3.2217817306518555,0.907690405845642,33600.0,1.206518530845642,-9.732046127319336,0.04460333660244942,33600.0,-1.6382324695587158,-6.831255912780763,3.5188779830932617
567,33700.0,-4.764999866485597,21.489999771118164,27.21199989318848,33700.0,-0.4404338300228119,0.025961773470044136,-1.0088438987731934,33700.0,1001.9099731445312,33700.0,-2.517905712127685,-1.8525686264038088,1.391263723373413,33700.0,2.7214128971099854,-9.40197467803955,-0.6059654951095581,33700.0,0.9570821523666382,-12.953827857971193,0.9522937536239624
568,33800.0,-4.421000003814697,19.72100067138672,26.466999053955078,33800.0,-0.4404338300228119,0.025961773470044136,-1.0088438987731934,33800.0,1001.9099731445312,33800.0,-2.517905712127685,-1.8525686264038088,1.391263723373413,33800.0,2.7214128971099854,-9.40197467803955,-0.6059654951095581,33800.0,0.9570821523666382,-12.953827857971193,0.9522937536239624
569,33900.0,-3.7170000076293945,18.6200008392334,26.091999053955078,33900.0,-0.6420193910598755,-0.846659243106842,-0.4040873646736145,33900.0,1001.8900146484376,33900.0,-0.05473756790161133,1.5676436424255369,2.0670421123504643,33900.0,3.065446138381958,-9.085436820983887,-2.056268215179444,33900.0,0.20350714027881625,-11.25454330444336,0.7852981686592102
570,33500.0,-5.839000225067139,26.17900085449219,28.67099952697754,33500.0,-0.6276640295982361,0.032070424407720566,-0.3698789179325104,33500.0,1001.8800048828124,33500.0,-1.1528732776641846,2.686173439025879,1.2051539421081543,33500.0,-0.4853592216968536,-9.51742935180664,2.3137240409851074,33500.0,-0.30705636739730835,-6.6391215324401855,2.5492262840271
571,33600.0,-5.107999801635742,24.87100028991699,27.93099975585937,33600.0,-1.2983940839767456,-0.156686931848526,-1.0033462047576904,33600.0,1001.9500122070312,33600.0,-0.2494363784790039,-3.2217817306518555,0.907690405845642,33600.0,1.206518530845642,-9.732046127319336,0.04460333660244942,33600.0,-1.6382324695587158,-6.831255912780763,3.5188779830932617
572,33700.0,-4.764999866485597,21.489999771118164,27.21199989318848,33700.0,-0.4404338300228119,0.025961773470044136,-1.0088438987731934,33700.0,1001.9099731445312,33700.0,-2.517905712127685,-1.8525686264038088,1.391263723373413,33700.0,2.7214128971099854,-9.40197467803955,-0.6059654951095581,33700.0,0.9570821523666382,-12.953827857971193,0.9522937536239624
573,33800.0,-4.421000003814697,19.72100067138672,26.466999053955078,33800.0,-0.4404338300228119,0.025961773470044136,-1.0088438987731934,33800.0,1001.9099731445312,33800.0,-2.517905712127685,-1.8525686264038088,1.391263723373413,33800.0,2.7214128971099854,-9.40197467803955,-0.6059654951095581,33800.0,0.9570821523666382,-12.953827857971193,0.9522937536239624
574,33900.0,-3.7170000076293945,18.6200008392334,26.091999053955078,33900.0,-0.6420193910598755,-0.846659243106842,-0.4040873646736145,33900.0,1001.8900146484376,33900.0,-0.05473756790161133,1.5676436424255369,2.0670421123504643,33900.0,3.065446138381958,-9.085436820983887,-2.056268215179444,33900.0,0.20350714027881625,-11.25454330444336,0.7852981686592102
575,34000.0,-1.537999987602234,17.370000839233402,26.091999053955078,34000.0,-0.6420193910598755,-0.846659243106842,-0.4040873646736145,34000.0,1001.8900146484376,34000.0,-0.05473756790161133,1.5676436424255369,2.0670421123504643,34000.0,3.065446138381958,-9.085436820983887,-2.056268215179444,34000.0,0.20350714027881625,-11.25454330444336,0.7852981686592102
576,34100.0,-1.537999987602234,16.264999389648438,26.091999053955078,34100.0,-0.4639521539211273,0.4355469346046448,-0.07299839705228807,34100.0,1001.9199829101564,34100.0,-0.9047849178314208,-0.2139873504638672,1.193580150604248,34100.0,3.175685167312622,-8.940841674804688,-2.479266405105591,34100.0,3.0107085704803467,-7.51779317855835,0.010773907415568829
577,34200.0,-1.1670000553131104,14.755000114440918,26.091999053955078,34200.0,-0.4639521539211273,0.4355469346046448,-0.07299839705228807,34200.0,1001.9199829101564,34200.0,-0.9047849178314208,-0.2139873504638672,1.193580150604248,34200.0,3.175685167312622,-8.940841674804688,-2.479266405105591,34200.0,3.0107085704803467,-7.51779317855835,0.010773907415568829
578,34300.0,-1.1670000553131104,14.755000114440918,26.091999053955078,34300.0,0.3961461186408997,0.5253441333770752,-0.01160643994808197,34300.0,1001.8599853515624,34300.0,-0.2459073066711425,-3.818190574645996,-1.7415328025817869,34300.0,3.1363072395324707,-9.174543380737305,-1.4702887535095217,34300.0,2.270900249481201,-9.154829025268556,-1.2856862545013428
579,34400.0,-1.1670000553131104,14.029999732971193,25.75200080871582,34400.0,0.3961461186408997,0.5253441333770752,-0.01160643994808197,34400.0,1001.8599853515624,34400.0,-0.2459073066711425,-3.818190574645996,-1.7415328025817869,34400.0,3.1363072395324707,-9.174543380737305,-1.4702887535095217,34400.0,2.270900249481201,-9.154829025268556,-1.2856862545013428
580,34000.0,-1.537999987602234,17.370000839233402,26.091999053955078,34000.0,-0.6420193910598755,-0.846659243106842,-0.4040873646736145,34000.0,1001.8900146484376,34000.0,-0.05473756790161133,1.5676436424255369,2.0670421123504643,34000.0,3.065446138381958,-9.085436820983887,-2.056268215179444,34000.0,0.20350714027881625,-11.25454330444336,0.7852981686592102
581,34100.0,-1.537999987602234,16.264999389648438,26.091999053955078,34100.0,-0.4639521539211273,0.4355469346046448,-0.07299839705228807,34100.0,1001.9199829101564,34100.0,-0.9047849178314208,-0.2139873504638672,1.193580150604248,34100.0,3.175685167312622,-8.940841674804688,-2.479266405105591,34100.0,3.0107085704803467,-7.51779317855835,0.010773907415568829
582,34200.0,-1.1670000553131104,14.755000114440918,26.091999053955078,34200.0,-0.4639521539211273,0.4355469346046448,-0.07299839705228807,34200.0,1001.9199829101564,34200.0,-0.9047849178314208,-0.2139873504638672,1.193580150604248,34200.0,3.175685167312622,-8.940841674804688,-2.479266405105591,34200.0,3.0107085704803467,-7.51779317855835,0.010773907415568829
583,34300.0,-1.1670000553131104,14.755000114440918,26.091999053955078,34300.0,0.3961461186408997,0.5253441333770752,-0.01160643994808197,34300.0,1001.8599853515624,34300.0,-0.2459073066711425,-3.818190574645996,-1.7415328025817869,34300.0,3.1363072395324707,-9.174543380737305,-1.4702887535095217,34300.0,2.270900249481201,-9.154829025268556,-1.2856862545013428
584,34400.0,-1.1670000553131104,14.029999732971193,25.75200080871582,34400.0,0.3961461186408997,0.5253441333770752,-0.01160643994808197,34400.0,1001.8599853515624,34400.0,-0.2459073066711425,-3.818190574645996,-1.7415328025817869,34400.0,3.1363072395324707,-9.174543380737305,-1.4702887535095217,34400.0,2.270900249481201,-9.154829025268556,-1.2856862545013428
585,34500.0,-1.1670000553131104,13.722000122070312,24.98600006103516,34500.0,1.472796082496643,0.731511116027832,0.2730567753314972,34500.0,1001.8900146484376,34500.0,1.5748744010925293,-0.22224998474121094,1.2904356718063354,34500.0,2.548539638519287,-9.32702350616455,1.637673020362854,34500.0,2.890399932861328,-12.9927339553833,-3.2118215560913086
586,34600.0,-1.1670000553131104,13.722000122070312,24.15900039672852,34600.0,1.0244209766387942,0.02535090781748295,1.917505979537964,34600.0,1001.8400268554688,34600.0,3.581467628479004,0.6724014282226562,-1.7577426433563232,34600.0,-0.7838431596755981,-9.1532621383667,3.4312896728515625,34600.0,4.123414039611816,-9.549273490905762,2.928108692169189
587,34700.0,-0.8389999866485596,13.722000122070312,23.45100021362305,34700.0,1.0244209766387942,0.02535090781748295,1.917505979537964,34700.0,1001.8400268554688,34700.0,3.581467628479004,0.6724014282226562,-1.7577426433563232,34700.0,-0.7838431596755981,-9.1532621383667,3.4312896728515625,34700.0,4.123414039611816,-9.549273490905762,2.928108692169189
588,34800.0,-0.5350000262260437,13.722000122070312,23.145999908447266,34800.0,1.0244209766387942,0.02535090781748295,1.917505979537964,34800.0,1001.77001953125,34800.0,3.581467628479004,0.6724014282226562,-1.7577426433563232,34800.0,-0.7838431596755981,-9.1532621383667,3.4312896728515625,34800.0,2.7976245880126958,-8.480860710144043,1.6735470294952393
589,34900.0,-0.5350000262260437,13.722000122070312,23.145999908447266,34900.0,0.6786713004112244,-0.4612032473087311,0.9071348905563354,34900.0,1001.77001953125,34900.0,1.1130472421646118,2.927361965179444,-2.824715137481689,34900.0,-1.9971061944961548,-8.380156517028809,4.685608386993408,34900.0,2.7976245880126958,-8.480860710144043,1.6735470294952393
590,34500.0,-1.1670000553131104,13.722000122070312,24.98600006103516,34500.0,1.472796082496643,0.731511116027832,0.2730567753314972,34500.0,1001.8900146484376,34500.0,1.5748744010925293,-0.22224998474121094,1.2904356718063354,34500.0,2.548539638519287,-9.32702350616455,1.637673020362854,34500.0,2.890399932861328,-12.9927339553833,-3.2118215560913086
591,34600.0,-1.1670000553131104,13.722000122070312,24.15900039672852,34600.0,1.0244209766387942,0.02535090781748295,1.917505979537964,34600.0,1001.8400268554688,34600.0,3.581467628479004,0.6724014282226562,-1.7577426433563232,34600.0,-0.7838431596755981,-9.1532621383667,3.4312896728515625,34600.0,4.123414039611816,-9.549273490905762,2.928108692169189
592,34700.0,-0.8389999866485596,13.722000122070312,23.45100021362305,34700.0,1.0244209766387942,0.02535090781748295,1.917505979537964,34700.0,1001.8400268554688,34700.0,3.581467628479004,0.6724014282226562,-1.7577426433563232,34700.0,-0.7838431596755981,-9.1532621383667,3.4312896728515625,34700.0,4.123414039611816,-9.549273490905762,2.928108692169189
593,34800.0,-0.5350000262260437,13.722000122070312,23.145999908447266,34800.0,1.0244209766387942,0.02535090781748295,1.917505979537964,34800.0,1001.77001953125,34800.0,3.581467628479004,0.6724014282226562,-1.7577426433563232,34800.0,-0.7838431596755981,-9.1532621383667,3.4312896728515625,34800.0,2.7976245880126958,-8.480860710144043,1.6735470294952393
594,34900.0,-0.5350000262260437,13.722000122070312,23.145999908447266,34900.0,0.6786713004112244,-0.4612032473087311,0.9071348905563354,34900.0,1001.77001953125,34900.0,1.1130472421646118,2.927361965179444,-2.824715137481689,34900.0,-1.9971061944961548,-8.380156517028809,4.685608386993408,34900.0,2.7976245880126958,-8.480860710144043,1.6735470294952393
595,35000.0,-0.5350000262260437,13.319000244140625,23.85700035095215,35000.0,-0.5064072608947754,-0.19486601650714874,-0.5852088928222656,35000.0,1001.760009765625,35000.0,-4.6534199714660645,-2.566997528076172,1.8249191045761108,35000.0,2.090427160263061,-9.581181526184082,-0.03764752298593521,35000.0,-0.884058952331543,-5.452794551849365,1.8608932495117188
596,35100.0,-0.2329999953508377,11.010000228881836,23.85700035095215,35100.0,-0.5064072608947754,-0.19486601650714874,-0.5852088928222656,35100.0,1001.760009765625,35100.0,-4.6534199714660645,-2.566997528076172,1.8249191045761108,35100.0,2.090427160263061,-9.581181526184082,-0.03764752298593521,35100.0,-0.884058952331543,-5.452794551849365,1.8608932495117188
597,35200.0,0.09700000286102296,7.354000091552732,22.246999740600586,35200.0,-0.9816604256629944,0.1973094791173935,-1.1838568449020386,35200.0,1001.8400268554688,35200.0,-2.672711133956909,-0.6344108581542969,1.5568418502807615,35200.0,2.961811065673828,-9.3236722946167,-0.6835567355155945,35200.0,-2.562992811203003,-12.148179054260256,1.7872716188430786
598,35300.0,1.2319999933242798,5.125,19.60099983215332,35300.0,-0.9816604256629944,0.1973094791173935,-1.1838568449020386,35300.0,1001.8400268554688,35300.0,-2.672711133956909,-0.6344108581542969,1.5568418502807615,35300.0,2.961811065673828,-9.3236722946167,-0.6835567355155945,35300.0,-2.562992811203003,-12.148179054260256,1.7872716188430786
599,35400.0,4.064000129699707,5.48199987411499,18.149999618530273,35400.0,0.0012217304902151227,0.05864306539297104,-1.0500773191452026,35400.0,1001.8200073242188,35400.0,-2.3248577117919917,0.2156305313110352,-0.2878469228744507,35400.0,2.705535650253296,-9.381233215332033,0.918120503425598,35400.0,0.2890998423099518,-9.958083152770996,0.8732850551605225
600,35000.0,-0.5350000262260437,13.319000244140625,23.85700035095215,35000.0,-0.5064072608947754,-0.19486601650714874,-0.5852088928222656,35000.0,1001.760009765625,35000.0,-4.6534199714660645,-2.566997528076172,1.8249191045761108,35000.0,2.090427160263061,-9.581181526184082,-0.03764752298593521,35000.0,-0.884058952331543,-5.452794551849365,1.8608932495117188
601,35100.0,-0.2329999953508377,11.010000228881836,23.85700035095215,35100.0,-0.5064072608947754,-0.19486601650714874,-0.5852088928222656,35100.0,1001.760009765625,35100.0,-4.6534199714660645,-2.566997528076172,1.8249191045761108,35100.0,2.090427160263061,-9.581181526184082,-0.03764752298593521,35100.0,-0.884058952331543,-5.452794551849365,1.8608932495117188
602,35200.0,0.09700000286102296,7.354000091552732,22.246999740600586,35200.0,-0.9816604256629944,0.1973094791173935,-1.1838568449020386,35200.0,1001.8400268554688,35200.0,-2.672711133956909,-0.6344108581542969,1.5568418502807615,35200.0,2.961811065673828,-9.3236722946167,-0.6835567355155945,35200.0,-2.562992811203003,-12.148179054260256,1.7872716188430786
603,35300.0,1.2319999933242798,5.125,19.60099983215332,35300.0,-0.9816604256629944,0.1973094791173935,-1.1838568449020386,35300.0,1001.8400268554688,35300.0,-2.672711133956909,-0.6344108581542969,1.5568418502807615,35300.0,2.961811065673828,-9.3236722946167,-0.6835567355155945,35300.0,-2.562992811203003,-12.148179054260256,1.7872716188430786
604,35400.0,4.064000129699707,5.48199987411499,18.149999618530273,35400.0,0.0012217304902151227,0.05864306539297104,-1.0500773191452026,35400.0,1001.8200073242188,35400.0,-2.3248577117919917,0.2156305313110352,-0.2878469228744507,35400.0,2.705535650253296,-9.381233215332033,0.918120503425598,35400.0,0.2890998423099518,-9.958083152770996,0.8732850551605225
605,35500.0,7.743000030517577,5.485000133514403,18.149999618530273,35500.0,-0.5018258094787598,-1.341765522956848,-0.4169155359268189,35500.0,1001.8800048828124,35500.0,-0.5137988328933716,0.28955841064453125,-0.4666061103343964,35500.0,1.645657658576965,-9.655675888061523,-0.4797020852565765,35500.0,0.3806780576705933,-9.165602684020996,0.6302735805511475
606,35600.0,8.60200023651123,4.8470001220703125,17.77899932861328,35600.0,-0.5018258094787598,-1.341765522956848,-0.4169155359268189,35600.0,1001.8800048828124,35600.0,-0.5137988328933716,0.28955841064453125,-0.4666061103343964,35600.0,1.645657658576965,-9.655675888061523,-0.4797020852565765,35600.0,0.3806780576705933,-9.165602684020996,0.6302735805511475
607,35700.0,8.232999801635742,4.537000179290772,16.754999160766598,35700.0,-0.2125810980796814,0.1117883399128914,-0.3970624208450317,35700.0,1001.8200073242188,35700.0,0.8919044733047485,-1.6773424148559568,-0.4903405904769898,35700.0,1.7177754640579224,-9.650822639465332,0.2850377857685089,35700.0,1.1318588256835938,-9.366117477416992,-0.9463081955909728
608,35800.0,8.618000030517576,4.2290000915527335,16.360000610351566,35800.0,-0.2125810980796814,0.1117883399128914,-0.3970624208450317,35800.0,1001.8200073242188,35800.0,0.8919044733047485,-1.6773424148559568,-0.4903405904769898,35800.0,1.7177754640579224,-9.650822639465332,0.2850377857685089,35800.0,1.1318588256835938,-9.366117477416992,-0.9463081955909728
609,35900.0,8.946000099182129,3.5989999771118164,15.710000038146973,35900.0,1.320690631866455,0.056810468435287476,-0.09407325088977814,35900.0,1001.8800048828124,35900.0,0.9061621427536012,-0.3150596618652344,-2.2431459426879883,35900.0,1.2887221574783323,-9.268331527709961,2.933873176574707,35900.0,2.609679937362671,-11.328165054321287,-0.20530278980731964
610,35500.0,7.743000030517577,5.485000133514403,18.149999618530273,35500.0,-0.5018258094787598,-1.341765522956848,-0.4169155359268189,35500.0,1001.8800048828124,35500.0,-0.5137988328933716,0.28955841064453125,-0.4666061103343964,35500.0,1.645657658576965,-9.655675888061523,-0.4797020852565765,35500.0,0.3806780576705933,-9.165602684020996,0.6302735805511475
611,35600.0,8.60200023651123,4.8470001220703125,17.77899932861328,35600.0,-0.5018258094787598,-1.341765522956848,-0.4169155359268189,35600.0,1001.8800048828124,35600.0,-0.5137988328933716,0.28955841064453125,-0.4666061103343964,35600.0,1.645657658576965,-9.655675888061523,-0.4797020852565765,35600.0,0.3806780576705933,-9.165602684020996,0.6302735805511475
612,35700.0,8.232999801635742,4.537000179290772,16.754999160766598,35700.0,-0.2125810980796814,0.1117883399128914,-0.3970624208450317,35700.0,1001.8200073242188,35700.0,0.8919044733047485,-1.6773424148559568,-0.4903405904769898,35700.0,1.7177754640579224,-9.650822639465332,0.2850377857685089,35700.0,1.1318588256835938,-9.366117477416992,-0.9463081955909728
613,35800.0,8.618000030517576,4.2290000915527335,16.360000610351566,35800.0,-0.2125810980796814,0.1117883399128914,-0.3970624208450317,35800.0,1001.8200073242188,35800.0,0.8919044733047485,-1.6773424148559568,-0.4903405904769898,35800.0,1.7177754640579224,-9.650822639465332,0.2850377857685089,35800.0,1.1318588256835938,-9.366117477416992,-0.9463081955909728
614,35900.0,8.946000099182129,3.5989999771118164,15.710000038146973,35900.0,1.320690631866455,0.056810468435287476,-0.09407325088977814,35900.0,1001.8800048828124,35900.0,0.9061621427536012,-0.3150596618652344,-2.2431459426879883,35900.0,1.2887221574783323,-9.268331527709961,2.933873176574707,35900.0,2.609679937362671,-11.328165054321287,-0.20530278980731964
615,36000.0,8.946000099182129,3.240000009536743,15.710000038146973,36000.0,1.320690631866455,0.056810468435287476,-0.09407325088977814,36000.0,1001.8800048828124,36000.0,0.9061621427536012,-0.3150596618652344,-2.2431459426879883,36000.0,1.2887221574783323,-9.268331527709961,2.933873176574707,36000.0,2.609679937362671,-11.328165054321287,-0.20530278980731964
616,36100.0,8.946000099182129,2.9219999313354488,23.00399971008301,36100.0,0.23273965716362,-0.5784893631935121,0.4480696618556976,36100.0,1001.8300170898438,36100.0,-0.7218196392059326,-1.9284067153930664,4.398680210113525,36100.0,0.29565176367759705,-9.688858032226564,1.4862676858901978,36100.0,2.1948843002319336,-9.583391189575195,0.690727174282074
617,36200.0,2.1099998950958248,2.2330000400543213,25.72400093078613,36200.0,0.23273965716362,-0.5784893631935121,0.4480696618556976,36200.0,1001.8300170898438,36200.0,-0.7218196392059326,-1.9284067153930664,4.398680210113525,36200.0,0.29565176367759705,-9.688858032226564,1.4862676858901978,36200.0,2.1948843002319336,-9.583391189575195,0.690727174282074
618,36300.0,-2.7690000534057617,1.8240000009536743,30.625,36300.0,0.7046330571174622,-0.2742784917354584,1.484707951545715,36300.0,1001.8900146484376,36300.0,2.537703037261963,3.214061737060547,-0.636603593826294,36300.0,-1.4435529708862305,-9.379131317138672,2.4735548496246342,36300.0,-0.426167905330658,-11.617264747619627,5.884947776794434
619,36400.0,-5.059000015258789,1.8240000009536743,32.45199966430664,36400.0,-0.8848382830619812,0.08155050873756409,-0.5870414972305298,36400.0,1001.8099975585938,36400.0,0.2649279534816742,5.109617233276367,1.413923263549805,36400.0,-0.6025103926658629,-9.736412048339844,1.0048189163208008,36400.0,1.094150185585022,-6.165069580078125,1.83695125579834
620,36000.0,8.946000099182129,3.240000009536743,15.710000038146973,36000.0,1.320690631866455,0.056810468435287476,-0.09407325088977814,36000.0,1001.8800048828124,36000.0,0.9061621427536012,-0.3150596618652344,-2.2431459426879883,36000.0,1.2887221574783323,-9.268331527709961,2.933873176574707,36000.0,2.609679937362671,-11.328165054321287,-0.20530278980731964
621,36100.0,8.946000099182129,2.9219999313354488,23.00399971008301,36100.0,0.23273965716362,-0.5784893631935121,0.4480696618556976,36100.0,1001.8300170898438,36100.0,-0.7218196392059326,-1.9284067153930664,4.398680210113525,36100.0,0.29565176367759705,-9.688858032226564,1.4862676858901978,36100.0,2.1948843002319336,-9.583391189575195,0.690727174282074
622,36200.0,2.1099998950958248,2.2330000400543213,25.72400093078613,36200.0,0.23273965716362,-0.5784893631935121,0.4480696618556976,36200.0,1001.8300170898438,36200.0,-0.7218196392059326,-1.9284067153930664,4.398680210113525,36200.0,0.29565176367759705,-9.688858032226564,1.4862676858901978,36200.0,2.1948843002319336,-9.583391189575195,0.690727174282074
623,36300.0,-2.7690000534057617,1.8240000009536743,30.625,36300.0,0.7046330571174622,-0.2742784917354584,1.484707951545715,36300.0,1001.8900146484376,36300.0,2.537703037261963,3.214061737060547,-0.636603593826294,36300.0,-1.4435529708862305,-9.379131317138672,2.4735548496246342,36300.0,-0.426167905330658,-11.617264747619627,5.884947776794434
624,36400.0,-5.059000015258789,1.8240000009536743,32.45199966430664,36400.0,-0.8848382830619812,0.08155050873756409,-0.5870414972305298,36400.0,1001.8099975585938,36400.0,0.2649279534816742,5.109617233276367,1.413923263549805,36400.0,-0.6025103926658629,-9.736412048339844,1.0048189163208008,36400.0,1.094150185585022,-6.165069580078125,1.83695125579834
625,36500.0,-4.953999996185303,1.8240000009536743,32.76300048828125,36500.0,-0.8848382830619812,0.08155050873756409,-0.5870414972305298,36500.0,1001.8099975585938,36500.0,0.2649279534816742,5.109617233276367,1.413923263549805,36500.0,-0.6025103926658629,-9.736412048339844,1.0048189163208008,36500.0,1.094150185585022,-6.165069580078125,1.83695125579834
626,36600.0,-4.619999885559082,-2.4489998817443848,30.91699981689453,36600.0,-0.7666358947753906,-0.1921171247959137,-1.5030338764190674,36600.0,1001.7999877929688,36600.0,-0.6747679710388184,-1.1493797302246094,0.5582422018051147,36600.0,3.6441767215728773,-9.104387283325195,-0.0225395392626524,36600.0,-0.33758243918418884,-4.626794815063477,2.418742179870605
627,36700.0,-4.619999885559082,-6.789999961853027,29.121999740600586,36700.0,-0.7666358947753906,-0.1921171247959137,-1.5030338764190674,36700.0,1001.7999877929688,36700.0,-0.6747679710388184,-1.1493797302246094,0.5582422018051147,36700.0,3.6441767215728773,-9.104387283325195,-0.0225395392626524,36700.0,-0.33758243918418884,-4.626794815063477,2.418742179870605
628,36800.0,-0.6110000014305115,-8.628000259399414,26.72800064086914,36800.0,0.13347405195236206,0.10506882518529892,-0.9080511927604676,36800.0,1001.8400268554688,36800.0,-2.7004618644714355,-0.7937526702880859,-1.1547762155532837,36800.0,2.44128942489624,-9.375618934631348,1.5192934274673462,36800.0,2.9694087505340576,-10.253767013549805,0.535702645778656
629,36900.0,5.310999870300293,-7.559999942779541,25.88599967956543,36900.0,0.13347405195236206,0.10506882518529892,-0.9080511927604676,36900.0,1001.8400268554688,36900.0,-2.7004618644714355,-0.7937526702880859,-1.1547762155532837,36900.0,2.44128942489624,-9.375618934631348,1.5192934274673462,36900.0,2.9694087505340576,-10.253767013549805,0.535702645778656
630,36500.0,-4.953999996185303,1.8240000009536743,32.76300048828125,36500.0,-0.8848382830619812,0.08155050873756409,-0.5870414972305298,36500.0,1001.8099975585938,36500.0,0.2649279534816742,5.109617233276367,1.413923263549805,36500.0,-0.6025103926658629,-9.736412048339844,1.0048189163208008,36500.0,1.094150185585022,-6.165069580078125,1.83695125579834
631,36600.0,-4.619999885559082,-2.4489998817443848,30.91699981689453,36600.0,-0.7666358947753906,-0.1921171247959137,-1.5030338764190674,36600.0,1001.7999877929688,36600.0,-0.6747679710388184,-1.1493797302246094,0.5582422018051147,36600.0,3.6441767215728773,-9.104387283325195,-0.0225395392626524,36600.0,-0.33758243918418884,-4.626794815063477,2.418742179870605
632,36700.0,-4.619999885559082,-6.789999961853027,29.121999740600586,36700.0,-0.7666358947753906,-0.1921171247959137,-1.5030338764190674,36700.0,1001.7999877929688,36700.0,-0.6747679710388184,-1.1493797302246094,0.5582422018051147,36700.0,3.6441767215728773,-9.104387283325195,-0.0225395392626524,36700.0,-0.33758243918418884,-4.626794815063477,2.418742179870605
633,36800.0,-0.6110000014305115,-8.628000259399414,26.72800064086914,36800.0,0.13347405195236206,0.10506882518529892,-0.9080511927604676,36800.0,1001.8400268554688,36800.0,-2.7004618644714355,-0.7937526702880859,-1.1547762155532837,36800.0,2.44128942489624,-9.375618934631348,1.5192934274673462,36800.0,2.9694087505340576,-10.253767013549805,0.535702645778656
634,36900.0,5.310999870300293,-7.559999942779541,25.88599967956543,36900.0,0.13347405195236206,0.10506882518529892,-0.9080511927604676,36900.0,1001.8400268554688,36900.0,-2.7004618644714355,-0.7937526702880859,-1.1547762155532837,36900.0,2.44128942489624,-9.375618934631348,1.5192934274673462,36900.0,2.9694087505340576,-10.253767013549805,0.535702645778656
635,37000.0,7.011000156402588,-8.130999565124513,25.566999435424805,37000.0,-0.3860668241977692,-1.5351043939590454,-0.2266310006380081,37000.0,1001.8200073242188,37000.0,0.15450680255889893,0.05724430084228516,0.235228568315506,37000.0,1.5543546676635742,-9.68193531036377,0.12031038850545885,37000.0,-0.25917232036590576,-10.169371604919434,0.3645172119140625
636,37100.0,7.011000156402588,-8.885000228881836,25.163000106811523,37100.0,-0.3860668241977692,-1.5351043939590454,-0.2266310006380081,37100.0,1001.8200073242188,37100.0,0.15450680255889893,0.05724430084228516,0.235228568315506,37100.0,1.5543546676635742,-9.68193531036377,0.12031038850545885,37100.0,-0.25917232036590576,-10.169371604919434,0.3645172119140625
637,37200.0,6.576000213623048,-9.230999946594238,24.757999420166016,37200.0,-0.22968533635139465,-0.06352998316287994,-0.6056728959083557,37200.0,1001.7999877929688,37200.0,0.2339584827423096,-1.0016374588012695,-0.7698047161102295,37200.0,2.16383457183838,-9.544820785522461,0.620167076587677,37200.0,1.7088614702224731,-9.624691009521484,0.3555389642715454
638,37300.0,7.257999897003174,-9.574000358581543,24.392000198364247,37300.0,1.311833143234253,-0.3741549551486969,0.07696902006864548,37300.0,1001.9199829101564,37300.0,2.239901542663574,-2.6500768661499023,-0.4931421279907226,37300.0,1.332247614860535,-9.140169143676758,3.294358015060425,37300.0,2.3977930545806885,-10.54645824432373,-0.1496376097202301
639,37400.0,7.589000225067139,-9.923999786376953,24.392000198364247,37400.0,1.311833143234253,-0.3741549551486969,0.07696902006864548,37400.0,1001.9199829101564,37400.0,2.239901542663574,-2.6500768661499023,-0.4931421279907226,37400.0,1.332247614860535,-9.140169143676758,3.294358015060425,37400.0,2.3977930545806885,-10.54645824432373,-0.1496376097202301
640,37000.0,7.011000156402588,-8.130999565124513,25.566999435424805,37000.0,-0.3860668241977692,-1.5351043939590454,-0.2266310006380081,37000.0,1001.8200073242188,37000.0,0.15450680255889893,0.05724430084228516,0.235228568315506,37000.0,1.5543546676635742,-9.68193531036377,0.12031038850545885,37000.0,-0.25917232036590576,-10.169371604919434,0.3645172119140625
641,37100.0,7.011000156402588,-8.885000228881836,25.163000106811523,37100.0,-0.3860668241977692,-1.5351043939590454,-0.2266310006380081,37100.0,1001.8200073242188,37100.0,0.15450680255889893,0.05724430084228516,0.235228568315506,37100.0,1.5543546676635742,-9.68193531036377,0.12031038850545885,37100.0,-0.25917232036590576,-10.169371604919434,0.3645172119140625
642,37200.0,6.576000213623048,-9.230999946594238,24.757999420166016,37200.0,-0.22968533635139465,-0.06352998316287994,-0.6056728959083557,37200.0,1001.7999877929688,37200.0,0.2339584827423096,-1.0016374588012695,-0.7698047161102295,37200.0,2.16383457183838,-9.544820785522461,0.620167076587677,37200.0,1.7088614702224731,-9.624691009521484,0.3555389642715454
643,37300.0,7.257999897003174,-9.574000358581543,24.392000198364247,37300.0,1.311833143234253,-0.3741549551486969,0.07696902006864548,37300.0,1001.9199829101564,37300.0,2.239901542663574,-2.6500768661499023,-0.4931421279907226,37300.0,1.332247614860535,-9.140169143676758,3.294358015060425,37300.0,2.3977930545806885,-10.54645824432373,-0.1496376097202301
644,37400.0,7.589000225067139,-9.923999786376953,24.392000198364247,37400.0,1.311833143234253,-0.3741549551486969,0.07696902006864548,37400.0,1001.9199829101564,37400.0,2.239901542663574,-2.6500768661499023,-0.4931421279907226,37400.0,1.332247614860535,-9.140169143676758,3.294358015060425,37400.0,2.3977930545806885,-10.54645824432373,-0.1496376097202301
645,37500.0,2.0639998912811284,-2.881999969482422,34.222999572753906,37500.0,0.8097018599510193,-0.015882495790719986,1.9553796052932741,37500.0,1001.8499755859376,37500.0,3.536545753479004,-1.4582490921020508,-0.28035616874694824,37500.0,-2.053337812423706,-9.198941230773926,2.7080767154693604,37500.0,3.57214903831482,-11.79024600982666,2.8012158870697017
646,37600.0,-5.3979997634887695,2.595000028610229,38.09199905395508,37600.0,0.8097018599510193,-0.015882495790719986,1.9553796052932741,37600.0,1001.8499755859376,37600.0,3.536545753479004,-1.4582490921020508,-0.28035616874694824,37600.0,-2.053337812423706,-9.198941230773926,2.7080767154693604,37600.0,3.57214903831482,-11.79024600982666,2.8012158870697017
647,37700.0,-6.809000015258789,11.079000473022461,41.9900016784668,37700.0,1.5238033533096311,1.0445796251296997,2.184454202651977,37700.0,1001.75,37700.0,6.3029398918151855,0.9099941253662108,-2.8310375213623047,37700.0,-5.9282474517822275,-6.583055019378662,4.2059078216552725,37700.0,1.483207941055298,-10.657190322875977,2.427720546722412
648,37800.0,-3.0850000381469727,19.0939998626709,43.36999893188477,37800.0,1.5238033533096311,1.0445796251296997,2.184454202651977,37800.0,1001.75,37800.0,6.3029398918151855,0.9099941253662108,-2.8310375213623047,37800.0,-5.9282474517822275,-6.583055019378662,4.2059078216552725,37800.0,1.483207941055298,-10.657190322875977,2.427720546722412
649,37900.0,0.5759999752044678,22.183000564575195,42.53799819946289,37900.0,-0.5726861953735352,-1.0005972385406494,0.5342016816139221,37900.0,1001.6199951171876,37900.0,-4.0243544578552255,5.104084014892578,3.935929298400879,37900.0,0.020651085302233696,-9.778762817382812,0.7387493848800659,37900.0,0.3746925592422485,-5.673060894012451,1.3748703002929688
650,37500.0,2.0639998912811284,-2.881999969482422,34.222999572753906,37500.0,0.8097018599510193,-0.015882495790719986,1.9553796052932741,37500.0,1001.8499755859376,37500.0,3.536545753479004,-1.4582490921020508,-0.28035616874694824,37500.0,-2.053337812423706,-9.198941230773926,2.7080767154693604,37500.0,3.57214903831482,-11.79024600982666,2.8012158870697017
651,37600.0,-5.3979997634887695,2.595000028610229,38.09199905395508,37600.0,0.8097018599510193,-0.015882495790719986,1.9553796052932741,37600.0,1001.8499755859376,37600.0,3.536545753479004,-1.4582490921020508,-0.28035616874694824,37600.0,-2.053337812423706,-9.198941230773926,2.7080767154693604,37600.0,3.57214903831482,-11.79024600982666,2.8012158870697017
652,37700.0,-6.809000015258789,11.079000473022461,41.9900016784668,37700.0,1.5238033533096311,1.0445796251296997,2.184454202651977,37700.0,1001.75,37700.0,6.3029398918151855,0.9099941253662108,-2.8310375213623047,37700.0,-5.9282474517822275,-6.583055019378662,4.2059078216552725,37700.0,1.483207941055298,-10.657190322875977,2.427720546722412
653,37800.0,-3.0850000381469727,19.0939998626709,43.36999893188477,37800.0,1.5238033533096311,1.0445796251296997,2.184454202651977,37800.0,1001.75,37800.0,6.3029398918151855,0.9099941253662108,-2.8310375213623047,37800.0,-5.9282474517822275,-6.583055019378662,4.2059078216552725,37800.0,1.483207941055298,-10.657190322875977,2.427720546722412
654,37900.0,0.5759999752044678,22.183000564575195,42.53799819946289,37900.0,-0.5726861953735352,-1.0005972385406494,0.5342016816139221,37900.0,1001.6199951171876,37900.0,-4.0243544578552255,5.104084014892578,3.935929298400879,37900.0,0.020651085302233696,-9.778762817382812,0.7387493848800659,37900.0,0.3746925592422485,-5.673060894012451,1.3748703002929688
655,38000.0,3.75,20.950000762939453,42.53799819946289,38000.0,-0.5726861953735352,-1.0005972385406494,0.5342016816139221,38000.0,1001.6199951171876,38000.0,-4.0243544578552255,5.104084014892578,3.935929298400879,38000.0,0.020651085302233696,-9.778762817382812,0.7387493848800659,38000.0,0.3746925592422485,-5.673060894012451,1.3748703002929688
656,38100.0,8.887999534606934,19.733999252319336,42.87699890136719,38100.0,-1.1575896739959717,-0.5057964324951172,-0.8509352803230286,38100.0,1001.72998046875,38100.0,-10.283387184143066,-9.97174072265625,8.085417747497559,38100.0,1.3159046173095703,-9.636770248413086,-1.2535635232925415,38100.0,-4.003703594207764,-4.6746788024902335,4.6746788024902335
657,38200.0,11.232999801635742,20.783000946044922,42.474998474121094,38200.0,-0.9593638777732848,-1.0225883722305298,-0.7492262125015259,38200.0,1001.8200073242188,38200.0,-10.283387184143066,-9.97174072265625,8.085417747497559,38200.0,1.3159046173095703,-9.636770248413086,-1.2535635232925415,38200.0,-8.967482566833496,-19.608510971069336,6.8318543434143075
658,38300.0,7.710000038146973,16.705999374389652,41.85599899291992,38300.0,-0.9593638777732848,-1.0225883722305298,-0.7492262125015259,38300.0,1001.8200073242188,38300.0,-1.3865549564361572,1.0081663131713867,-0.4688792526721954,38300.0,1.1650912761688232,-9.73563003540039,0.174392431974411,38300.0,-8.967482566833496,-19.608510971069336,6.8318543434143075
659,38400.0,9.630999565124512,15.83199977874756,41.50500106811523,38400.0,0.6918048858642578,0.6612616181373596,-0.7535023093223572,38400.0,1001.8400268554688,38400.0,-1.3758409023284912,0.8164196014404297,-2.0759572982788086,38400.0,0.6312441825866699,-9.286506652832033,3.087507486343384,38400.0,-0.2214636504650116,-8.727463722229004,-0.2944868206977844
660,38000.0,3.75,20.950000762939453,42.53799819946289,38000.0,-0.5726861953735352,-1.0005972385406494,0.5342016816139221,38000.0,1001.6199951171876,38000.0,-4.0243544578552255,5.104084014892578,3.935929298400879,38000.0,0.020651085302233696,-9.778762817382812,0.7387493848800659,38000.0,0.3746925592422485,-5.673060894012451,1.3748703002929688
661,38100.0,8.887999534606934,19.733999252319336,42.87699890136719,38100.0,-1.1575896739959717,-0.5057964324951172,-0.8509352803230286,38100.0,1001.72998046875,38100.0,-10.283387184143066,-9.97174072265625,8.085417747497559,38100.0,1.3159046173095703,-9.636770248413086,-1.2535635232925415,38100.0,-4.003703594207764,-4.6746788024902335,4.6746788024902335
662,38200.0,11.232999801635742,20.783000946044922,42.474998474121094,38200.0,-0.9593638777732848,-1.0225883722305298,-0.7492262125015259,38200.0,1001.8200073242188,38200.0,-10.283387184143066,-9.97174072265625,8.085417747497559,38200.0,1.3159046173095703,-9.636770248413086,-1.2535635232925415,38200.0,-8.967482566833496,-19.608510971069336,6.8318543434143075
663,38300.0,7.710000038146973,16.705999374389652,41.85599899291992,38300.0,-0.9593638777732848,-1.0225883722305298,-0.7492262125015259,38300.0,1001.8200073242188,38300.0,-1.3865549564361572,1.0081663131713867,-0.4688792526721954,38300.0,1.1650912761688232,-9.73563003540039,0.174392431974411,38300.0,-8.967482566833496,-19.608510971069336,6.8318543434143075
664,38400.0,9.630999565124512,15.83199977874756,41.50500106811523,38400.0,0.6918048858642578,0.6612616181373596,-0.7535023093223572,38400.0,1001.8400268554688,38400.0,-1.3758409023284912,0.8164196014404297,-2.0759572982788086,38400.0,0.6312441825866699,-9.286506652832033,3.087507486343384,38400.0,-0.2214636504650116,-8.727463722229004,-0.2944868206977844
665,38500.0,17.854999542236328,19.833999633789066,37.16400146484375,38500.0,0.6918048858642578,0.6612616181373596,-0.7535023093223572,38500.0,1001.8400268554688,38500.0,-1.3758409023284912,0.8164196014404297,-2.0759572982788086,38500.0,0.6312441825866699,-9.286506652832033,3.087507486343384,38500.0,-0.2214636504650116,-8.727463722229004,-0.2944868206977844
666,38600.0,24.136999130249023,21.44700050354004,30.586000442504893,38600.0,0.1362229436635971,-3.3139438629150386,0.09712757170200348,38600.0,1001.780029296875,38600.0,0.5196858644485474,0.5158157348632812,-2.756354570388794,38600.0,0.5451353788375854,-9.641315460205078,1.7082927227020264,38600.0,-0.7445967197418213,-8.470087051391603,1.0115501880645752
667,38700.0,26.76499938964844,23.391000747680664,26.25399971008301,38700.0,0.1362229436635971,-3.3139438629150386,0.09712757170200348,38700.0,1001.780029296875,38700.0,0.5196858644485474,0.5158157348632812,-2.756354570388794,38700.0,0.5451353788375854,-9.641315460205078,1.7082927227020264,38700.0,-0.7445967197418213,-8.470087051391603,1.0115501880645752
668,38800.0,29.32200050354004,27.06399917602539,19.506000518798828,38800.0,2.9498682022094727,-1.1004737615585327,0.6649268269538879,38800.0,1001.7999877929688,38800.0,0.17839813232421875,-4.0860939025878915,-5.876526832580566,38800.0,-0.5524921417236328,-7.6802101135253915,6.0728511810302725,38800.0,1.0648212432861328,-9.125499725341797,-1.0480618476867676
669,38900.0,31.368999481201172,27.915000915527344,9.64900016784668,38900.0,2.9498682022094727,-1.1004737615585327,0.6649268269538879,38900.0,1001.7999877929688,38900.0,0.17839813232421875,-4.0860939025878915,-5.876526832580566,38900.0,-0.5524921417236328,-7.6802101135253915,6.0728511810302725,38900.0,1.0648212432861328,-9.125499725341797,-1.0480618476867676
670,38500.0,17.854999542236328,19.833999633789066,37.16400146484375,38500.0,0.6918048858642578,0.6612616181373596,-0.7535023093223572,38500.0,1001.8400268554688,38500.0,-1.3758409023284912,0.8164196014404297,-2.0759572982788086,38500.0,0.6312441825866699,-9.286506652832033,3.087507486343384,38500.0,-0.2214636504650116,-8.727463722229004,-0.2944868206977844
671,38600.0,24.136999130249023,21.44700050354004,30.586000442504893,38600.0,0.1362229436635971,-3.3139438629150386,0.09712757170200348,38600.0,1001.780029296875,38600.0,0.5196858644485474,0.5158157348632812,-2.756354570388794,38600.0,0.5451353788375854,-9.641315460205078,1.7082927227020264,38600.0,-0.7445967197418213,-8.470087051391603,1.0115501880645752
672,38700.0,26.76499938964844,23.391000747680664,26.25399971008301,38700.0,0.1362229436635971,-3.3139438629150386,0.09712757170200348,38700.0,1001.780029296875,38700.0,0.5196858644485474,0.5158157348632812,-2.756354570388794,38700.0,0.5451353788375854,-9.641315460205078,1.7082927227020264,38700.0,-0.7445967197418213,-8.470087051391603,1.0115501880645752
673,38800.0,29.32200050354004,27.06399917602539,19.506000518798828,38800.0,2.9498682022094727,-1.1004737615585327,0.6649268269538879,38800.0,1001.7999877929688,38800.0,0.17839813232421875,-4.0860939025878915,-5.876526832580566,38800.0,-0.5524921417236328,-7.6802101135253915,6.0728511810302725,38800.0,1.0648212432861328,-9.125499725341797,-1.0480618476867676
674,38900.0,31.368999481201172,27.915000915527344,9.64900016784668,38900.0,2.9498682022094727,-1.1004737615585327,0.6649268269538879,38900.0,1001.7999877929688,38900.0,0.17839813232421875,-4.0860939025878915,-5.876526832580566,38900.0,-0.5524921417236328,-7.6802101135253915,6.0728511810302725,38900.0,1.0648212432861328,-9.125499725341797,-1.0480618476867676
675,39000.0,33.22999954223633,21.548999786376953,0.9929999709129332,39000.0,1.2666290998458862,-3.4636058807373047,3.1395418643951416,39000.0,1001.75,39000.0,10.439481735229492,-5.442229270935059,-7.893648147583008,39000.0,-3.3005709648132324,-8.399249076843263,3.837870597839357,39000.0,-0.3740940093994141,-11.76630401611328,0.19632454216480247
676,39100.0,31.45100021362305,10.13700008392334,-4.5920000076293945,39100.0,1.2971723079681396,-0.1771509200334549,2.199114799499512,39100.0,1001.72998046875,39100.0,6.461719512939452,4.110778331756592,-2.2052786350250244,39100.0,-2.841686725616455,-8.85010051727295,3.12584924697876,39100.0,7.13891077041626,-13.84147834777832,-4.0557775497436515
677,39200.0,22.4379997253418,-1.0420000553131104,-10.07800006866455,39200.0,1.2971723079681396,-0.1771509200334549,2.199114799499512,39200.0,1001.72998046875,39200.0,6.461719512939452,4.110778331756592,-2.2052786350250244,39200.0,-2.841686725616455,-8.85010051727295,3.12584924697876,39200.0,7.13891077041626,-13.84147834777832,-4.0557775497436515
678,39300.0,13.229000091552734,-6.747000217437744,-11.378000259399414,39300.0,-0.769079327583313,-2.758362054824829,0.9492846131324768,39300.0,1001.6699829101564,39300.0,-3.5840935707092285,0.6889467239379883,8.314291000366211,39300.0,-0.8972534537315369,-9.75100040435791,0.5322843194007874,39300.0,3.6200330257415767,-4.7393221855163565,0.9205705523490906
679,39400.0,5.683000087738037,-8.180999755859375,-14.19200038909912,39400.0,-0.769079327583313,-2.758362054824829,0.9492846131324768,39400.0,1001.6699829101564,39400.0,-3.5840935707092285,0.6889467239379883,8.314291000366211,39400.0,-0.8972534537315369,-9.75100040435791,0.5322843194007874,39400.0,3.6200330257415767,-4.7393221855163565,0.9205705523490906
680,39000.0,33.22999954223633,21.548999786376953,0.9929999709129332,39000.0,1.2666290998458862,-3.4636058807373047,3.1395418643951416,39000.0,1001.75,39000.0,10.439481735229492,-5.442229270935059,-7.893648147583008,39000.0,-3.3005709648132324,-8.399249076843263,3.837870597839357,39000.0,-0.3740940093994141,-11.76630401611328,0.19632454216480247
681,39100.0,31.45100021362305,10.13700008392334,-4.5920000076293945,39100.0,1.2971723079681396,-0.1771509200334549,2.199114799499512,39100.0,1001.72998046875,39100.0,6.461719512939452,4.110778331756592,-2.2052786350250244,39100.0,-2.841686725616455,-8.85010051727295,3.12584924697876,39100.0,7.13891077041626,-13.84147834777832,-4.0557775497436515
682,39200.0,22.4379997253418,-1.0420000553131104,-10.07800006866455,39200.0,1.2971723079681396,-0.1771509200334549,2.199114799499512,39200.0,1001.72998046875,39200.0,6.461719512939452,4.110778331756592,-2.2052786350250244,39200.0,-2.841686725616455,-8.85010051727295,3.12584924697876,39200.0,7.13891077041626,-13.84147834777832,-4.0557775497436515
683,39300.0,13.229000091552734,-6.747000217437744,-11.378000259399414,39300.0,-0.769079327583313,-2.758362054824829,0.9492846131324768,39300.0,1001.6699829101564,39300.0,-3.5840935707092285,0.6889467239379883,8.314291000366211,39300.0,-0.8972534537315369,-9.75100040435791,0.5322843194007874,39300.0,3.6200330257415767,-4.7393221855163565,0.9205705523490906
684,39400.0,5.683000087738037,-8.180999755859375,-14.19200038909912,39400.0,-0.769079327583313,-2.758362054824829,0.9492846131324768,39400.0,1001.6699829101564,39400.0,-3.5840935707092285,0.6889467239379883,8.314291000366211,39400.0,-0.8972534537315369,-9.75100040435791,0.5322843194007874,39400.0,3.6200330257415767,-4.7393221855163565,0.9205705523490906
685,39500.0,-4.019999980926514,-11.439000129699707,-13.730999946594238,39500.0,-3.57234001159668,-1.1206322908401491,-0.3210096955299377,39500.0,1001.7899780273438,39500.0,2.467369079589844,-11.27979850769043,5.434149265289307,39500.0,-0.9931394457817078,-8.328712463378906,-5.081004619598389,39500.0,-4.48134708404541,-9.062053680419922,8.846575736999512
686,39600.0,-1.937000036239624,-8.218999862670897,-21.548999786376953,39600.0,-3.57234001159668,-1.1206322908401491,-0.3210096955299377,39600.0,1001.7899780273438,39600.0,2.467369079589844,-11.27979850769043,5.434149265289307,39600.0,-0.9931394457817078,-8.328712463378906,-5.081004619598389,39600.0,-4.48134708404541,-9.062053680419922,8.846575736999512
687,39700.0,-0.2240000069141388,-2.3050000667572017,-27.660999298095703,39700.0,-1.2611312866210938,3.4257323741912837,-2.734538316726685,39700.0,1001.7000122070312,39700.0,-2.856128692626953,-3.5169782638549805,1.432440996170044,39700.0,4.208852767944337,-8.816153526306152,0.8552186489105225,39700.0,1.4742296934127808,-19.608510971069336,0.3531447649002075
688,39800.0,0.7289999723434448,2.9140000343322754,-30.76099967956543,39800.0,-1.2611312866210938,3.4257323741912837,-2.734538316726685,39800.0,1001.7000122070312,39800.0,-2.856128692626953,-3.5169782638549805,1.432440996170044,39800.0,4.208852767944337,-8.816153526306152,0.8552186489105225,39800.0,1.4742296934127808,-19.608510971069336,0.3531447649002075
689,39900.0,1.7860000133514404,5.175000190734863,-31.17600059509277,39900.0,0.08307767659425735,-0.6704245805740356,-0.6988298296928406,39900.0,1001.77001953125,39900.0,-1.9876298904418943,-0.5978336334228516,-3.080762386322021,39900.0,1.6159300804138184,-9.593684196472168,1.2330372333526611,39900.0,1.3527239561080933,-12.333131790161133,2.2876596450805664
690,39500.0,-4.019999980926514,-11.439000129699707,-13.730999946594238,39500.0,-3.57234001159668,-1.1206322908401491,-0.3210096955299377,39500.0,1001.7899780273438,39500.0,2.467369079589844,-11.27979850769043,5.434149265289307,39500.0,-0.9931394457817078,-8.328712463378906,-5.081004619598389,39500.0,-4.48134708404541,-9.062053680419922,8.846575736999512
691,39600.0,-1.937000036239624,-8.218999862670897,-21.548999786376953,39600.0,-3.57234001159668,-1.1206322908401491,-0.3210096955299377,39600.0,1001.7899780273438,39600.0,2.467369079589844,-11.27979850769043,5.434149265289307,39600.0,-0.9931394457817078,-8.328712463378906,-5.081004619598389,39600.0,-4.48134708404541,-9.062053680419922,8.846575736999512
692,39700.0,-0.2240000069141388,-2.3050000667572017,-27.660999298095703,39700.0,-1.2611312866210938,3.4257323741912837,-2.734538316726685,39700.0,1001.7000122070312,39700.0,-2.856128692626953,-3.5169782638549805,1.432440996170044,39700.0,4.208852767944337,-8.816153526306152,0.8552186489105225,39700.0,1.4742296934127808,-19.608510971069336,0.3531447649002075
693,39800.0,0.7289999723434448,2.9140000343322754,-30.76099967956543,39800.0,-1.2611312866210938,3.4257323741912837,-2.734538316726685,39800.0,1001.7000122070312,39800.0,-2.856128692626953,-3.5169782638549805,1.432440996170044,39800.0,4.208852767944337,-8.816153526306152,0.8552186489105225,39800.0,1.4742296934127808,-19.608510971069336,0.3531447649002075
694,39900.0,1.7860000133514404,5.175000190734863,-31.17600059509277,39900.0,0.08307767659425735,-0.6704245805740356,-0.6988298296928406,39900.0,1001.77001953125,39900.0,-1.9876298904418943,-0.5978336334228516,-3.080762386322021,39900.0,1.6159300804138184,-9.593684196472168,1.2330372333526611,39900.0,1.3527239561080933,-12.333131790161133,2.2876596450805664
695,40000.0,4.692999839782715,7.189000129699707,-32.251998901367195,40000.0,0.08307767659425735,-0.6704245805740356,-0.6988298296928406,40000.0,1001.7999877929688,40000.0,-1.9876298904418943,-0.5978336334228516,-3.080762386322021,40000.0,1.6159300804138184,-9.593684196472168,1.2330372333526611,40000.0,-0.37169981002807617,-10.19151782989502,-1.8477251529693604
696,40100.0,8.085000038146973,7.591000080108643,-31.87700080871582,40100.0,0.03695734590291977,0.0006108652451075612,-0.2357939779758453,40100.0,1001.7999877929688,40100.0,1.6827189922332764,-3.0445470809936523,-2.5553317070007324,40100.0,0.8623172640800476,-9.715949058532717,1.0134656429290771,40100.0,-0.37169981002807617,-10.19151782989502,-1.8477251529693604
697,40200.0,11.121999740600586,6.508999824523926,-32.540000915527344,40200.0,1.1646145582199097,1.0204503536224363,1.1936306953430176,40200.0,1001.760009765625,40200.0,5.123426914215088,-0.5552873611450195,-3.683067321777344,40200.0,-1.6488417387008667,-9.280692100524902,2.705634355545044,40200.0,2.5450363159179688,-12.760496139526367,-1.5418659448623655
698,40300.0,15.355999946594238,0.5460000038146973,-32.84299850463867,40300.0,1.1646145582199097,1.0204503536224363,1.1936306953430176,40300.0,1001.760009765625,40300.0,5.123426914215088,-0.5552873611450195,-3.683067321777344,40300.0,-1.6488417387008667,-9.280692100524902,2.705634355545044,40300.0,2.5450363159179688,-12.760496139526367,-1.5418659448623655
699,40400.0,15.355999946594238,-5.620999813079834,-31.71199989318848,40400.0,1.336878538131714,2.4410176277160645,0.9443976879119872,40400.0,1001.6500244140624,40400.0,4.674525737762451,1.7488007545471191,-1.0929062366485596,40400.0,-1.4938287734985352,-9.19177532196045,3.074108123779297,40400.0,3.4745852947235107,-9.835979461669922,-0.9774328470230104
700,40000.0,4.692999839782715,7.189000129699707,-32.251998901367195,40000.0,0.08307767659425735,-0.6704245805740356,-0.6988298296928406,40000.0,1001.7999877929688,40000.0,-1.9876298904418943,-0.5978336334228516,-3.080762386322021,40000.0,1.6159300804138184,-9.593684196472168,1.2330372333526611,40000.0,-0.37169981002807617,-10.19151782989502,-1.8477251529693604
701,40100.0,8.085000038146973,7.591000080108643,-31.87700080871582,40100.0,0.03695734590291977,0.0006108652451075612,-0.2357939779758453,40100.0,1001.7999877929688,40100.0,1.6827189922332764,-3.0445470809936523,-2.5553317070007324,40100.0,0.8623172640800476,-9.715949058532717,1.0134656429290771,40100.0,-0.37169981002807617,-10.19151782989502,-1.8477251529693604
702,40200.0,11.121999740600586,6.508999824523926,-32.540000915527344,40200.0,1.1646145582199097,1.0204503536224363,1.1936306953430176,40200.0,1001.760009765625,40200.0,5.123426914215088,-0.5552873611450195,-3.683067321777344,40200.0,-1.6488417387008667,-9.280692100524902,2.705634355545044,40200.0,2.5450363159179688,-12.760496139526367,-1.5418659448623655
703,40300.0,15.355999946594238,0.5460000038146973,-32.84299850463867,40300.0,1.1646145582199097,1.0204503536224363,1.1936306953430176,40300.0,1001.760009765625,40300.0,5.123426914215088,-0.5552873611450195,-3.683067321777344,40300.0,-1.6488417387008667,-9.280692100524902,2.705634355545044,40300.0,2.5450363159179688,-12.760496139526367,-1.5418659448623655
704,40400.0,15.355999946594238,-5.620999813079834,-31.71199989318848,40400.0,1.336878538131714,2.4410176277160645,0.9443976879119872,40400.0,1001.6500244140624,40400.0,4.674525737762451,1.7488007545471191,-1.0929062366485596,40400.0,-1.4938287734985352,-9.19177532196045,3.074108123779297,40400.0,3.4745852947235107,-9.835979461669922,-0.9774328470230104
705,40500.0,14.076000213623047,-12.109000205993652,-28.43600082397461,40500.0,1.336878538131714,2.4410176277160645,0.9443976879119872,40500.0,1001.6500244140624,40500.0,4.674525737762451,1.7488007545471191,-1.0929062366485596,40500.0,-1.4938287734985352,-9.19177532196045,3.074108123779297,40500.0,3.4745852947235107,-9.835979461669922,-0.9774328470230104
706,40600.0,13.706000328063965,-14.758999824523926,-25.62400054931641,40600.0,0.030848694965243336,0.2828305959701538,-0.14538592100143433,40600.0,1001.7000122070312,40600.0,-3.794189453125,4.097733020782472,1.970645546913147,40600.0,0.7756995558738708,-9.692383766174316,1.275293469429016,40600.0,3.180696964263916,-7.44297456741333,1.9812018871307373
707,40700.0,12.991999626159668,-14.288999557495115,-26.1560001373291,40700.0,0.030848694965243336,0.2828305959701538,-0.14538592100143433,40700.0,1001.7000122070312,40700.0,-3.794189453125,4.097733020782472,1.970645546913147,40700.0,0.7756995558738708,-9.692383766174316,1.275293469429016,40700.0,3.180696964263916,-7.44297456741333,1.9812018871307373
708,40800.0,13.98900032043457,-9.585000038146973,-28.3439998626709,40800.0,-0.7806857824325562,-0.2968805134296417,-0.7082982659339905,40800.0,1001.6900024414064,40800.0,-1.8202776908874512,1.9510297775268561,2.849075555801392,40800.0,1.77059805393219,-9.645395278930664,-0.04127543047070503,40800.0,-3.0184898376464844,-5.594650745391847,3.245939016342163
709,40900.0,14.347000122070312,-4.4079999923706055,-31.3439998626709,40900.0,-0.7806857824325562,-0.2968805134296417,-0.7082982659339905,40900.0,1001.72998046875,40900.0,-1.8202776908874512,1.9510297775268561,2.849075555801392,40900.0,1.77059805393219,-9.645395278930664,-0.04127543047070503,40900.0,-3.0184898376464844,-5.594650745391847,3.245939016342163
710,40500.0,14.076000213623047,-12.109000205993652,-28.43600082397461,40500.0,1.336878538131714,2.4410176277160645,0.9443976879119872,40500.0,1001.6500244140624,40500.0,4.674525737762451,1.7488007545471191,-1.0929062366485596,40500.0,-1.4938287734985352,-9.19177532196045,3.074108123779297,40500.0,3.4745852947235107,-9.835979461669922,-0.9774328470230104
711,40600.0,13.706000328063965,-14.758999824523926,-25.62400054931641,40600.0,0.030848694965243336,0.2828305959701538,-0.14538592100143433,40600.0,1001.7000122070312,40600.0,-3.794189453125,4.097733020782472,1.970645546913147,40600.0,0.7756995558738708,-9.692383766174316,1.275293469429016,40600.0,3.180696964263916,-7.44297456741333,1.9812018871307373
712,40700.0,12.991999626159668,-14.288999557495115,-26.1560001373291,40700.0,0.030848694965243336,0.2828305959701538,-0.14538592100143433,40700.0,1001.7000122070312,40700.0,-3.794189453125,4.097733020782472,1.970645546913147,40700.0,0.7756995558738708,-9.692383766174316,1.275293469429016,40700.0,3.180696964263916,-7.44297456741333,1.9812018871307373
713,40800.0,13.98900032043457,-9.585000038146973,-28.3439998626709,40800.0,-0.7806857824325562,-0.2968805134296417,-0.7082982659339905,40800.0,1001.6900024414064,40800.0,-1.8202776908874512,1.9510297775268561,2.849075555801392,40800.0,1.77059805393219,-9.645395278930664,-0.04127543047070503,40800.0,-3.0184898376464844,-5.594650745391847,3.245939016342163
714,40900.0,14.347000122070312,-4.4079999923706055,-31.3439998626709,40900.0,-0.7806857824325562,-0.2968805134296417,-0.7082982659339905,40900.0,1001.72998046875,40900.0,-1.8202776908874512,1.9510297775268561,2.849075555801392,40900.0,1.77059805393219,-9.645395278930664,-0.04127543047070503,40900.0,-3.0184898376464844,-5.594650745391847,3.245939016342163
715,41000.0,14.722999572753904,0.14399999380111694,-32.73300170898437,41000.0,-0.303600013256073,-0.2290744632482529,-1.236696720123291,41000.0,1001.72998046875,41000.0,0.22689151763916016,0.24350261688232425,-1.2315385341644287,41000.0,2.952009677886963,-9.3342866897583,0.5719359517097473,41000.0,-0.04967968538403511,-7.694365501403809,2.807800054550171
716,41100.0,14.722999572753904,2.7950000762939453,-34.79399871826172,41100.0,-0.6505714654922485,-0.6029239892959595,-0.13927727937698364,41100.0,1001.7100219726564,41100.0,0.7102837562561035,1.591665744781494,1.160131573677063,41100.0,3.067167997360228,-9.282440185546877,-0.7740665674209595,41100.0,3.178901195526123,-9.090784072875977,-0.6596025824546814
717,41200.0,14.06700038909912,5.7810001373291025,-34.69300079345703,41200.0,-0.6505714654922485,-0.6029239892959595,-0.13927727937698364,41200.0,1001.7100219726564,41200.0,0.7102837562561035,1.591665744781494,1.160131573677063,41200.0,3.067167997360228,-9.282440185546877,-0.7740665674209595,41200.0,3.178901195526123,-9.090784072875977,-0.6596025824546814
718,41300.0,12.538999557495115,7.360000133514402,-35.06999969482422,41300.0,0.06902777403593062,-0.626747727394104,-0.2461786866188049,41300.0,1001.6599731445312,41300.0,-1.5831862688064575,-1.2401876449584959,-0.17184942960739136,41300.0,3.132234811782837,-9.24282455444336,-0.9641992449760436,41300.0,3.777451753616333,-7.690774440765381,0.3860650360584259
719,41400.0,12.538999557495115,7.46999979019165,-35.380001068115234,41400.0,0.06902777403593062,-0.626747727394104,-0.2461786866188049,41400.0,1001.6599731445312,41400.0,-1.5831862688064575,-1.2401876449584959,-0.17184942960739136,41400.0,3.132234811782837,-9.24282455444336,-0.9641992449760436,41400.0,3.777451753616333,-7.690774440765381,0.3860650360584259
720,41000.0,14.722999572753904,0.14399999380111694,-32.73300170898437,41000.0,-0.303600013256073,-0.2290744632482529,-1.236696720123291,41000.0,1001.72998046875,41000.0,0.22689151763916016,0.24350261688232425,-1.2315385341644287,41000.0,2.952009677886963,-9.3342866897583,0.5719359517097473,41000.0,-0.04967968538403511,-7.694365501403809,2.807800054550171
721,41100.0,14.722999572753904,2.7950000762939453,-34.79399871826172,41100.0,-0.6505714654922485,-0.6029239892959595,-0.13927727937698364,41100.0,1001.7100219726564,41100.0,0.7102837562561035,1.591665744781494,1.160131573677063,41100.0,3.067167997360228,-9.282440185546877,-0.7740665674209595,41100.0,3.178901195526123,-9.090784072875977,-0.6596025824546814
722,41200.0,14.06700038909912,5.7810001373291025,-34.69300079345703,41200.0,-0.6505714654922485,-0.6029239892959595,-0.13927727937698364,41200.0,1001.7100219726564,41200.0,0.7102837562561035,1.591665744781494,1.160131573677063,41200.0,3.067167997360228,-9.282440185546877,-0.7740665674209595,41200.0,3.178901195526123,-9.090784072875977,-0.6596025824546814
723,41300.0,12.538999557495115,7.360000133514402,-35.06999969482422,41300.0,0.06902777403593062,-0.626747727394104,-0.2461786866188049,41300.0,1001.6599731445312,41300.0,-1.5831862688064575,-1.2401876449584959,-0.17184942960739136,41300.0,3.132234811782837,-9.24282455444336,-0.9641992449760436,41300.0,3.777451753616333,-7.690774440765381,0.3860650360584259
724,41400.0,12.538999557495115,7.46999979019165,-35.380001068115234,41400.0,0.06902777403593062,-0.626747727394104,-0.2461786866188049,41400.0,1001.6599731445312,41400.0,-1.5831862688064575,-1.2401876449584959,-0.17184942960739136,41400.0,3.132234811782837,-9.24282455444336,-0.9641992449760436,41400.0,3.777451753616333,-7.690774440765381,0.3860650360584259
725,41500.0,12.538999557495115,7.46999979019165,-35.79800033569336,41500.0,0.3439171314239502,0.1719585657119751,-0.08643743395805359,41500.0,1001.7000122070312,41500.0,0.2777600288391113,-1.42950439453125,-1.0106225013732908,41500.0,3.127393245697021,-9.291730880737305,-0.2313695549964905,41500.0,1.5490485429763794,-10.483012199401855,-1.136048674583435
726,41600.0,12.204999923706055,7.855999946594237,-36.117000579833984,41600.0,0.3439171314239502,0.1719585657119751,-0.08643743395805359,41600.0,1001.7000122070312,41600.0,0.2777600288391113,-1.42950439453125,-1.0106225013732908,41600.0,3.127393245697021,-9.291730880737305,-0.2313695549964905,41600.0,1.5490485429763794,-10.483012199401855,-1.136048674583435
727,41700.0,12.616999626159668,4.3359999656677255,-35.72200012207031,41700.0,1.0626001358032229,0.05619960278272629,1.1982121467590332,41700.0,1001.739990234375,41700.0,0.8873949646949768,0.2232656478881836,-3.711979389190674,41700.0,0.840021550655365,-9.638463973999023,1.6014906167984009,41700.0,3.4051532745361333,-10.721235275268556,-1.2419921159744265
728,41800.0,12.935999870300293,-2.378000020980835,-30.80500030517578,41800.0,0.8891143798828125,1.0430524349212646,1.5897767543792725,41800.0,1001.739990234375,41800.0,5.011800765991211,1.7061753273010254,-0.9735445976257324,41800.0,-2.318324089050293,-9.019264221191406,3.07385802268982,41800.0,3.4051532745361333,-10.721235275268556,-1.2419921159744265
729,41900.0,12.935999870300293,-6.497000217437744,-26.457000732421875,41900.0,0.8891143798828125,1.0430524349212646,1.5897767543792725,41900.0,1001.6500244140624,41900.0,5.011800765991211,1.7061753273010254,-0.9735445976257324,41900.0,-2.318324089050293,-9.019264221191406,3.07385802268982,41900.0,1.7274165153503418,-9.41519832611084,-2.1104888916015625
730,41500.0,12.538999557495115,7.46999979019165,-35.79800033569336,41500.0,0.3439171314239502,0.1719585657119751,-0.08643743395805359,41500.0,1001.7000122070312,41500.0,0.2777600288391113,-1.42950439453125,-1.0106225013732908,41500.0,3.127393245697021,-9.291730880737305,-0.2313695549964905,41500.0,1.5490485429763794,-10.483012199401855,-1.136048674583435
731,41600.0,12.204999923706055,7.855999946594237,-36.117000579833984,41600.0,0.3439171314239502,0.1719585657119751,-0.08643743395805359,41600.0,1001.7000122070312,41600.0,0.2777600288391113,-1.42950439453125,-1.0106225013732908,41600.0,3.127393245697021,-9.291730880737305,-0.2313695549964905,41600.0,1.5490485429763794,-10.483012199401855,-1.136048674583435
732,41700.0,12.616999626159668,4.3359999656677255,-35.72200012207031,41700.0,1.0626001358032229,0.05619960278272629,1.1982121467590332,41700.0,1001.739990234375,41700.0,0.8873949646949768,0.2232656478881836,-3.711979389190674,41700.0,0.840021550655365,-9.638463973999023,1.6014906167984009,41700.0,3.4051532745361333,-10.721235275268556,-1.2419921159744265
733,41800.0,12.935999870300293,-2.378000020980835,-30.80500030517578,41800.0,0.8891143798828125,1.0430524349212646,1.5897767543792725,41800.0,1001.739990234375,41800.0,5.011800765991211,1.7061753273010254,-0.9735445976257324,41800.0,-2.318324089050293,-9.019264221191406,3.07385802268982,41800.0,3.4051532745361333,-10.721235275268556,-1.2419921159744265
734,41900.0,12.935999870300293,-6.497000217437744,-26.457000732421875,41900.0,0.8891143798828125,1.0430524349212646,1.5897767543792725,41900.0,1001.6500244140624,41900.0,5.011800765991211,1.7061753273010254,-0.9735445976257324,41900.0,-2.318324089050293,-9.019264221191406,3.07385802268982,41900.0,1.7274165153503418,-9.41519832611084,-2.1104888916015625
735,42000.0,12.154999732971193,-10.642999649047852,-24.06999969482422,42000.0,0.4053090810775757,1.166752576828003,0.05742133408784866,42000.0,1001.6699829101564,42000.0,1.13324236869812,4.3507118225097665,-0.2749502658843994,42000.0,-3.2173950672149663,-8.683618545532228,3.227000951766968,42000.0,2.693476915359497,-7.313088893890381,2.100313425064087
736,42100.0,8.555000305175781,-11.331000328063965,-21.725000381469727,42100.0,0.4053090810775757,1.166752576828003,0.05742133408784866,42100.0,1001.6699829101564,42100.0,1.13324236869812,4.3507118225097665,-0.2749502658843994,42100.0,-3.2173950672149663,-8.683618545532228,3.227000951766968,42100.0,2.693476915359497,-7.313088893890381,2.100313425064087
737,42200.0,8.529000282287598,-10.015000343322754,-22.56399917602539,42200.0,-0.006719517521560192,-0.5232060551643372,-0.6957755088806152,42200.0,1001.6400146484376,42200.0,-3.344576358795166,-0.08170223236083984,-0.6805097460746765,42200.0,2.196556568145752,-9.535805702209473,0.6433995962142944,42200.0,-2.0841526985168457,-4.332906723022462,2.9520506858825684
738,42300.0,8.859999656677246,-6.741000175476074,-22.99600028991699,42300.0,-0.006719517521560192,-0.5232060551643372,-0.6957755088806152,42300.0,1001.6400146484376,42300.0,-3.344576358795166,-0.08170223236083984,-0.6805097460746765,42300.0,2.196556568145752,-9.535805702209473,0.6433995962142944,42300.0,-2.0841526985168457,-4.332906723022462,2.9520506858825684
739,42400.0,8.859999656677246,0.046999998390674584,-24.145000457763672,42400.0,-0.6130032539367676,0.42791110277175903,-1.2385293245315552,42400.0,1001.7000122070312,42400.0,-1.6576588153839111,0.4062690734863281,0.10121814906597136,42400.0,3.0690407752990723,-9.312699317932127,-0.15808044373989105,42400.0,-1.1480196714401243,-9.617507934570312,-0.03711012750864029
740,42000.0,12.154999732971193,-10.642999649047852,-24.06999969482422,42000.0,0.4053090810775757,1.166752576828003,0.05742133408784866,42000.0,1001.6699829101564,42000.0,1.13324236869812,4.3507118225097665,-0.2749502658843994,42000.0,-3.2173950672149663,-8.683618545532228,3.227000951766968,42000.0,2.693476915359497,-7.313088893890381,2.100313425064087
741,42100.0,8.555000305175781,-11.331000328063965,-21.725000381469727,42100.0,0.4053090810775757,1.166752576828003,0.05742133408784866,42100.0,1001.6699829101564,42100.0,1.13324236869812,4.3507118225097665,-0.2749502658843994,42100.0,-3.2173950672149663,-8.683618545532228,3.227000951766968,42100.0,2.693476915359497,-7.313088893890381,2.100313425064087
742,42200.0,8.529000282287598,-10.015000343322754,-22.56399917602539,42200.0,-0.006719517521560192,-0.5232060551643372,-0.6957755088806152,42200.0,1001.6400146484376,42200.0,-3.344576358795166,-0.08170223236083984,-0.6805097460746765,42200.0,2.196556568145752,-9.535805702209473,0.6433995962142944,42200.0,-2.0841526985168457,-4.332906723022462,2.9520506858825684
743,42300.0,8.859999656677246,-6.741000175476074,-22.99600028991699,42300.0,-0.006719517521560192,-0.5232060551643372,-0.6957755088806152,42300.0,1001.6400146484376,42300.0,-3.344576358795166,-0.08170223236083984,-0.6805097460746765,42300.0,2.196556568145752,-9.535805702209473,0.6433995962142944,42300.0,-2.0841526985168457,-4.332906723022462,2.9520506858825684
744,42400.0,8.859999656677246,0.046999998390674584,-24.145000457763672,42400.0,-0.6130032539367676,0.42791110277175903,-1.2385293245315552,42400.0,1001.7000122070312,42400.0,-1.6576588153839111,0.4062690734863281,0.10121814906597136,42400.0,3.0690407752990723,-9.312699317932127,-0.15808044373989105,42400.0,-1.1480196714401243,-9.617507934570312,-0.03711012750864029
745,42500.0,8.859999656677246,2.8610000610351562,-27.020000457763672,42500.0,-0.6130032539367676,0.42791110277175903,-1.2385293245315552,42500.0,1001.7000122070312,42500.0,-1.6576588153839111,0.4062690734863281,0.10121814906597136,42500.0,3.0690407752990723,-9.312699317932127,-0.15808044373989105,42500.0,-1.1480196714401243,-9.617507934570312,-0.03711012750864029
746,42600.0,9.194000244140623,4.861000061035156,-27.72599983215332,42600.0,-1.0916161537170408,-1.263269305229187,-0.43615779280662537,42600.0,1001.6400146484376,42600.0,0.5977801084518433,2.3232951164245605,2.74263858795166,42600.0,1.8167723417282104,-9.529842376708984,-1.432411789894104,42600.0,1.4113819599151611,-8.9064302444458,-0.05686229094862937
747,42700.0,8.366000175476074,6.631999969482423,-28.18400001525879,42700.0,-1.0916161537170408,-1.263269305229187,-0.43615779280662537,42700.0,1001.6400146484376,42700.0,0.5977801084518433,2.3232951164245605,2.74263858795166,42700.0,1.8167723417282104,-9.529842376708984,-1.432411789894104,42700.0,1.4113819599151611,-8.9064302444458,-0.05686229094862937
748,42800.0,8.057999610900879,7.8499999046325675,-28.18400001525879,42800.0,-0.4718933999538422,-0.009773843921720982,-0.2831360399723053,42800.0,1001.6199951171876,42800.0,0.7305371761322021,0.29582977294921875,0.12144377827644348,42800.0,1.7672138214111328,-9.64578628540039,-0.07834814488887787,42800.0,2.4145524501800537,-7.206547260284424,1.3102269172668457
749,42900.0,7.229000091552732,9.552000045776367,-28.82600021362305,42900.0,0.2675589919090271,-0.019547687843441963,-0.16462817788124084,42900.0,1001.6799926757812,42900.0,2.152376651763916,-2.6894636154174805,-3.6771914958953857,42900.0,1.7824939489364624,-9.608951568603516,0.8131278157234192,42900.0,2.497750997543335,-9.349956512451172,0.043095629662275314
750,42500.0,8.859999656677246,2.8610000610351562,-27.020000457763672,42500.0,-0.6130032539367676,0.42791110277175903,-1.2385293245315552,42500.0,1001.7000122070312,42500.0,-1.6576588153839111,0.4062690734863281,0.10121814906597136,42500.0,3.0690407752990723,-9.312699317932127,-0.15808044373989105,42500.0,-1.1480196714401243,-9.617507934570312,-0.03711012750864029
751,42600.0,9.194000244140623,4.861000061035156,-27.72599983215332,42600.0,-1.0916161537170408,-1.263269305229187,-0.43615779280662537,42600.0,1001.6400146484376,42600.0,0.5977801084518433,2.3232951164245605,2.74263858795166,42600.0,1.8167723417282104,-9.529842376708984,-1.432411789894104,42600.0,1.4113819599151611,-8.9064302444458,-0.05686229094862937
752,42700.0,8.366000175476074,6.631999969482423,-28.18400001525879,42700.0,-1.0916161537170408,-1.263269305229187,-0.43615779280662537,42700.0,1001.6400146484376,42700.0,0.5977801084518433,2.3232951164245605,2.74263858795166,42700.0,1.8167723417282104,-9.529842376708984,-1.432411789894104,42700.0,1.4113819599151611,-8.9064302444458,-0.05686229094862937
753,42800.0,8.057999610900879,7.8499999046325675,-28.18400001525879,42800.0,-0.4718933999538422,-0.009773843921720982,-0.2831360399723053,42800.0,1001.6199951171876,42800.0,0.7305371761322021,0.29582977294921875,0.12144377827644348,42800.0,1.7672138214111328,-9.64578628540039,-0.07834814488887787,42800.0,2.4145524501800537,-7.206547260284424,1.3102269172668457
754,42900.0,7.229000091552732,9.552000045776367,-28.82600021362305,42900.0,0.2675589919090271,-0.019547687843441963,-0.16462817788124084,42900.0,1001.6799926757812,42900.0,2.152376651763916,-2.6894636154174805,-3.6771914958953857,42900.0,1.7824939489364624,-9.608951568603516,0.8131278157234192,42900.0,2.497750997543335,-9.349956512451172,0.043095629662275314
755,43000.0,7.229000091552732,9.552000045776367,-28.82600021362305,43000.0,0.2675589919090271,-0.019547687843441963,-0.16462817788124084,43000.0,1001.6799926757812,43000.0,2.152376651763916,-2.6894636154174805,-3.6771914958953857,43000.0,1.7824939489364624,-9.608951568603516,0.8131278157234192,43000.0,2.497750997543335,-9.349956512451172,0.043095629662275314
756,43100.0,7.229000091552732,9.895999908447266,-28.82600021362305,43100.0,1.0894781351089478,0.2596177160739899,0.5232060551643372,43100.0,1001.8200073242188,43100.0,1.174519658088684,-1.914775848388672,0.3065977096557617,43100.0,0.4978303015232086,-9.458879470825195,2.5401082038879395,43100.0,3.934870481491089,-12.298415184020994,-2.8640637397766118
757,43200.0,7.229000091552732,9.895999908447266,-28.104999542236328,43200.0,1.0894781351089478,0.2596177160739899,0.5232060551643372,43200.0,1001.8200073242188,43200.0,1.174519658088684,-1.914775848388672,0.3065977096557617,43200.0,0.4978303015232086,-9.458879470825195,2.5401082038879395,43200.0,3.934870481491089,-12.298415184020994,-2.8640637397766118
758,43300.0,7.229000091552732,6.894999980926514,-27.45499992370605,43300.0,0.7959573864936829,0.11789698898792267,1.5094480514526367,43300.0,1001.75,43300.0,3.4279985427856445,0.7954216003417969,-0.2730355262756348,43300.0,-1.040979504585266,-9.518096923828123,2.1195635795593257,43300.0,1.6723499298095703,-11.373655319213867,2.846705913543701
759,43400.0,7.229000091552732,3.497999906539917,-27.138999938964844,43400.0,0.7959573864936829,0.11789698898792267,1.5094480514526367,43400.0,1001.75,43400.0,3.4279985427856445,0.7954216003417969,-0.2730355262756348,43400.0,-1.040979504585266,-9.518096923828123,2.1195635795593257,43400.0,1.6723499298095703,-11.373655319213867,2.846705913543701
760,43000.0,7.229000091552732,9.552000045776367,-28.82600021362305,43000.0,0.2675589919090271,-0.019547687843441963,-0.16462817788124084,43000.0,1001.6799926757812,43000.0,2.152376651763916,-2.6894636154174805,-3.6771914958953857,43000.0,1.7824939489364624,-9.608951568603516,0.8131278157234192,43000.0,2.497750997543335,-9.349956512451172,0.043095629662275314
761,43100.0,7.229000091552732,9.895999908447266,-28.82600021362305,43100.0,1.0894781351089478,0.2596177160739899,0.5232060551643372,43100.0,1001.8200073242188,43100.0,1.174519658088684,-1.914775848388672,0.3065977096557617,43100.0,0.4978303015232086,-9.458879470825195,2.5401082038879395,43100.0,3.934870481491089,-12.298415184020994,-2.8640637397766118
762,43200.0,7.229000091552732,9.895999908447266,-28.104999542236328,43200.0,1.0894781351089478,0.2596177160739899,0.5232060551643372,43200.0,1001.8200073242188,43200.0,1.174519658088684,-1.914775848388672,0.3065977096557617,43200.0,0.4978303015232086,-9.458879470825195,2.5401082038879395,43200.0,3.934870481491089,-12.298415184020994,-2.8640637397766118
763,43300.0,7.229000091552732,6.894999980926514,-27.45499992370605,43300.0,0.7959573864936829,0.11789698898792267,1.5094480514526367,43300.0,1001.75,43300.0,3.4279985427856445,0.7954216003417969,-0.2730355262756348,43300.0,-1.040979504585266,-9.518096923828123,2.1195635795593257,43300.0,1.6723499298095703,-11.373655319213867,2.846705913543701
764,43400.0,7.229000091552732,3.497999906539917,-27.138999938964844,43400.0,0.7959573864936829,0.11789698898792267,1.5094480514526367,43400.0,1001.75,43400.0,3.4279985427856445,0.7954216003417969,-0.2730355262756348,43400.0,-1.040979504585266,-9.518096923828123,2.1195635795593257,43400.0,1.6723499298095703,-11.373655319213867,2.846705913543701
765,43500.0,7.229000091552732,-0.07699999958276749,-26.78199958801269,43500.0,0.4196644127368927,0.08704829961061478,1.1285735368728638,43500.0,1001.5999755859376,43500.0,1.0516729354858398,3.044745922088623,0.3082458972930908,43500.0,-0.4980137646198273,-9.652742385864258,1.6573936939239502,43500.0,2.387019157409668,-8.722675323486326,1.846528053283692
766,43600.0,6.894999980926514,-1.837000012397766,-26.482999801635746,43600.0,0.4196644127368927,0.08704829961061478,1.1285735368728638,43600.0,1001.5999755859376,43600.0,1.0516729354858398,3.044745922088623,0.3082458972930908,43600.0,-0.4980137646198273,-9.652742385864258,1.6573936939239502,43600.0,2.387019157409668,-8.722675323486326,1.846528053283692
767,43700.0,6.894999980926514,-0.4729999899864197,-26.482999801635746,43700.0,-0.7742717266082764,0.16523905098438266,-0.7974845767021179,43700.0,1001.5999755859376,43700.0,-3.216474771499634,3.2635655403137207,3.3019623756408687,43700.0,0.587641179561615,-9.777589797973633,0.4730950593948364,43700.0,0.5536591410636902,-6.607996463775635,1.965639591217041
768,43800.0,8.637999534606934,3.8220000267028813,-26.854999542236328,43800.0,-1.2654073238372805,0.2773328125476837,-1.2495248317718506,43800.0,1001.5800170898438,43800.0,-0.2947142124176025,-1.9161577224731443,2.604181289672852,43800.0,2.725427389144897,-9.30606460571289,-1.4627455472946167,43800.0,-2.628833532333374,-6.514024257659912,3.775057554244995
769,43900.0,8.977999687194824,9.16100025177002,-28.78499984741211,43900.0,-1.2654073238372805,0.2773328125476837,-1.2495248317718506,43900.0,1001.5800170898438,43900.0,-0.2947142124176025,-1.9161577224731443,2.604181289672852,43900.0,2.725427389144897,-9.30606460571289,-1.4627455472946167,43900.0,-2.628833532333374,-6.514024257659912,3.775057554244995
770,43500.0,7.229000091552732,-0.07699999958276749,-26.78199958801269,43500.0,0.4196644127368927,0.08704829961061478,1.1285735368728638,43500.0,1001.5999755859376,43500.0,1.0516729354858398,3.044745922088623,0.3082458972930908,43500.0,-0.4980137646198273,-9.652742385864258,1.6573936939239502,43500.0,2.387019157409668,-8.722675323486326,1.846528053283692
771,43600.0,6.894999980926514,-1.837000012397766,-26.482999801635746,43600.0,0.4196644127368927,0.08704829961061478,1.1285735368728638,43600.0,1001.5999755859376,43600.0,1.0516729354858398,3.044745922088623,0.3082458972930908,43600.0,-0.4980137646198273,-9.652742385864258,1.6573936939239502,43600.0,2.387019157409668,-8.722675323486326,1.846528053283692
772,43700.0,6.894999980926514,-0.4729999899864197,-26.482999801635746,43700.0,-0.7742717266082764,0.16523905098438266,-0.7974845767021179,43700.0,1001.5999755859376,43700.0,-3.216474771499634,3.2635655403137207,3.3019623756408687,43700.0,0.587641179561615,-9.777589797973633,0.4730950593948364,43700.0,0.5536591410636902,-6.607996463775635,1.965639591217041
773,43800.0,8.637999534606934,3.8220000267028813,-26.854999542236328,43800.0,-1.2654073238372805,0.2773328125476837,-1.2495248317718506,43800.0,1001.5800170898438,43800.0,-0.2947142124176025,-1.9161577224731443,2.604181289672852,43800.0,2.725427389144897,-9.30606460571289,-1.4627455472946167,43800.0,-2.628833532333374,-6.514024257659912,3.775057554244995
774,43900.0,8.977999687194824,9.16100025177002,-28.78499984741211,43900.0,-1.2654073238372805,0.2773328125476837,-1.2495248317718506,43900.0,1001.5800170898438,43900.0,-0.2947142124176025,-1.9161577224731443,2.604181289672852,43900.0,2.725427389144897,-9.30606460571289,-1.4627455472946167,43900.0,-2.628833532333374,-6.514024257659912,3.775057554244995
775,44000.0,8.39900016784668,12.486000061035154,-30.763999938964844,44000.0,-0.07360926270484924,-0.2761110961437225,-0.9440922141075134,44000.0,1001.5800170898438,44000.0,-3.592843770980835,-1.2656431198120115,2.076852321624756,44000.0,3.900498628616333,-8.854647636413574,-1.5974135398864746,44000.0,2.430713176727295,-11.222222328186037,1.141435623168945
776,44100.0,7.234000205993652,13.26099967956543,-31.93199920654297,44100.0,-0.07360926270484924,-0.2761110961437225,-0.9440922141075134,44100.0,1001.5800170898438,44100.0,-3.592843770980835,-1.2656431198120115,2.076852321624756,44100.0,3.900498628616333,-8.854647636413574,-1.5974135398864746,44100.0,2.430713176727295,-11.222222328186037,1.141435623168945
777,44200.0,3.808000087738037,13.907999992370605,-32.44699859619141,44200.0,-0.6282749176025391,-0.9914342761039734,-0.06933320313692093,44200.0,1001.5999755859376,44200.0,-0.4157230854034424,-0.6115617752075195,3.629409790039064,44200.0,3.3988983631134038,-8.669561386108397,-3.0751521587371826,44200.0,0.3076549172401428,-10.120290756225586,0.4794389009475708
778,44300.0,4.8470001220703125,15.151000022888185,-32.814998626708984,44300.0,-0.6282749176025391,-0.9914342761039734,-0.06933320313692093,44300.0,1001.5999755859376,44300.0,-0.4157230854034424,-0.6115617752075195,3.629409790039064,44300.0,3.3988983631134038,-8.669561386108397,-3.0751521587371826,44300.0,0.3076549172401428,-10.120290756225586,0.4794389009475708
779,44400.0,5.195000171661377,16.0,-33.485000610351555,44400.0,-0.25045475363731384,0.3106249868869781,-0.3381139039993286,44400.0,1001.5999755859376,44400.0,-1.2615182399749756,-1.9107770919799805,1.954533219337464,44400.0,3.8508474826812735,-8.472875595092772,-3.0905818939208984,44400.0,2.9831752777099614,-9.281123161315918,0.5542576909065247
780,44000.0,8.39900016784668,12.486000061035154,-30.763999938964844,44000.0,-0.07360926270484924,-0.2761110961437225,-0.9440922141075134,44000.0,1001.5800170898438,44000.0,-3.592843770980835,-1.2656431198120115,2.076852321624756,44000.0,3.900498628616333,-8.854647636413574,-1.5974135398864746,44000.0,2.430713176727295,-11.222222328186037,1.141435623168945
781,44100.0,7.234000205993652,13.26099967956543,-31.93199920654297,44100.0,-0.07360926270484924,-0.2761110961437225,-0.9440922141075134,44100.0,1001.5800170898438,44100.0,-3.592843770980835,-1.2656431198120115,2.076852321624756,44100.0,3.900498628616333,-8.854647636413574,-1.5974135398864746,44100.0,2.430713176727295,-11.222222328186037,1.141435623168945
782,44200.0,3.808000087738037,13.907999992370605,-32.44699859619141,44200.0,-0.6282749176025391,-0.9914342761039734,-0.06933320313692093,44200.0,1001.5999755859376,44200.0,-0.4157230854034424,-0.6115617752075195,3.629409790039064,44200.0,3.3988983631134038,-8.669561386108397,-3.0751521587371826,44200.0,0.3076549172401428,-10.120290756225586,0.4794389009475708
783,44300.0,4.8470001220703125,15.151000022888185,-32.814998626708984,44300.0,-0.6282749176025391,-0.9914342761039734,-0.06933320313692093,44300.0,1001.5999755859376,44300.0,-0.4157230854034424,-0.6115617752075195,3.629409790039064,44300.0,3.3988983631134038,-8.669561386108397,-3.0751521587371826,44300.0,0.3076549172401428,-10.120290756225586,0.4794389009475708
784,44400.0,5.195000171661377,16.0,-33.485000610351555,44400.0,-0.25045475363731384,0.3106249868869781,-0.3381139039993286,44400.0,1001.5999755859376,44400.0,-1.2615182399749756,-1.9107770919799805,1.954533219337464,44400.0,3.8508474826812735,-8.472875595092772,-3.0905818939208984,44400.0,2.9831752777099614,-9.281123161315918,0.5542576909065247
785,44500.0,6.519999980926514,16.773000717163086,-34.150001525878906,44500.0,-0.25045475363731384,0.3106249868869781,-0.3381139039993286,44500.0,1001.5999755859376,44500.0,-1.2615182399749756,-1.9107770919799805,1.954533219337464,44500.0,3.8508474826812735,-8.472875595092772,-3.0905818939208984,44500.0,2.9831752777099614,-9.281123161315918,0.5542576909065247
786,44600.0,8.168999671936035,16.773000717163086,-34.51900100708008,44600.0,0.9077457785606384,0.1157589629292488,0.1368338167667389,44600.0,1001.6099853515624,44600.0,1.313615322113037,-2.0193529129028316,3.619309425354004,44600.0,3.588512420654297,-9.052034378051758,-1.163456916809082,44600.0,2.589329242706299,-10.383652687072754,-1.136048674583435
787,44700.0,15.668999671936035,6.61299991607666,-35.61199951171875,44700.0,0.5949827432632446,0.5430592298507689,0.6685920357704163,44700.0,1001.6500244140624,44700.0,-0.7662713527679443,-0.973525047302246,3.5481595993041988,44700.0,2.16747784614563,-9.553181648254396,0.45733988285064703,44700.0,4.902127742767334,-11.07138729095459,2.455852508544922
788,44800.0,18.05500030517578,-1.4980000257492063,-35.91999816894531,44800.0,0.5949827432632446,0.5430592298507689,0.6685920357704163,44800.0,1001.6500244140624,44800.0,-0.7662713527679443,-0.973525047302246,3.5481595993041988,44800.0,2.16747784614563,-9.553181648254396,0.45733988285064703,44800.0,4.902127742767334,-11.07138729095459,2.455852508544922
789,44900.0,18.007999420166016,-9.354999542236328,-35.91999816894531,44900.0,0.3594942092895508,0.2687807083129883,1.4489723443984983,44900.0,1001.6300048828124,44900.0,0.8054698705673218,2.394301414489746,0.5269044637680054,44900.0,-0.6025612950325012,-9.706791877746582,1.2591700553894043,44900.0,1.4012064933776855,-10.52670669555664,4.005499362945557
790,44500.0,6.519999980926514,16.773000717163086,-34.150001525878906,44500.0,-0.25045475363731384,0.3106249868869781,-0.3381139039993286,44500.0,1001.5999755859376,44500.0,-1.2615182399749756,-1.9107770919799805,1.954533219337464,44500.0,3.8508474826812735,-8.472875595092772,-3.0905818939208984,44500.0,2.9831752777099614,-9.281123161315918,0.5542576909065247
791,44600.0,8.168999671936035,16.773000717163086,-34.51900100708008,44600.0,0.9077457785606384,0.1157589629292488,0.1368338167667389,44600.0,1001.6099853515624,44600.0,1.313615322113037,-2.0193529129028316,3.619309425354004,44600.0,3.588512420654297,-9.052034378051758,-1.163456916809082,44600.0,2.589329242706299,-10.383652687072754,-1.136048674583435
792,44700.0,15.668999671936035,6.61299991607666,-35.61199951171875,44700.0,0.5949827432632446,0.5430592298507689,0.6685920357704163,44700.0,1001.6500244140624,44700.0,-0.7662713527679443,-0.973525047302246,3.5481595993041988,44700.0,2.16747784614563,-9.553181648254396,0.45733988285064703,44700.0,4.902127742767334,-11.07138729095459,2.455852508544922
793,44800.0,18.05500030517578,-1.4980000257492063,-35.91999816894531,44800.0,0.5949827432632446,0.5430592298507689,0.6685920357704163,44800.0,1001.6500244140624,44800.0,-0.7662713527679443,-0.973525047302246,3.5481595993041988,44800.0,2.16747784614563,-9.553181648254396,0.45733988285064703,44800.0,4.902127742767334,-11.07138729095459,2.455852508544922
794,44900.0,18.007999420166016,-9.354999542236328,-35.91999816894531,44900.0,0.3594942092895508,0.2687807083129883,1.4489723443984983,44900.0,1001.6300048828124,44900.0,0.8054698705673218,2.394301414489746,0.5269044637680054,44900.0,-0.6025612950325012,-9.706791877746582,1.2591700553894043,44900.0,1.4012064933776855,-10.52670669555664,4.005499362945557
795,45000.0,14.526000022888185,-14.916000366210938,-33.43000030517578,45000.0,0.3594942092895508,0.2687807083129883,1.4489723443984983,45000.0,1001.6300048828124,45000.0,0.8054698705673218,2.394301414489746,0.5269044637680054,45000.0,-0.6025612950325012,-9.706791877746582,1.2591700553894043,45000.0,1.4012064933776855,-10.52670669555664,4.005499362945557
796,45100.0,11.708000183105467,-17.10300064086914,-33.11100006103516,45100.0,-0.8338310718536377,0.2376265823841095,-0.07269296050071716,45100.0,1001.52001953125,45100.0,-0.6368730068206787,4.982398986816406,1.6223838329315186,45100.0,-0.6799379587173462,-9.782175064086914,-0.1307961344718933,45100.0,0.20290859043598167,-7.312490463256836,1.7860745191574097
797,45200.0,12.972999572753904,-15.80500030517578,-34.05699920654297,45200.0,-0.8338310718536377,0.2376265823841095,-0.07269296050071716,45200.0,1001.52001953125,45200.0,-0.6368730068206787,4.982398986816406,1.6223838329315186,45200.0,-0.6799379587173462,-9.782175064086914,-0.1307961344718933,45200.0,0.20290859043598167,-7.312490463256836,1.7860745191574097
798,45300.0,14.798999786376953,-14.027000427246096,-39.19900131225586,45300.0,-0.7443392872810364,-0.2736676335334778,-1.474017858505249,45300.0,1001.7100219726564,45300.0,-1.4046146869659424,-1.0500469207763672,0.8558523058891296,45300.0,3.835926532745361,-9.02475357055664,0.09943418949842453,45300.0,-1.316810965538025,-4.799776077270508,1.4915876388549805
799,45400.0,16.523000717163086,-10.25,-41.29899978637695,45400.0,-0.7443392872810364,-0.2736676335334778,-1.474017858505249,45400.0,1001.7100219726564,45400.0,-1.4046146869659424,-1.0500469207763672,0.8558523058891296,45400.0,3.835926532745361,-9.02475357055664,0.09943418949842453,45400.0,-1.316810965538025,-4.799776077270508,1.4915876388549805
800,45000.0,14.526000022888185,-14.916000366210938,-33.43000030517578,45000.0,0.3594942092895508,0.2687807083129883,1.4489723443984983,45000.0,1001.6300048828124,45000.0,0.8054698705673218,2.394301414489746,0.5269044637680054,45000.0,-0.6025612950325012,-9.706791877746582,1.2591700553894043,45000.0,1.4012064933776855,-10.52670669555664,4.005499362945557
801,45100.0,11.708000183105467,-17.10300064086914,-33.11100006103516,45100.0,-0.8338310718536377,0.2376265823841095,-0.07269296050071716,45100.0,1001.52001953125,45100.0,-0.6368730068206787,4.982398986816406,1.6223838329315186,45100.0,-0.6799379587173462,-9.782175064086914,-0.1307961344718933,45100.0,0.20290859043598167,-7.312490463256836,1.7860745191574097
802,45200.0,12.972999572753904,-15.80500030517578,-34.05699920654297,45200.0,-0.8338310718536377,0.2376265823841095,-0.07269296050071716,45200.0,1001.52001953125,45200.0,-0.6368730068206787,4.982398986816406,1.6223838329315186,45200.0,-0.6799379587173462,-9.782175064086914,-0.1307961344718933,45200.0,0.20290859043598167,-7.312490463256836,1.7860745191574097
803,45300.0,14.798999786376953,-14.027000427246096,-39.19900131225586,45300.0,-0.7443392872810364,-0.2736676335334778,-1.474017858505249,45300.0,1001.7100219726564,45300.0,-1.4046146869659424,-1.0500469207763672,0.8558523058891296,45300.0,3.835926532745361,-9.02475357055664,0.09943418949842453,45300.0,-1.316810965538025,-4.799776077270508,1.4915876388549805
804,45400.0,16.523000717163086,-10.25,-41.29899978637695,45400.0,-0.7443392872810364,-0.2736676335334778,-1.474017858505249,45400.0,1001.7100219726564,45400.0,-1.4046146869659424,-1.0500469207763672,0.8558523058891296,45400.0,3.835926532745361,-9.02475357055664,0.09943418949842453,45400.0,-1.316810965538025,-4.799776077270508,1.4915876388549805
805,45500.0,15.484000205993652,-8.642000198364258,-42.11399841308594,45500.0,0.1007927656173706,-0.303600013256073,-1.0906999111175537,45500.0,1001.530029296875,45500.0,-3.742667198181152,-1.7436952590942385,-1.715994954109192,45500.0,3.0357789993286133,-9.230128288269043,1.3263386487960815,45500.0,2.431311845779419,-10.074800491333008,0.9552865028381348
806,45600.0,14.154000282287598,-7.074999809265138,-41.64500045776367,45600.0,-0.1010981947183609,-0.6716463565826416,-0.27061331272125244,45600.0,1001.52001953125,45600.0,0.18450379371643064,0.639862060546875,-0.6530857086181641,45600.0,1.769164800643921,-9.611534118652344,0.8117015957832336,45600.0,-0.7068880796432495,-10.97382354736328,-0.3896563351154328
807,45700.0,10.427000045776367,-6.071000099182129,-42.39899826049805,45700.0,-0.1010981947183609,-0.6716463565826416,-0.27061331272125244,45700.0,1001.52001953125,45700.0,0.18450379371643064,0.639862060546875,-0.6530857086181641,45700.0,1.769164800643921,-9.611534118652344,0.8117015957832336,45700.0,-0.7068880796432495,-10.97382354736328,-0.3896563351154328
808,45800.0,9.847999572753906,-5.932000160217285,-42.79399871826172,45800.0,-0.13347405195236206,-0.6615670323371887,-0.3863722681999207,45800.0,1001.5499877929688,45800.0,0.04038619995117188,0.102691650390625,-0.960128664970398,45800.0,2.011444568634033,-9.579540252685547,0.5974071025848389,45800.0,1.953668594360352,-8.971672058105469,0.1586158573627472
809,45900.0,10.204999923706056,-5.489999771118164,-43.57899856567383,45900.0,-0.13347405195236206,-0.6615670323371887,-0.3863722681999207,45900.0,1001.5499877929688,45900.0,0.04038619995117188,0.102691650390625,-0.960128664970398,45900.0,2.011444568634033,-9.579540252685547,0.5974071025848389,45900.0,1.953668594360352,-8.971672058105469,0.1586158573627472
810,45500.0,15.484000205993652,-8.642000198364258,-42.11399841308594,45500.0,0.1007927656173706,-0.303600013256073,-1.0906999111175537,45500.0,1001.530029296875,45500.0,-3.742667198181152,-1.7436952590942385,-1.715994954109192,45500.0,3.0357789993286133,-9.230128288269043,1.3263386487960815,45500.0,2.431311845779419,-10.074800491333008,0.9552865028381348
811,45600.0,14.154000282287598,-7.074999809265138,-41.64500045776367,45600.0,-0.1010981947183609,-0.6716463565826416,-0.27061331272125244,45600.0,1001.52001953125,45600.0,0.18450379371643064,0.639862060546875,-0.6530857086181641,45600.0,1.769164800643921,-9.611534118652344,0.8117015957832336,45600.0,-0.7068880796432495,-10.97382354736328,-0.3896563351154328
812,45700.0,10.427000045776367,-6.071000099182129,-42.39899826049805,45700.0,-0.1010981947183609,-0.6716463565826416,-0.27061331272125244,45700.0,1001.52001953125,45700.0,0.18450379371643064,0.639862060546875,-0.6530857086181641,45700.0,1.769164800643921,-9.611534118652344,0.8117015957832336,45700.0,-0.7068880796432495,-10.97382354736328,-0.3896563351154328
813,45800.0,9.847999572753906,-5.932000160217285,-42.79399871826172,45800.0,-0.13347405195236206,-0.6615670323371887,-0.3863722681999207,45800.0,1001.5499877929688,45800.0,0.04038619995117188,0.102691650390625,-0.960128664970398,45800.0,2.011444568634033,-9.579540252685547,0.5974071025848389,45800.0,1.953668594360352,-8.971672058105469,0.1586158573627472
814,45900.0,10.204999923706056,-5.489999771118164,-43.57899856567383,45900.0,-0.13347405195236206,-0.6615670323371887,-0.3863722681999207,45900.0,1001.5499877929688,45900.0,0.04038619995117188,0.102691650390625,-0.960128664970398,45900.0,2.011444568634033,-9.579540252685547,0.5974071025848389,45900.0,1.953668594360352,-8.971672058105469,0.1586158573627472
815,46000.0,9.86299991607666,-4.676000118255615,-44.277000427246094,46000.0,0.6068946123123169,0.016493361443281174,-0.2727513313293457,46000.0,1001.6699829101564,46000.0,0.7485866546630859,-2.126715660095216,-2.100332736968994,46000.0,1.815004825592041,-9.434884071350098,1.9644618034362795,46000.0,2.051830768585205,-9.476848602294922,-0.3627215623855591
816,46100.0,9.86299991607666,-10.791999816894533,-44.6349983215332,46100.0,0.6068946123123169,0.016493361443281174,-0.2727513313293457,46100.0,1001.6699829101564,46100.0,0.7485866546630859,-2.126715660095216,-2.100332736968994,46100.0,1.815004825592041,-9.434884071350098,1.9644618034362795,46100.0,2.051830768585205,-9.476848602294922,-0.3627215623855591
817,46200.0,9.86299991607666,-22.451000213623047,-34.027999877929695,46200.0,1.4963144063949585,-0.04886921867728233,1.1786644458770752,46200.0,1001.6099853515624,46200.0,0.22784632444381714,-1.5657682418823242,-5.618932723999023,46200.0,-0.8772735595703125,-9.256023406982422,3.1187872886657715,46200.0,2.563591480255127,-11.561599731445312,-0.13587094843387604
818,46300.0,-4.045000076293944,-24.597999572753906,-26.83699989318848,46300.0,1.4963144063949585,-0.04886921867728233,1.1786644458770752,46300.0,1001.6099853515624,46300.0,0.22784632444381714,-1.5657682418823242,-5.618932723999023,46300.0,-0.8772735595703125,-9.256023406982422,3.1187872886657715,46300.0,2.563591480255127,-11.561599731445312,-0.13587094843387604
819,46400.0,-16.202999114990234,-21.545000076293945,-21.06999969482422,46400.0,1.370781660079956,-0.5372560024261475,2.6642887592315674,46400.0,1001.5499877929688,46400.0,4.1993675231933585,-0.35363006591796875,-1.3755640983581543,46400.0,-3.1070129871368413,-8.791622161865233,3.0371401309967037,46400.0,-0.6494272351264954,-10.821791648864746,-2.5001451969146733
820,46000.0,9.86299991607666,-4.676000118255615,-44.277000427246094,46000.0,0.6068946123123169,0.016493361443281174,-0.2727513313293457,46000.0,1001.6699829101564,46000.0,0.7485866546630859,-2.126715660095216,-2.100332736968994,46000.0,1.815004825592041,-9.434884071350098,1.9644618034362795,46000.0,2.051830768585205,-9.476848602294922,-0.3627215623855591
821,46100.0,9.86299991607666,-10.791999816894533,-44.6349983215332,46100.0,0.6068946123123169,0.016493361443281174,-0.2727513313293457,46100.0,1001.6699829101564,46100.0,0.7485866546630859,-2.126715660095216,-2.100332736968994,46100.0,1.815004825592041,-9.434884071350098,1.9644618034362795,46100.0,2.051830768585205,-9.476848602294922,-0.3627215623855591
822,46200.0,9.86299991607666,-22.451000213623047,-34.027999877929695,46200.0,1.4963144063949585,-0.04886921867728233,1.1786644458770752,46200.0,1001.6099853515624,46200.0,0.22784632444381714,-1.5657682418823242,-5.618932723999023,46200.0,-0.8772735595703125,-9.256023406982422,3.1187872886657715,46200.0,2.563591480255127,-11.561599731445312,-0.13587094843387604
823,46300.0,-4.045000076293944,-24.597999572753906,-26.83699989318848,46300.0,1.4963144063949585,-0.04886921867728233,1.1786644458770752,46300.0,1001.6099853515624,46300.0,0.22784632444381714,-1.5657682418823242,-5.618932723999023,46300.0,-0.8772735595703125,-9.256023406982422,3.1187872886657715,46300.0,2.563591480255127,-11.561599731445312,-0.13587094843387604
824,46400.0,-16.202999114990234,-21.545000076293945,-21.06999969482422,46400.0,1.370781660079956,-0.5372560024261475,2.6642887592315674,46400.0,1001.5499877929688,46400.0,4.1993675231933585,-0.35363006591796875,-1.3755640983581543,46400.0,-3.1070129871368413,-8.791622161865233,3.0371401309967037,46400.0,-0.6494272351264954,-10.821791648864746,-2.5001451969146733
825,46500.0,-29.268999099731445,-15.81999969482422,-10.626999855041504,46500.0,0.06780604273080826,-1.243721604347229,0.5827654600143433,46500.0,1001.0999755859376,46500.0,2.473799705505371,5.774338722229004,-1.4506807327270508,46500.0,-3.3722238540649414,-8.302017211914062,3.9843447208404537,46500.0,1.0923545360565186,-9.145252227783203,1.6615760326385498
826,46600.0,-32.96200180053711,-13.06700038909912,-4.172999858856201,46600.0,0.06780604273080826,-1.243721604347229,0.5827654600143433,46600.0,1001.0999755859376,46600.0,2.473799705505371,5.774338722229004,-1.4506807327270508,46600.0,-3.3722238540649414,-8.302017211914062,3.9843447208404537,46600.0,1.0923545360565186,-9.145252227783203,1.6615760326385498
827,46700.0,-34.18099975585937,-12.338000297546387,-3.118000030517578,46700.0,-0.8872817754745483,-0.7678576111793518,-0.417220950126648,46700.0,1001.5499877929688,46700.0,-5.460739612579347,3.21129846572876,6.792938232421875,46700.0,1.2319806814193726,-9.728914260864258,-0.02871989831328392,46700.0,-0.8984242081642151,-2.5276784896850586,2.533663988113404
828,46800.0,-33.17699813842773,-13.074999809265135,2.062000036239624,46800.0,-0.8872817754745483,-0.7678576111793518,-0.417220950126648,46800.0,1001.5499877929688,46800.0,-5.460739612579347,3.21129846572876,6.792938232421875,46800.0,1.2319806814193726,-9.728914260864258,-0.02871989831328392,46800.0,-0.8984242081642151,-2.5276784896850586,2.533663988113404
829,46900.0,-33.07899856567383,-12.550000190734865,5.098999977111816,46900.0,-0.9248499870300292,-1.7898352146148682,-0.8985827565193176,46900.0,1001.52001953125,46900.0,0.13651084899902344,-7.1557273864746085,0.15976989269256592,46900.0,2.154141664505005,-9.539640426635742,-0.7248014807701111,46900.0,-4.228758811950684,-6.517615795135497,6.764218330383301
830,46500.0,-29.268999099731445,-15.81999969482422,-10.626999855041504,46500.0,0.06780604273080826,-1.243721604347229,0.5827654600143433,46500.0,1001.0999755859376,46500.0,2.473799705505371,5.774338722229004,-1.4506807327270508,46500.0,-3.3722238540649414,-8.302017211914062,3.9843447208404537,46500.0,1.0923545360565186,-9.145252227783203,1.6615760326385498
831,46600.0,-32.96200180053711,-13.06700038909912,-4.172999858856201,46600.0,0.06780604273080826,-1.243721604347229,0.5827654600143433,46600.0,1001.0999755859376,46600.0,2.473799705505371,5.774338722229004,-1.4506807327270508,46600.0,-3.3722238540649414,-8.302017211914062,3.9843447208404537,46600.0,1.0923545360565186,-9.145252227783203,1.6615760326385498
832,46700.0,-34.18099975585937,-12.338000297546387,-3.118000030517578,46700.0,-0.8872817754745483,-0.7678576111793518,-0.417220950126648,46700.0,1001.5499877929688,46700.0,-5.460739612579347,3.21129846572876,6.792938232421875,46700.0,1.2319806814193726,-9.728914260864258,-0.02871989831328392,46700.0,-0.8984242081642151,-2.5276784896850586,2.533663988113404
833,46800.0,-33.17699813842773,-13.074999809265135,2.062000036239624,46800.0,-0.8872817754745483,-0.7678576111793518,-0.417220950126648,46800.0,1001.5499877929688,46800.0,-5.460739612579347,3.21129846572876,6.792938232421875,46800.0,1.2319806814193726,-9.728914260864258,-0.02871989831328392,46800.0,-0.8984242081642151,-2.5276784896850586,2.533663988113404
834,46900.0,-33.07899856567383,-12.550000190734865,5.098999977111816,46900.0,-0.9248499870300292,-1.7898352146148682,-0.8985827565193176,46900.0,1001.52001953125,46900.0,0.13651084899902344,-7.1557273864746085,0.15976989269256592,46900.0,2.154141664505005,-9.539640426635742,-0.7248014807701111,46900.0,-4.228758811950684,-6.517615795135497,6.764218330383301
835,47000.0,-28.864999771118164,-12.204999923706055,2.681999921798706,47000.0,-0.9248499870300292,-1.7898352146148682,-0.8985827565193176,47000.0,1001.52001953125,47000.0,0.13651084899902344,-7.1557273864746085,0.15976989269256592,47000.0,2.154141664505005,-9.539640426635742,-0.7248014807701111,47000.0,-4.228758811950684,-6.517615795135497,6.764218330383301
836,47100.0,-26.55100059509277,-12.529999732971193,1.6380000114440918,47100.0,0.5714644193649292,0.9447031021118164,-0.9666942358016968,47100.0,1001.5999755859376,47100.0,-3.0968918800354004,0.42159175872802734,-0.7146409749984741,47100.0,1.6585750579833984,-9.31904411315918,2.564161777496338,47100.0,2.2906525135040283,-16.695367813110348,-0.5650315880775452
837,47200.0,-24.709999084472656,-12.927000045776367,4.879000186920166,47200.0,0.5714644193649292,0.9447031021118164,-0.9666942358016968,47200.0,1001.5999755859376,47200.0,-3.0968918800354004,0.42159175872802734,-0.7146409749984741,47200.0,1.6585750579833984,-9.31904411315918,2.564161777496338,47200.0,2.2906525135040283,-16.695367813110348,-0.5650315880775452
838,47300.0,-20.738000869750977,-13.963000297546387,12.621999740600586,47300.0,-0.38087448477745056,-1.6658295392990112,0.09712757170200348,47300.0,1001.530029296875,47300.0,0.9512778520584106,0.2922019958496094,0.2311788201332093,47300.0,0.5079880952835083,-9.780423164367676,0.5056367516517639,47300.0,-1.4383167028427124,-8.897452354431152,1.849520802497864
839,47400.0,-19.665000915527344,-16.493999481201172,11.668999671936035,47400.0,-0.06444628536701202,-2.200947523117065,-0.7654141783714294,47400.0,1001.47998046875,47400.0,-2.59966778755188,-2.3966636657714844,3.695054769515991,47400.0,2.132200002670288,-9.51628589630127,1.0316979885101318,47400.0,1.459265947341919,-9.488221168518066,0.7368155717849731
840,47000.0,-28.864999771118164,-12.204999923706055,2.681999921798706,47000.0,-0.9248499870300292,-1.7898352146148682,-0.8985827565193176,47000.0,1001.52001953125,47000.0,0.13651084899902344,-7.1557273864746085,0.15976989269256592,47000.0,2.154141664505005,-9.539640426635742,-0.7248014807701111,47000.0,-4.228758811950684,-6.517615795135497,6.764218330383301
841,47100.0,-26.55100059509277,-12.529999732971193,1.6380000114440918,47100.0,0.5714644193649292,0.9447031021118164,-0.9666942358016968,47100.0,1001.5999755859376,47100.0,-3.0968918800354004,0.42159175872802734,-0.7146409749984741,47100.0,1.6585750579833984,-9.31904411315918,2.564161777496338,47100.0,2.2906525135040283,-16.695367813110348,-0.5650315880775452
842,47200.0,-24.709999084472656,-12.927000045776367,4.879000186920166,47200.0,0.5714644193649292,0.9447031021118164,-0.9666942358016968,47200.0,1001.5999755859376,47200.0,-3.0968918800354004,0.42159175872802734,-0.7146409749984741,47200.0,1.6585750579833984,-9.31904411315918,2.564161777496338,47200.0,2.2906525135040283,-16.695367813110348,-0.5650315880775452
843,47300.0,-20.738000869750977,-13.963000297546387,12.621999740600586,47300.0,-0.38087448477745056,-1.6658295392990112,0.09712757170200348,47300.0,1001.530029296875,47300.0,0.9512778520584106,0.2922019958496094,0.2311788201332093,47300.0,0.5079880952835083,-9.780423164367676,0.5056367516517639,47300.0,-1.4383167028427124,-8.897452354431152,1.849520802497864
844,47400.0,-19.665000915527344,-16.493999481201172,11.668999671936035,47400.0,-0.06444628536701202,-2.200947523117065,-0.7654141783714294,47400.0,1001.47998046875,47400.0,-2.59966778755188,-2.3966636657714844,3.695054769515991,47400.0,2.132200002670288,-9.51628589630127,1.0316979885101318,47400.0,1.459265947341919,-9.488221168518066,0.7368155717849731
845,47500.0,-15.355999946594238,-20.19599914550781,13.91100025177002,47500.0,-0.06444628536701202,-2.200947523117065,-0.7654141783714294,47500.0,1001.47998046875,47500.0,-2.59966778755188,-2.3966636657714844,3.695054769515991,47500.0,2.132200002670288,-9.51628589630127,1.0316979885101318,47500.0,1.459265947341919,-9.488221168518066,0.7368155717849731
846,47600.0,-17.55900001525879,-19.548999786376953,19.257999420166016,47600.0,2.019825935363769,-1.996002197265625,1.8500053882598884,47600.0,1001.5900268554688,47600.0,5.964418888092041,-2.1362218856811523,-7.952311992645264,47600.0,-1.3166747093200684,-8.58202075958252,4.55912971496582,47600.0,-0.467467874288559,-11.912949562072756,4.726752758026123
847,47700.0,-24.173999786376953,-14.552000045776367,29.457000732421875,47700.0,2.019825935363769,-1.996002197265625,1.8500053882598884,47700.0,1001.5900268554688,47700.0,5.964418888092041,-2.1362218856811523,-7.952311992645264,47700.0,-1.3166747093200684,-8.58202075958252,4.55912971496582,47700.0,-0.467467874288559,-11.912949562072756,4.726752758026123
848,47800.0,-28.18400001525879,0.07400000095367433,40.67499923706055,47800.0,-0.8112290501594543,-1.6181820631027222,3.857308626174927,47800.0,1001.5499877929688,47800.0,6.540910243988037,-5.365797996520996,-0.860271692276001,47800.0,-5.353984832763672,-8.210522651672362,0.3042183816432953,47800.0,4.647744178771973,-10.718242645263672,-3.393182277679444
849,47900.0,-28.981000900268555,20.58799934387207,47.7760009765625,47900.0,-0.8112290501594543,-1.6181820631027222,3.857308626174927,47900.0,1001.5499877929688,47900.0,6.540910243988037,-5.365797996520996,-0.860271692276001,47900.0,-5.353984832763672,-8.210522651672362,0.3042183816432953,47900.0,4.647744178771973,-10.718242645263672,-3.393182277679444
850,47500.0,-15.355999946594238,-20.19599914550781,13.91100025177002,47500.0,-0.06444628536701202,-2.200947523117065,-0.7654141783714294,47500.0,1001.47998046875,47500.0,-2.59966778755188,-2.3966636657714844,3.695054769515991,47500.0,2.132200002670288,-9.51628589630127,1.0316979885101318,47500.0,1.459265947341919,-9.488221168518066,0.7368155717849731
851,47600.0,-17.55900001525879,-19.548999786376953,19.257999420166016,47600.0,2.019825935363769,-1.996002197265625,1.8500053882598884,47600.0,1001.5900268554688,47600.0,5.964418888092041,-2.1362218856811523,-7.952311992645264,47600.0,-1.3166747093200684,-8.58202075958252,4.55912971496582,47600.0,-0.467467874288559,-11.912949562072756,4.726752758026123
852,47700.0,-24.173999786376953,-14.552000045776367,29.457000732421875,47700.0,2.019825935363769,-1.996002197265625,1.8500053882598884,47700.0,1001.5900268554688,47700.0,5.964418888092041,-2.1362218856811523,-7.952311992645264,47700.0,-1.3166747093200684,-8.58202075958252,4.55912971496582,47700.0,-0.467467874288559,-11.912949562072756,4.726752758026123
853,47800.0,-28.18400001525879,0.07400000095367433,40.67499923706055,47800.0,-0.8112290501594543,-1.6181820631027222,3.857308626174927,47800.0,1001.5499877929688,47800.0,6.540910243988037,-5.365797996520996,-0.860271692276001,47800.0,-5.353984832763672,-8.210522651672362,0.3042183816432953,47800.0,4.647744178771973,-10.718242645263672,-3.393182277679444
854,47900.0,-28.981000900268555,20.58799934387207,47.7760009765625,47900.0,-0.8112290501594543,-1.6181820631027222,3.857308626174927,47900.0,1001.5499877929688,47900.0,6.540910243988037,-5.365797996520996,-0.860271692276001,47900.0,-5.353984832763672,-8.210522651672362,0.3042183816432953,47900.0,4.647744178771973,-10.718242645263672,-3.393182277679444
855,48000.0,-13.121000289916992,35.255001068115234,51.86399841308594,48000.0,0.5002986192703247,0.9141598343849182,2.1789562702178955,48000.0,1001.469970703125,48000.0,9.482948303222656,0.8784961700439453,1.7719320058822632,48000.0,-8.172720909118652,-5.419099807739258,-0.10197627544403076,48000.0,1.1869255304336548,-13.57632064819336,-0.5560533404350281
856,48100.0,-2.4679999351501465,37.88600158691406,51.23699951171875,48100.0,0.5002986192703247,0.9141598343849182,2.1789562702178955,48100.0,1001.469970703125,48100.0,9.482948303222656,0.8784961700439453,1.7719320058822632,48100.0,-8.172720909118652,-5.419099807739258,-0.10197627544403076,48100.0,1.1869255304336548,-13.57632064819336,-0.5560533404350281
857,48200.0,7.714000225067139,37.65399932861328,51.24800109863281,48200.0,-0.6951646208763123,-2.3774874210357666,0.5006040930747986,48200.0,1001.4500122070312,48200.0,-0.9945958256721495,3.2734165191650386,5.412898540496826,48200.0,0.11113543808460236,-9.804200172424316,0.1889345794916153,48200.0,1.3102269172668457,-4.5406036376953125,1.6699557304382324
858,48300.0,15.274999618530273,37.224998474121094,50.94400024414063,48300.0,-0.6951646208763123,-2.3774874210357666,0.5006040930747986,48300.0,1001.5399780273438,48300.0,-0.9945958256721495,3.2734165191650386,5.412898540496826,48300.0,0.11113543808460236,-9.804200172424316,0.1889345794916153,48300.0,-0.8834604024887085,-6.530783653259277,5.6018333435058585
859,48400.0,13.185999870300293,37.209999084472656,50.94400024414063,48400.0,-1.823432803153992,-1.9758436679840088,-1.5497651100158691,48400.0,1001.5399780273438,48400.0,-1.224692702293396,-0.5277862548828125,1.2550814151763916,48400.0,3.117309093475342,-8.978391647338867,-2.416867733001709,48400.0,-0.8834604024887085,-6.530783653259277,5.6018333435058585
860,48000.0,-13.121000289916992,35.255001068115234,51.86399841308594,48000.0,0.5002986192703247,0.9141598343849182,2.1789562702178955,48000.0,1001.469970703125,48000.0,9.482948303222656,0.8784961700439453,1.7719320058822632,48000.0,-8.172720909118652,-5.419099807739258,-0.10197627544403076,48000.0,1.1869255304336548,-13.57632064819336,-0.5560533404350281
861,48100.0,-2.4679999351501465,37.88600158691406,51.23699951171875,48100.0,0.5002986192703247,0.9141598343849182,2.1789562702178955,48100.0,1001.469970703125,48100.0,9.482948303222656,0.8784961700439453,1.7719320058822632,48100.0,-8.172720909118652,-5.419099807739258,-0.10197627544403076,48100.0,1.1869255304336548,-13.57632064819336,-0.5560533404350281
862,48200.0,7.714000225067139,37.65399932861328,51.24800109863281,48200.0,-0.6951646208763123,-2.3774874210357666,0.5006040930747986,48200.0,1001.4500122070312,48200.0,-0.9945958256721495,3.2734165191650386,5.412898540496826,48200.0,0.11113543808460236,-9.804200172424316,0.1889345794916153,48200.0,1.3102269172668457,-4.5406036376953125,1.6699557304382324
863,48300.0,15.274999618530273,37.224998474121094,50.94400024414063,48300.0,-0.6951646208763123,-2.3774874210357666,0.5006040930747986,48300.0,1001.5399780273438,48300.0,-0.9945958256721495,3.2734165191650386,5.412898540496826,48300.0,0.11113543808460236,-9.804200172424316,0.1889345794916153,48300.0,-0.8834604024887085,-6.530783653259277,5.6018333435058585
864,48400.0,13.185999870300293,37.209999084472656,50.94400024414063,48400.0,-1.823432803153992,-1.9758436679840088,-1.5497651100158691,48400.0,1001.5399780273438,48400.0,-1.224692702293396,-0.5277862548828125,1.2550814151763916,48400.0,3.117309093475342,-8.978391647338867,-2.416867733001709,48400.0,-0.8834604024887085,-6.530783653259277,5.6018333435058585
865,48500.0,7.204999923706055,33.009998321533196,53.65999984741211,48500.0,-1.6487252712249756,1.7250834703445437,-2.599537134170532,48500.0,1001.489990234375,48500.0,-2.500422716140747,-6.981875419616699,-0.5512316823005676,48500.0,5.115489482879639,-8.334431648254395,-0.7344545722007751,48500.0,-0.8834604024887085,-6.530783653259277,5.6018333435058585
866,48600.0,6.504000186920166,28.843000411987305,54.79800033569336,48600.0,-1.6487252712249756,1.7250834703445437,-2.599537134170532,48600.0,1001.489990234375,48600.0,-2.500422716140747,-6.981875419616699,-0.5512316823005676,48600.0,5.115489482879639,-8.334431648254395,-0.7344545722007751,48600.0,1.8926163911819456,-9.50617790222168,-1.1617863178253174
867,48700.0,10.616999626159668,30.40299987792969,54.0629997253418,48700.0,-0.5931501388549805,-0.39217549562454224,-0.21502456068992606,48700.0,1001.47998046875,48700.0,0.38704872131347656,0.7683029174804688,-0.8689132928848267,48700.0,1.326002597808838,-9.711843490600586,-0.3036470115184784,48700.0,2.615066766738892,-15.316307067871096,-1.2856862545013428
868,48800.0,12.071999549865724,29.45199966430664,53.93299865722656,48800.0,-0.5931501388549805,-0.39217549562454224,-0.21502456068992606,48800.0,1001.47998046875,48800.0,0.38704872131347656,0.7683029174804688,-0.8689132928848267,48800.0,1.326002597808838,-9.711843490600586,-0.3036470115184784,48800.0,2.615066766738892,-15.316307067871096,-1.2856862545013428
869,48900.0,11.107999801635742,24.591999053955078,53.61700057983398,48900.0,-0.09773843735456468,-0.318566232919693,-0.5485569834709167,48900.0,1001.510009765625,48900.0,0.14707612991333008,-1.7797727584838867,-0.3937721252441406,48900.0,1.995734453201294,-9.589094161987305,0.4865474402904511,48900.0,1.7130513191223145,-8.943540573120117,-1.1725603342056274
870,48500.0,7.204999923706055,33.009998321533196,53.65999984741211,48500.0,-1.6487252712249756,1.7250834703445437,-2.599537134170532,48500.0,1001.489990234375,48500.0,-2.500422716140747,-6.981875419616699,-0.5512316823005676,48500.0,5.115489482879639,-8.334431648254395,-0.7344545722007751,48500.0,-0.8834604024887085,-6.530783653259277,5.6018333435058585
871,48600.0,6.504000186920166,28.843000411987305,54.79800033569336,48600.0,-1.6487252712249756,1.7250834703445437,-2.599537134170532,48600.0,1001.489990234375,48600.0,-2.500422716140747,-6.981875419616699,-0.5512316823005676,48600.0,5.115489482879639,-8.334431648254395,-0.7344545722007751,48600.0,1.8926163911819456,-9.50617790222168,-1.1617863178253174
872,48700.0,10.616999626159668,30.40299987792969,54.0629997253418,48700.0,-0.5931501388549805,-0.39217549562454224,-0.21502456068992606,48700.0,1001.47998046875,48700.0,0.38704872131347656,0.7683029174804688,-0.8689132928848267,48700.0,1.326002597808838,-9.711843490600586,-0.3036470115184784,48700.0,2.615066766738892,-15.316307067871096,-1.2856862545013428
873,48800.0,12.071999549865724,29.45199966430664,53.93299865722656,48800.0,-0.5931501388549805,-0.39217549562454224,-0.21502456068992606,48800.0,1001.47998046875,48800.0,0.38704872131347656,0.7683029174804688,-0.8689132928848267,48800.0,1.326002597808838,-9.711843490600586,-0.3036470115184784,48800.0,2.615066766738892,-15.316307067871096,-1.2856862545013428
874,48900.0,11.107999801635742,24.591999053955078,53.61700057983398,48900.0,-0.09773843735456468,-0.318566232919693,-0.5485569834709167,48900.0,1001.510009765625,48900.0,0.14707612991333008,-1.7797727584838867,-0.3937721252441406,48900.0,1.995734453201294,-9.589094161987305,0.4865474402904511,48900.0,1.7130513191223145,-8.943540573120117,-1.1725603342056274
875,49000.0,9.232999801635742,23.91200065612793,53.61700057983398,49000.0,-0.09773843735456468,-0.318566232919693,-0.5485569834709167,49000.0,1001.510009765625,49000.0,0.14707612991333008,-1.7797727584838867,-0.3937721252441406,49000.0,1.995734453201294,-9.589094161987305,0.4865474402904511,49000.0,1.7130513191223145,-8.943540573120117,-1.1725603342056274
876,49100.0,7.736999988555907,24.565000534057607,52.915000915527344,49100.0,0.7089090943336487,0.36010506749153137,0.3249803185462952,49100.0,1001.5999755859376,49100.0,3.268431663513184,-0.8882226943969727,-0.5528262853622437,49100.0,0.6011966466903687,-9.551095008850098,2.1413791179656982,49100.0,2.142810583114624,-11.368866920471193,0.09277531504631042
877,49200.0,6.660999774932861,25.55500030517578,52.51599884033203,49200.0,-1.536631464958191,-0.10445795953273773,0.6976081132888794,49200.0,1001.5800170898438,49200.0,-0.9666634798049928,-1.8722391128540041,8.495925903320312,49200.0,-0.2370214313268661,-9.723478317260742,-1.25226891040802,49200.0,3.869628429412842,-10.43931770324707,1.5885528326034546
878,49300.0,5.197000026702881,27.6560001373291,51.10400009155274,49300.0,-1.536631464958191,-0.10445795953273773,0.6976081132888794,49300.0,1001.5800170898438,49300.0,-0.9666634798049928,-1.8722391128540041,8.495925903320312,49300.0,-0.2370214313268661,-9.723478317260742,-1.25226891040802,49300.0,3.869628429412842,-10.43931770324707,1.5885528326034546
879,49400.0,5.728000164031982,29.27799987792969,46.93899917602539,49400.0,0.5393940210342407,0.4621195495128632,1.7058411836624146,49400.0,1001.4400024414064,49400.0,1.8163092136383057,0.7271842956542969,-0.030991077423095707,49400.0,-2.1748409271240234,-9.252936363220217,2.413221836090088,49400.0,-1.20368492603302,-11.595717430114744,7.243657112121582
880,49000.0,9.232999801635742,23.91200065612793,53.61700057983398,49000.0,-0.09773843735456468,-0.318566232919693,-0.5485569834709167,49000.0,1001.510009765625,49000.0,0.14707612991333008,-1.7797727584838867,-0.3937721252441406,49000.0,1.995734453201294,-9.589094161987305,0.4865474402904511,49000.0,1.7130513191223145,-8.943540573120117,-1.1725603342056274
881,49100.0,7.736999988555907,24.565000534057607,52.915000915527344,49100.0,0.7089090943336487,0.36010506749153137,0.3249803185462952,49100.0,1001.5999755859376,49100.0,3.268431663513184,-0.8882226943969727,-0.5528262853622437,49100.0,0.6011966466903687,-9.551095008850098,2.1413791179656982,49100.0,2.142810583114624,-11.368866920471193,0.09277531504631042
882,49200.0,6.660999774932861,25.55500030517578,52.51599884033203,49200.0,-1.536631464958191,-0.10445795953273773,0.6976081132888794,49200.0,1001.5800170898438,49200.0,-0.9666634798049928,-1.8722391128540041,8.495925903320312,49200.0,-0.2370214313268661,-9.723478317260742,-1.25226891040802,49200.0,3.869628429412842,-10.43931770324707,1.5885528326034546
883,49300.0,5.197000026702881,27.6560001373291,51.10400009155274,49300.0,-1.536631464958191,-0.10445795953273773,0.6976081132888794,49300.0,1001.5800170898438,49300.0,-0.9666634798049928,-1.8722391128540041,8.495925903320312,49300.0,-0.2370214313268661,-9.723478317260742,-1.25226891040802,49300.0,3.869628429412842,-10.43931770324707,1.5885528326034546
884,49400.0,5.728000164031982,29.27799987792969,46.93899917602539,49400.0,0.5393940210342407,0.4621195495128632,1.7058411836624146,49400.0,1001.4400024414064,49400.0,1.8163092136383057,0.7271842956542969,-0.030991077423095707,49400.0,-2.1748409271240234,-9.252936363220217,2.413221836090088,49400.0,-1.20368492603302,-11.595717430114744,7.243657112121582
885,49500.0,7.182000160217285,29.27799987792969,44.97200012207031,49500.0,0.5393940210342407,0.4621195495128632,1.7058411836624146,49500.0,1001.4400024414064,49500.0,1.8163092136383057,0.7271842956542969,-0.030991077423095707,49500.0,-2.1748409271240234,-9.252936363220217,2.413221836090088,49500.0,-1.20368492603302,-11.595717430114744,7.243657112121582
886,49600.0,10.23799991607666,29.27799987792969,42.63999938964844,49600.0,-0.3674354553222656,-0.09682214260101316,-0.26022860407829285,49600.0,1001.5,49600.0,2.1740243434906006,4.910656452178955,1.1031018495559692,49600.0,-1.8645737171173096,-9.430909156799316,1.936935782432556,49600.0,-0.3585317134857178,-8.525752067565918,2.3822307586669917
887,49700.0,12.133000373840332,29.27799987792969,42.04100036621094,49700.0,-0.3674354553222656,-0.09682214260101316,-0.26022860407829285,49700.0,1001.5,49700.0,2.1740243434906006,4.910656452178955,1.1031018495559692,49700.0,-1.8645737171173096,-9.430909156799316,1.936935782432556,49700.0,-0.3585317134857178,-8.525752067565918,2.3822307586669917
888,49800.0,8.800999641418457,25.07600021362305,43.08300018310547,49800.0,0.01466076634824276,-0.5739079117774963,-0.9511171579360962,49800.0,1001.5599975585938,49800.0,2.5352938175201416,5.947504997253418,-2.596938133239746,49800.0,-0.19735585153102875,-9.559158325195312,2.180346965789795,49800.0,0.30945056676864624,-4.520252704620361,3.0400376319885254
889,49900.0,9.192999839782717,22.08699989318848,42.43899917602539,49900.0,0.01466076634824276,-0.5739079117774963,-0.9511171579360962,49900.0,1001.5599975585938,49900.0,2.5352938175201416,5.947504997253418,-2.596938133239746,49900.0,-0.19735585153102875,-9.559158325195312,2.180346965789795,49900.0,0.30945056676864624,-4.520252704620361,3.0400376319885254
890,49500.0,7.182000160217285,29.27799987792969,44.97200012207031,49500.0,0.5393940210342407,0.4621195495128632,1.7058411836624146,49500.0,1001.4400024414064,49500.0,1.8163092136383057,0.7271842956542969,-0.030991077423095707,49500.0,-2.1748409271240234,-9.252936363220217,2.413221836090088,49500.0,-1.20368492603302,-11.595717430114744,7.243657112121582
891,49600.0,10.23799991607666,29.27799987792969,42.63999938964844,49600.0,-0.3674354553222656,-0.09682214260101316,-0.26022860407829285,49600.0,1001.5,49600.0,2.1740243434906006,4.910656452178955,1.1031018495559692,49600.0,-1.8645737171173096,-9.430909156799316,1.936935782432556,49600.0,-0.3585317134857178,-8.525752067565918,2.3822307586669917
892,49700.0,12.133000373840332,29.27799987792969,42.04100036621094,49700.0,-0.3674354553222656,-0.09682214260101316,-0.26022860407829285,49700.0,1001.5,49700.0,2.1740243434906006,4.910656452178955,1.1031018495559692,49700.0,-1.8645737171173096,-9.430909156799316,1.936935782432556,49700.0,-0.3585317134857178,-8.525752067565918,2.3822307586669917
893,49800.0,8.800999641418457,25.07600021362305,43.08300018310547,49800.0,0.01466076634824276,-0.5739079117774963,-0.9511171579360962,49800.0,1001.5599975585938,49800.0,2.5352938175201416,5.947504997253418,-2.596938133239746,49800.0,-0.19735585153102875,-9.559158325195312,2.180346965789795,49800.0,0.30945056676864624,-4.520252704620361,3.0400376319885254
894,49900.0,9.192999839782717,22.08699989318848,42.43899917602539,49900.0,0.01466076634824276,-0.5739079117774963,-0.9511171579360962,49900.0,1001.5599975585938,49900.0,2.5352938175201416,5.947504997253418,-2.596938133239746,49900.0,-0.19735585153102875,-9.559158325195312,2.180346965789795,49900.0,0.30945056676864624,-4.520252704620361,3.0400376319885254
895,50000.0,7.7849998474121085,21.797000885009766,42.43899917602539,50000.0,-0.04520402848720551,-0.9227119684219359,-1.3463469743728638,50000.0,1001.5499877929688,50000.0,-3.141801357269287,-1.2287731170654297,-0.671175479888916,50000.0,3.4237186908721924,-9.125550270080566,1.082978129386902,50000.0,2.3379380702972408,-3.6116533279418963,-0.4165911078453064
896,50100.0,9.071999549865724,22.283000946044922,42.74700164794922,50100.0,-0.6368269920349121,-0.8268061280250549,-0.3597996234893799,50100.0,1001.5399780273438,50100.0,-0.010673999786376951,0.25218868255615234,0.3314310908317566,50100.0,1.7350977659225464,-9.651226043701172,0.11688318848609924,50100.0,0.2819172441959381,-10.354323387145996,0.4118026793003082
897,50200.0,10.371999740600586,21.95199966430664,42.39899826049805,50200.0,-0.6368269920349121,-0.8268061280250549,-0.3597996234893799,50200.0,1001.5399780273438,50200.0,-0.010673999786376951,0.25218868255615234,0.3314310908317566,50200.0,1.7350977659225464,-9.651226043701172,0.11688318848609924,50200.0,0.2819172441959381,-10.354323387145996,0.4118026793003082
898,50300.0,11.859999656677244,21.104000091552734,41.39400100708008,50300.0,-0.11667526513338088,-0.4288274049758911,-0.4502076804637909,50300.0,1001.52001953125,50300.0,-0.4343143701553345,-0.9889583587646484,-1.056183099746704,50300.0,1.8846020698547363,-9.576055526733398,0.9580208659172058,50300.0,1.7244237661361694,-9.39903736114502,0.44831427931785583
899,50400.0,10.994999885559082,19.52899932861328,40.6349983215332,50400.0,-0.11667526513338088,-0.4288274049758911,-0.4502076804637909,50400.0,1001.52001953125,50400.0,-0.4343143701553345,-0.9889583587646484,-1.056183099746704,50400.0,1.8846020698547363,-9.576055526733398,0.9580208659172058,50400.0,1.7244237661361694,-9.39903736114502,0.44831427931785583
900,50000.0,7.7849998474121085,21.797000885009766,42.43899917602539,50000.0,-0.04520402848720551,-0.9227119684219359,-1.3463469743728638,50000.0,1001.5499877929688,50000.0,-3.141801357269287,-1.2287731170654297,-0.671175479888916,50000.0,3.4237186908721924,-9.125550270080566,1.082978129386902,50000.0,2.3379380702972408,-3.6116533279418963,-0.4165911078453064
901,50100.0,9.071999549865724,22.283000946044922,42.74700164794922,50100.0,-0.6368269920349121,-0.8268061280250549,-0.3597996234893799,50100.0,1001.5399780273438,50100.0,-0.010673999786376951,0.25218868255615234,0.3314310908317566,50100.0,1.7350977659225464,-9.651226043701172,0.11688318848609924,50100.0,0.2819172441959381,-10.354323387145996,0.4118026793003082
902,50200.0,10.371999740600586,21.95199966430664,42.39899826049805,50200.0,-0.6368269920349121,-0.8268061280250549,-0.3597996234893799,50200.0,1001.5399780273438,50200.0,-0.010673999786376951,0.25218868255615234,0.3314310908317566,50200.0,1.7350977659225464,-9.651226043701172,0.11688318848609924,50200.0,0.2819172441959381,-10.354323387145996,0.4118026793003082
903,50300.0,11.859999656677244,21.104000091552734,41.39400100708008,50300.0,-0.11667526513338088,-0.4288274049758911,-0.4502076804637909,50300.0,1001.52001953125,50300.0,-0.4343143701553345,-0.9889583587646484,-1.056183099746704,50300.0,1.8846020698547363,-9.576055526733398,0.9580208659172058,50300.0,1.7244237661361694,-9.39903736114502,0.44831427931785583
904,50400.0,10.994999885559082,19.52899932861328,40.6349983215332,50400.0,-0.11667526513338088,-0.4288274049758911,-0.4502076804637909,50400.0,1001.52001953125,50400.0,-0.4343143701553345,-0.9889583587646484,-1.056183099746704,50400.0,1.8846020698547363,-9.576055526733398,0.9580208659172058,50400.0,1.7244237661361694,-9.39903736114502,0.44831427931785583
905,50500.0,11.336999893188475,19.201000213623047,40.6349983215332,50500.0,0.09376781433820723,0.10842858254909517,-0.2981022298336029,50500.0,1001.47998046875,50500.0,1.5840866565704346,-1.988487243652344,-1.0914931297302246,50500.0,1.6989624500274658,-9.563535690307617,1.350066900253296,50500.0,1.450287699699402,-10.565013885498047,-0.09816227108240128
906,50600.0,10.607000350952148,18.886999130249023,40.6349983215332,50600.0,0.09376781433820723,0.10842858254909517,-0.2981022298336029,50600.0,1001.47998046875,50600.0,1.5840866565704346,-1.988487243652344,-1.0914931297302246,50600.0,1.6989624500274658,-9.563535690307617,1.350066900253296,50600.0,1.450287699699402,-10.565013885498047,-0.09816227108240128
907,50700.0,9.78499984741211,18.886999130249023,40.31800079345703,50700.0,1.3124439716339111,0.20983220636844635,0.22327125072479248,50700.0,1001.5,50700.0,0.3230523467063904,-0.997262954711914,-2.584019899368286,50700.0,0.7094470858573914,-9.16971492767334,3.403435468673706,50700.0,3.2830491065979004,-11.552022933959961,0.2585737705230713
908,50800.0,7.670000076293945,23.631999969482425,39.93600082397461,50800.0,1.3124439716339111,0.20983220636844635,0.22327125072479248,50800.0,1001.5,50800.0,0.3230523467063904,-0.997262954711914,-2.584019899368286,50800.0,0.7094470858573914,-9.16971492767334,3.403435468673706,50800.0,3.2830491065979004,-11.552022933959961,0.2585737705230713
909,50900.0,6.9619998931884775,23.05599975585937,38.54199981689453,50900.0,0.2318233549594879,1.5070046186447144,1.5180001258850098,50900.0,1001.47998046875,50900.0,4.204714775085448,1.2108917236328125,-1.637123703956604,50900.0,-1.6207726001739502,-9.56964874267578,1.4018933773040771,50900.0,1.0324994325637815,-10.166977882385254,0.8194155097007751
910,50500.0,11.336999893188475,19.201000213623047,40.6349983215332,50500.0,0.09376781433820723,0.10842858254909517,-0.2981022298336029,50500.0,1001.47998046875,50500.0,1.5840866565704346,-1.988487243652344,-1.0914931297302246,50500.0,1.6989624500274658,-9.563535690307617,1.350066900253296,50500.0,1.450287699699402,-10.565013885498047,-0.09816227108240128
911,50600.0,10.607000350952148,18.886999130249023,40.6349983215332,50600.0,0.09376781433820723,0.10842858254909517,-0.2981022298336029,50600.0,1001.47998046875,50600.0,1.5840866565704346,-1.988487243652344,-1.0914931297302246,50600.0,1.6989624500274658,-9.563535690307617,1.350066900253296,50600.0,1.450287699699402,-10.565013885498047,-0.09816227108240128
912,50700.0,9.78499984741211,18.886999130249023,40.31800079345703,50700.0,1.3124439716339111,0.20983220636844635,0.22327125072479248,50700.0,1001.5,50700.0,0.3230523467063904,-0.997262954711914,-2.584019899368286,50700.0,0.7094470858573914,-9.16971492767334,3.403435468673706,50700.0,3.2830491065979004,-11.552022933959961,0.2585737705230713
913,50800.0,7.670000076293945,23.631999969482425,39.93600082397461,50800.0,1.3124439716339111,0.20983220636844635,0.22327125072479248,50800.0,1001.5,50800.0,0.3230523467063904,-0.997262954711914,-2.584019899368286,50800.0,0.7094470858573914,-9.16971492767334,3.403435468673706,50800.0,3.2830491065979004,-11.552022933959961,0.2585737705230713
914,50900.0,6.9619998931884775,23.05599975585937,38.54199981689453,50900.0,0.2318233549594879,1.5070046186447144,1.5180001258850098,50900.0,1001.47998046875,50900.0,4.204714775085448,1.2108917236328125,-1.637123703956604,50900.0,-1.6207726001739502,-9.56964874267578,1.4018933773040771,50900.0,1.0324994325637815,-10.166977882385254,0.8194155097007751
915,51000.0,6.9619998931884775,23.05599975585937,37.6349983215332,51000.0,0.6624833345413208,0.44654250144958496,1.0054842233657837,51000.0,1001.4600219726564,51000.0,0.8601002693176271,2.7035274505615234,-0.47434401512146,51000.0,-0.6697612404823303,-9.501264572143556,2.3340401649475098,51000.0,2.583942174911499,-8.358757019042969,-0.2352303117513657
916,51100.0,7.440999984741211,23.37899971008301,36.16600036621094,51100.0,0.6624833345413208,0.44654250144958496,1.0054842233657837,51100.0,1001.4600219726564,51100.0,0.8601002693176271,2.7035274505615234,-0.47434401512146,51100.0,-0.6697612404823303,-9.501264572143556,2.3340401649475098,51100.0,2.583942174911499,-8.358757019042969,-0.2352303117513657
917,51200.0,10.086999893188477,23.37899971008301,35.527000427246094,51200.0,-0.750142514705658,-0.3634648323059082,-0.7840455174446106,51200.0,1001.469970703125,51200.0,-4.098229885101318,1.8587985038757324,5.219275951385498,51200.0,2.319338083267212,-9.525630950927734,0.2311245650053025,51200.0,0.19033902883529666,-6.797737121582031,1.8596961498260496
918,51300.0,11.006999969482422,22.577999114990234,34.52899932861328,51300.0,-0.750142514705658,-0.3634648323059082,-0.7840455174446106,51300.0,1001.469970703125,51300.0,-4.098229885101318,1.8587985038757324,5.219275951385498,51300.0,2.319338083267212,-9.525630950927734,0.2311245650053025,51300.0,0.19033902883529666,-6.797737121582031,1.8596961498260496
919,51400.0,10.461999893188477,21.496000289916992,34.16400146484375,51400.0,-0.8686503767967224,-0.07910704612731934,-1.5317445993423462,51400.0,1001.469970703125,51400.0,-3.646987915039064,-2.583690643310547,1.5177918672561646,51400.0,4.499323844909668,-8.642721176147461,-1.1089819669723509,51400.0,-1.778891921043396,-7.666832447052003,5.450400352478027
920,51000.0,6.9619998931884775,23.05599975585937,37.6349983215332,51000.0,0.6624833345413208,0.44654250144958496,1.0054842233657837,51000.0,1001.4600219726564,51000.0,0.8601002693176271,2.7035274505615234,-0.47434401512146,51000.0,-0.6697612404823303,-9.501264572143556,2.3340401649475098,51000.0,2.583942174911499,-8.358757019042969,-0.2352303117513657
921,51100.0,7.440999984741211,23.37899971008301,36.16600036621094,51100.0,0.6624833345413208,0.44654250144958496,1.0054842233657837,51100.0,1001.4600219726564,51100.0,0.8601002693176271,2.7035274505615234,-0.47434401512146,51100.0,-0.6697612404823303,-9.501264572143556,2.3340401649475098,51100.0,2.583942174911499,-8.358757019042969,-0.2352303117513657
922,51200.0,10.086999893188477,23.37899971008301,35.527000427246094,51200.0,-0.750142514705658,-0.3634648323059082,-0.7840455174446106,51200.0,1001.469970703125,51200.0,-4.098229885101318,1.8587985038757324,5.219275951385498,51200.0,2.319338083267212,-9.525630950927734,0.2311245650053025,51200.0,0.19033902883529666,-6.797737121582031,1.8596961498260496
923,51300.0,11.006999969482422,22.577999114990234,34.52899932861328,51300.0,-0.750142514705658,-0.3634648323059082,-0.7840455174446106,51300.0,1001.469970703125,51300.0,-4.098229885101318,1.8587985038757324,5.219275951385498,51300.0,2.319338083267212,-9.525630950927734,0.2311245650053025,51300.0,0.19033902883529666,-6.797737121582031,1.8596961498260496
924,51400.0,10.461999893188477,21.496000289916992,34.16400146484375,51400.0,-0.8686503767967224,-0.07910704612731934,-1.5317445993423462,51400.0,1001.469970703125,51400.0,-3.646987915039064,-2.583690643310547,1.5177918672561646,51400.0,4.499323844909668,-8.642721176147461,-1.1089819669723509,51400.0,-1.778891921043396,-7.666832447052003,5.450400352478027
925,51500.0,10.461999893188477,20.83799934387207,33.82199859619141,51500.0,-0.8686503767967224,-0.07910704612731934,-1.5317445993423462,51500.0,1001.469970703125,51500.0,-3.646987915039064,-2.583690643310547,1.5177918672561646,51500.0,4.499323844909668,-8.642721176147461,-1.1089819669723509,51500.0,-1.778891921043396,-7.666832447052003,5.450400352478027
926,51600.0,10.774999618530273,19.827999114990234,33.154998779296875,51600.0,0.2736676335334778,-0.03940080851316452,-0.8087855577468872,51600.0,1001.4500122070312,51600.0,-3.0835189819335938,-1.3601579666137695,0.7146861553192139,51600.0,5.437019348144531,-8.140034675598145,-0.5907862186431885,51600.0,0.8523358106613159,-11.226411819458008,0.4088099300861359
927,51700.0,15.699000358581545,19.40900039672852,30.006999969482425,51700.0,0.2736676335334778,-0.03940080851316452,-0.8087855577468872,51700.0,1001.4500122070312,51700.0,-3.0835189819335938,-1.3601579666137695,0.7146861553192139,51700.0,5.437019348144531,-8.140034675598145,-0.5907862186431885,51700.0,0.8523358106613159,-11.226411819458008,0.4088099300861359
928,51800.0,17.57900047302246,19.058000564575195,28.14900016784668,51800.0,-0.313373863697052,-1.3014483451843262,-0.3179553747177124,51800.0,1001.47998046875,51800.0,-4.086822509765625,-1.3683767318725586,1.9044570922851565,51800.0,5.222272396087647,-8.008514404296875,-2.1821844577789307,51800.0,2.353500366210937,-9.500192642211914,0.1238999366760254
929,51900.0,18.218000411987305,18.68400001525879,27.69300079345703,51900.0,-0.1264491081237793,-0.6221662759780884,-0.3982841372489929,51900.0,1001.4400024414064,51900.0,-3.3088490962982178,-2.8583769798278813,1.9157774448394769,51900.0,5.146997451782227,-7.883208751678468,-2.744769811630249,51900.0,1.1354501247406006,-9.376891136169434,-0.2777273952960968
930,51500.0,10.461999893188477,20.83799934387207,33.82199859619141,51500.0,-0.8686503767967224,-0.07910704612731934,-1.5317445993423462,51500.0,1001.469970703125,51500.0,-3.646987915039064,-2.583690643310547,1.5177918672561646,51500.0,4.499323844909668,-8.642721176147461,-1.1089819669723509,51500.0,-1.778891921043396,-7.666832447052003,5.450400352478027
931,51600.0,10.774999618530273,19.827999114990234,33.154998779296875,51600.0,0.2736676335334778,-0.03940080851316452,-0.8087855577468872,51600.0,1001.4500122070312,51600.0,-3.0835189819335938,-1.3601579666137695,0.7146861553192139,51600.0,5.437019348144531,-8.140034675598145,-0.5907862186431885,51600.0,0.8523358106613159,-11.226411819458008,0.4088099300861359
932,51700.0,15.699000358581545,19.40900039672852,30.006999969482425,51700.0,0.2736676335334778,-0.03940080851316452,-0.8087855577468872,51700.0,1001.4500122070312,51700.0,-3.0835189819335938,-1.3601579666137695,0.7146861553192139,51700.0,5.437019348144531,-8.140034675598145,-0.5907862186431885,51700.0,0.8523358106613159,-11.226411819458008,0.4088099300861359
933,51800.0,17.57900047302246,19.058000564575195,28.14900016784668,51800.0,-0.313373863697052,-1.3014483451843262,-0.3179553747177124,51800.0,1001.47998046875,51800.0,-4.086822509765625,-1.3683767318725586,1.9044570922851565,51800.0,5.222272396087647,-8.008514404296875,-2.1821844577789307,51800.0,2.353500366210937,-9.500192642211914,0.1238999366760254
934,51900.0,18.218000411987305,18.68400001525879,27.69300079345703,51900.0,-0.1264491081237793,-0.6221662759780884,-0.3982841372489929,51900.0,1001.4400024414064,51900.0,-3.3088490962982178,-2.8583769798278813,1.9157774448394769,51900.0,5.146997451782227,-7.883208751678468,-2.744769811630249,51900.0,1.1354501247406006,-9.376891136169434,-0.2777273952960968
935,52000.0,17.76799964904785,18.336000442504886,27.69300079345703,52000.0,-0.1264491081237793,-0.6221662759780884,-0.3982841372489929,52000.0,1001.4400024414064,52000.0,-3.3088490962982178,-2.8583769798278813,1.9157774448394769,52000.0,5.146997451782227,-7.883208751678468,-2.744769811630249,52000.0,1.1354501247406006,-9.376891136169434,-0.2777273952960968
936,52100.0,18.108999252319336,17.97599983215332,27.288000106811523,52100.0,0.5021312236785889,0.2321287989616394,-0.02443460933864117,52100.0,1001.47998046875,52100.0,0.051857948303222656,-2.0431108474731445,4.135179519653319,52100.0,5.007090091705322,-8.312410354614258,-1.415366291999817,52100.0,1.8381483554840088,-10.741585731506348,-0.8289923667907715
937,52200.0,18.80900001525879,17.97599983215332,26.636999130249023,52200.0,0.5021312236785889,0.2321287989616394,-0.02443460933864117,52200.0,1001.47998046875,52200.0,0.051857948303222656,-2.0431108474731445,4.135179519653319,52200.0,5.007090091705322,-8.312410354614258,-1.415366291999817,52200.0,1.8381483554840088,-10.741585731506348,-0.8289923667907715
938,52300.0,19.136999130249023,17.97599983215332,26.32999992370605,52300.0,0.645684540271759,-0.10201449692249298,1.1227703094482422,52300.0,1001.4199829101564,52300.0,-0.04841780662536621,-0.0813760757446289,0.749085545539856,52300.0,2.9076931476593018,-9.361953735351564,-0.2636611759662628,52300.0,5.058948040008545,-10.355521202087402,2.719813108444214
939,52400.0,19.892000198364254,17.97599983215332,26.024999618530273,52400.0,0.645684540271759,-0.10201449692249298,1.1227703094482422,52400.0,1001.4199829101564,52400.0,-0.04841780662536621,-0.0813760757446289,0.749085545539856,52400.0,2.9076931476593018,-9.361953735351564,-0.2636611759662628,52400.0,5.058948040008545,-10.355521202087402,2.719813108444214
940,52000.0,17.76799964904785,18.336000442504886,27.69300079345703,52000.0,-0.1264491081237793,-0.6221662759780884,-0.3982841372489929,52000.0,1001.4400024414064,52000.0,-3.3088490962982178,-2.8583769798278813,1.9157774448394769,52000.0,5.146997451782227,-7.883208751678468,-2.744769811630249,52000.0,1.1354501247406006,-9.376891136169434,-0.2777273952960968
941,52100.0,18.108999252319336,17.97599983215332,27.288000106811523,52100.0,0.5021312236785889,0.2321287989616394,-0.02443460933864117,52100.0,1001.47998046875,52100.0,0.051857948303222656,-2.0431108474731445,4.135179519653319,52100.0,5.007090091705322,-8.312410354614258,-1.415366291999817,52100.0,1.8381483554840088,-10.741585731506348,-0.8289923667907715
942,52200.0,18.80900001525879,17.97599983215332,26.636999130249023,52200.0,0.5021312236785889,0.2321287989616394,-0.02443460933864117,52200.0,1001.47998046875,52200.0,0.051857948303222656,-2.0431108474731445,4.135179519653319,52200.0,5.007090091705322,-8.312410354614258,-1.415366291999817,52200.0,1.8381483554840088,-10.741585731506348,-0.8289923667907715
943,52300.0,19.136999130249023,17.97599983215332,26.32999992370605,52300.0,0.645684540271759,-0.10201449692249298,1.1227703094482422,52300.0,1001.4199829101564,52300.0,-0.04841780662536621,-0.0813760757446289,0.749085545539856,52300.0,2.9076931476593018,-9.361953735351564,-0.2636611759662628,52300.0,5.058948040008545,-10.355521202087402,2.719813108444214
944,52400.0,19.892000198364254,17.97599983215332,26.024999618530273,52400.0,0.645684540271759,-0.10201449692249298,1.1227703094482422,52400.0,1001.4199829101564,52400.0,-0.04841780662536621,-0.0813760757446289,0.749085545539856,52400.0,2.9076931476593018,-9.361953735351564,-0.2636611759662628,52400.0,5.058948040008545,-10.355521202087402,2.719813108444214
945,52500.0,20.916000366210934,11.479000091552734,26.340999603271484,52500.0,0.2840523421764374,0.6524040699005127,1.4495831727981567,52500.0,1001.3800048828124,52500.0,0.7354273796081543,1.7176361083984375,1.2922546863555908,52500.0,0.09655775874853134,-9.787891387939453,0.5985659956932068,52500.0,2.8592753410339355,-9.443329811096193,0.4854243993759155
946,52600.0,21.62299919128418,5.440999984741211,28.26499938964844,52600.0,0.2840523421764374,0.6524040699005127,1.4495831727981567,52600.0,1001.3800048828124,52600.0,0.7354273796081543,1.7176361083984375,1.2922546863555908,52600.0,0.09655775874853134,-9.787891387939453,0.5985659956932068,52600.0,2.8592753410339355,-9.443329811096193,0.4854243993759155
947,52700.0,21.95199966430664,2.562999963760376,28.26499938964844,52700.0,-0.15057829022407532,0.3579670190811157,0.13530665636062622,52700.0,1001.4500122070312,52700.0,-0.004916131496429443,4.015334606170653,2.9083945751190186,52700.0,-0.4290329217910767,-9.782966613769533,0.5290806293487549,52700.0,0.8319851160049438,-8.070255279541017,1.8908207416534424
948,52800.0,23.03700065612793,0.5350000262260437,28.59000015258789,52800.0,-1.4205671548843384,-0.5381723046302795,-0.3817907869815825,52800.0,1001.469970703125,52800.0,0.9603010416030884,-5.104983329772949,5.366109848022461,52800.0,0.07698679715394974,-9.664847373962402,-1.6598858833312988,52800.0,-0.4339490532875061,-5.767632007598878,3.437475204467773
949,52900.0,26.29599952697754,-0.1770000010728836,26.663000106811523,52900.0,-1.4205671548843384,-0.5381723046302795,-0.3817907869815825,52900.0,1001.469970703125,52900.0,0.9603010416030884,-5.104983329772949,5.366109848022461,52900.0,0.07698679715394974,-9.664847373962402,-1.6598858833312988,52900.0,-0.4339490532875061,-5.767632007598878,3.437475204467773
950,52500.0,20.916000366210934,11.479000091552734,26.340999603271484,52500.0,0.2840523421764374,0.6524040699005127,1.4495831727981567,52500.0,1001.3800048828124,52500.0,0.7354273796081543,1.7176361083984375,1.2922546863555908,52500.0,0.09655775874853134,-9.787891387939453,0.5985659956932068,52500.0,2.8592753410339355,-9.443329811096193,0.4854243993759155
951,52600.0,21.62299919128418,5.440999984741211,28.26499938964844,52600.0,0.2840523421764374,0.6524040699005127,1.4495831727981567,52600.0,1001.3800048828124,52600.0,0.7354273796081543,1.7176361083984375,1.2922546863555908,52600.0,0.09655775874853134,-9.787891387939453,0.5985659956932068,52600.0,2.8592753410339355,-9.443329811096193,0.4854243993759155
952,52700.0,21.95199966430664,2.562999963760376,28.26499938964844,52700.0,-0.15057829022407532,0.3579670190811157,0.13530665636062622,52700.0,1001.4500122070312,52700.0,-0.004916131496429443,4.015334606170653,2.9083945751190186,52700.0,-0.4290329217910767,-9.782966613769533,0.5290806293487549,52700.0,0.8319851160049438,-8.070255279541017,1.8908207416534424
953,52800.0,23.03700065612793,0.5350000262260437,28.59000015258789,52800.0,-1.4205671548843384,-0.5381723046302795,-0.3817907869815825,52800.0,1001.469970703125,52800.0,0.9603010416030884,-5.104983329772949,5.366109848022461,52800.0,0.07698679715394974,-9.664847373962402,-1.6598858833312988,52800.0,-0.4339490532875061,-5.767632007598878,3.437475204467773
954,52900.0,26.29599952697754,-0.1770000010728836,26.663000106811523,52900.0,-1.4205671548843384,-0.5381723046302795,-0.3817907869815825,52900.0,1001.469970703125,52900.0,0.9603010416030884,-5.104983329772949,5.366109848022461,52900.0,0.07698679715394974,-9.664847373962402,-1.6598858833312988,52900.0,-0.4339490532875061,-5.767632007598878,3.437475204467773
955,53000.0,29.58799934387207,-0.5199999809265137,21.63800048828125,53000.0,0.016798794269561768,0.1508837193250656,-0.9352346658706664,53000.0,1001.4500122070312,53000.0,2.3792638778686523,1.2522697448730469,1.006858229637146,53000.0,1.7130255699157717,-9.542193412780762,-1.4773188829421997,53000.0,1.0372878313064575,-14.769830703735352,3.706224203109741
956,53100.0,32.884998321533196,-0.19900000095367432,16.950000762939453,53100.0,0.016798794269561768,0.1508837193250656,-0.9352346658706664,53100.0,1001.4500122070312,53100.0,2.3792638778686523,1.2522697448730469,1.006858229637146,53100.0,1.7130255699157717,-9.542193412780762,-1.4773188829421997,53100.0,1.0372878313064575,-14.769830703735352,3.706224203109741
957,53200.0,36.665000915527344,0.07999999821186066,13.887999534606935,53200.0,-0.3442225754261017,-0.8426886200904846,-0.3359758853912353,53200.0,1001.4500122070312,53200.0,-0.09033000469207764,1.51904296875,1.1349222660064695,53200.0,1.8189436197280884,-9.379805564880373,-2.209320306777954,53200.0,4.092289447784424,-8.289923667907715,-0.4704606235027313
958,53300.0,37.99800109863281,2.4030001163482666,11.534000396728516,53300.0,-0.3442225754261017,-0.8426886200904846,-0.3359758853912353,53300.0,1001.4500122070312,53300.0,-0.09033000469207764,1.51904296875,1.1349222660064695,53300.0,1.8189436197280884,-9.379805564880373,-2.209320306777954,53300.0,4.092289447784424,-8.289923667907715,-0.4704606235027313
959,53400.0,38.36000061035156,2.872999906539917,8.781999588012695,53400.0,-0.4028656184673309,-0.4114177525043488,-0.28496864438056946,53400.0,1001.4199829101564,53400.0,0.6058870553970337,0.5276947021484375,0.8794617652893066,53400.0,1.9445363283157349,-9.163579940795898,-2.901365041732788,53400.0,1.7286136150360107,-7.860762596130371,-1.0743980407714844
960,53000.0,29.58799934387207,-0.5199999809265137,21.63800048828125,53000.0,0.016798794269561768,0.1508837193250656,-0.9352346658706664,53000.0,1001.4500122070312,53000.0,2.3792638778686523,1.2522697448730469,1.006858229637146,53000.0,1.7130255699157717,-9.542193412780762,-1.4773188829421997,53000.0,1.0372878313064575,-14.769830703735352,3.706224203109741
961,53100.0,32.884998321533196,-0.19900000095367432,16.950000762939453,53100.0,0.016798794269561768,0.1508837193250656,-0.9352346658706664,53100.0,1001.4500122070312,53100.0,2.3792638778686523,1.2522697448730469,1.006858229637146,53100.0,1.7130255699157717,-9.542193412780762,-1.4773188829421997,53100.0,1.0372878313064575,-14.769830703735352,3.706224203109741
962,53200.0,36.665000915527344,0.07999999821186066,13.887999534606935,53200.0,-0.3442225754261017,-0.8426886200904846,-0.3359758853912353,53200.0,1001.4500122070312,53200.0,-0.09033000469207764,1.51904296875,1.1349222660064695,53200.0,1.8189436197280884,-9.379805564880373,-2.209320306777954,53200.0,4.092289447784424,-8.289923667907715,-0.4704606235027313
963,53300.0,37.99800109863281,2.4030001163482666,11.534000396728516,53300.0,-0.3442225754261017,-0.8426886200904846,-0.3359758853912353,53300.0,1001.4500122070312,53300.0,-0.09033000469207764,1.51904296875,1.1349222660064695,53300.0,1.8189436197280884,-9.379805564880373,-2.209320306777954,53300.0,4.092289447784424,-8.289923667907715,-0.4704606235027313
964,53400.0,38.36000061035156,2.872999906539917,8.781999588012695,53400.0,-0.4028656184673309,-0.4114177525043488,-0.28496864438056946,53400.0,1001.4199829101564,53400.0,0.6058870553970337,0.5276947021484375,0.8794617652893066,53400.0,1.9445363283157349,-9.163579940795898,-2.901365041732788,53400.0,1.7286136150360107,-7.860762596130371,-1.0743980407714844
965,53500.0,38.02899932861328,2.872999906539917,8.97599983215332,53500.0,-0.4028656184673309,-0.4114177525043488,-0.28496864438056946,53500.0,1001.4199829101564,53500.0,0.6058870553970337,0.5276947021484375,0.8794617652893066,53500.0,1.9445363283157349,-9.163579940795898,-2.901365041732788,53500.0,1.7286136150360107,-7.860762596130371,-1.0743980407714844
966,53600.0,38.64400100708008,3.6010000705718994,9.767999649047852,53600.0,-0.1157589629292488,0.1863138973712921,-0.24709498882293696,53600.0,1001.4099731445312,53600.0,-0.5384536981582642,-0.8639631271362305,2.0940041542053223,53600.0,2.2257673740386963,-9.134821891784668,-2.787724018096924,53600.0,2.550423383712769,-8.635885238647461,-2.021903276443481
967,53700.0,38.64400100708008,3.9260001182556152,9.684000015258787,53700.0,0.2733621895313263,0.6065891981124878,-0.3194825351238251,53700.0,1001.4199829101564,53700.0,0.9315752983093262,-2.567278861999512,3.369325637817384,53700.0,2.800985097885132,-9.255289077758787,-1.6323323249816897,53700.0,1.687313675880432,-9.998785018920898,-0.6937199234962463
968,53800.0,38.97999954223633,3.9260001182556152,13.319000244140625,53800.0,0.2733621895313263,0.6065891981124878,-0.3194825351238251,53800.0,1001.4199829101564,53800.0,0.9315752983093262,-2.567278861999512,3.369325637817384,53800.0,2.800985097885132,-9.255289077758787,-1.6323323249816897,53800.0,1.687313675880432,-9.998785018920898,-0.6937199234962463
969,53900.0,39.6879997253418,3.5820000171661377,17.93899917602539,53900.0,1.6865988969802856,0.3200933933258057,0.6713408827781677,53900.0,1001.3900146484376,53900.0,-0.1001274585723877,0.311126708984375,-4.948493957519531,53900.0,1.4402818679809568,-9.603622436523438,1.3661696910858154,53900.0,3.732560396194458,-11.8225679397583,1.7369933128356934
970,53500.0,38.02899932861328,2.872999906539917,8.97599983215332,53500.0,-0.4028656184673309,-0.4114177525043488,-0.28496864438056946,53500.0,1001.4199829101564,53500.0,0.6058870553970337,0.5276947021484375,0.8794617652893066,53500.0,1.9445363283157349,-9.163579940795898,-2.901365041732788,53500.0,1.7286136150360107,-7.860762596130371,-1.0743980407714844
971,53600.0,38.64400100708008,3.6010000705718994,9.767999649047852,53600.0,-0.1157589629292488,0.1863138973712921,-0.24709498882293696,53600.0,1001.4099731445312,53600.0,-0.5384536981582642,-0.8639631271362305,2.0940041542053223,53600.0,2.2257673740386963,-9.134821891784668,-2.787724018096924,53600.0,2.550423383712769,-8.635885238647461,-2.021903276443481
972,53700.0,38.64400100708008,3.9260001182556152,9.684000015258787,53700.0,0.2733621895313263,0.6065891981124878,-0.3194825351238251,53700.0,1001.4199829101564,53700.0,0.9315752983093262,-2.567278861999512,3.369325637817384,53700.0,2.800985097885132,-9.255289077758787,-1.6323323249816897,53700.0,1.687313675880432,-9.998785018920898,-0.6937199234962463
973,53800.0,38.97999954223633,3.9260001182556152,13.319000244140625,53800.0,0.2733621895313263,0.6065891981124878,-0.3194825351238251,53800.0,1001.4199829101564,53800.0,0.9315752983093262,-2.567278861999512,3.369325637817384,53800.0,2.800985097885132,-9.255289077758787,-1.6323323249816897,53800.0,1.687313675880432,-9.998785018920898,-0.6937199234962463
974,53900.0,39.6879997253418,3.5820000171661377,17.93899917602539,53900.0,1.6865988969802856,0.3200933933258057,0.6713408827781677,53900.0,1001.3900146484376,53900.0,-0.1001274585723877,0.311126708984375,-4.948493957519531,53900.0,1.4402818679809568,-9.603622436523438,1.3661696910858154,53900.0,3.732560396194458,-11.8225679397583,1.7369933128356934
975,54000.0,40.45100021362305,-2.507999897003174,27.47100067138672,54000.0,1.6865988969802856,0.3200933933258057,0.6713408827781677,54000.0,1001.3900146484376,54000.0,-0.1001274585723877,0.311126708984375,-4.948493957519531,54000.0,1.4402818679809568,-9.603622436523438,1.3661696910858154,54000.0,3.732560396194458,-11.8225679397583,1.7369933128356934
976,54100.0,40.79499816894531,-6.695000171661378,27.47100067138672,54100.0,0.7950411438941956,1.8952094316482544,1.2458596229553225,54100.0,1001.4199829101564,54100.0,4.791648864746094,1.173116683959961,-1.8318158388137813,54100.0,-1.5109941959381104,-9.26791286468506,2.827205181121826,54100.0,1.3401544094085691,-9.292495727539064,-3.5823242664337163
977,54200.0,30.6879997253418,-20.125999450683594,40.15299987792969,54200.0,0.7950411438941956,1.8952094316482544,1.2458596229553225,54200.0,1001.4199829101564,54200.0,4.791648864746094,1.173116683959961,-1.8318158388137813,54200.0,-1.5109941959381104,-9.26791286468506,2.827205181121826,54200.0,1.3401544094085691,-9.292495727539064,-3.5823242664337163
978,54300.0,22.61599922180176,-23.732999801635746,46.99200057983398,54300.0,0.7009678483009338,0.6386595964431763,0.7596109509468079,54300.0,1001.219970703125,54300.0,2.3475208282470703,2.0434308052063,-1.43424654006958,54300.0,-3.301610231399536,-8.410211563110353,3.812885999679565,54300.0,3.2806549072265625,-8.094796180725098,0.9953893423080444
979,54400.0,21.684999465942386,-24.5049991607666,50.4370002746582,54400.0,0.7009678483009338,0.6386595964431763,0.7596109509468079,54400.0,1001.219970703125,54400.0,2.3475208282470703,2.0434308052063,-1.43424654006958,54400.0,-3.301610231399536,-8.410211563110353,3.812885999679565,54400.0,3.2806549072265625,-8.094796180725098,0.9953893423080444
980,54000.0,40.45100021362305,-2.507999897003174,27.47100067138672,54000.0,1.6865988969802856,0.3200933933258057,0.6713408827781677,54000.0,1001.3900146484376,54000.0,-0.1001274585723877,0.311126708984375,-4.948493957519531,54000.0,1.4402818679809568,-9.603622436523438,1.3661696910858154,54000.0,3.732560396194458,-11.8225679397583,1.7369933128356934
981,54100.0,40.79499816894531,-6.695000171661378,27.47100067138672,54100.0,0.7950411438941956,1.8952094316482544,1.2458596229553225,54100.0,1001.4199829101564,54100.0,4.791648864746094,1.173116683959961,-1.8318158388137813,54100.0,-1.5109941959381104,-9.26791286468506,2.827205181121826,54100.0,1.3401544094085691,-9.292495727539064,-3.5823242664337163
982,54200.0,30.6879997253418,-20.125999450683594,40.15299987792969,54200.0,0.7950411438941956,1.8952094316482544,1.2458596229553225,54200.0,1001.4199829101564,54200.0,4.791648864746094,1.173116683959961,-1.8318158388137813,54200.0,-1.5109941959381104,-9.26791286468506,2.827205181121826,54200.0,1.3401544094085691,-9.292495727539064,-3.5823242664337163
983,54300.0,22.61599922180176,-23.732999801635746,46.99200057983398,54300.0,0.7009678483009338,0.6386595964431763,0.7596109509468079,54300.0,1001.219970703125,54300.0,2.3475208282470703,2.0434308052063,-1.43424654006958,54300.0,-3.301610231399536,-8.410211563110353,3.812885999679565,54300.0,3.2806549072265625,-8.094796180725098,0.9953893423080444
984,54400.0,21.684999465942386,-24.5049991607666,50.4370002746582,54400.0,0.7009678483009338,0.6386595964431763,0.7596109509468079,54400.0,1001.219970703125,54400.0,2.3475208282470703,2.0434308052063,-1.43424654006958,54400.0,-3.301610231399536,-8.410211563110353,3.812885999679565,54400.0,3.2806549072265625,-8.094796180725098,0.9953893423080444
985,54500.0,25.086000442504893,-28.964000701904297,45.61700057983398,54500.0,-0.9004153609275818,-0.4156937897205353,-0.8436049222946167,54500.0,1001.3300170898438,54500.0,-0.7417427301406859,-0.4289588928222656,4.316168785095215,54500.0,-1.8529733419418333,-9.205906867980957,2.826333522796632,54500.0,-0.9540894031524658,-6.366780757904053,2.3786394596099854
986,54600.0,26.55299949645996,-34.84600067138672,42.007999420166016,54600.0,-1.0882564783096311,0.12186761945486067,-0.9184358716011048,54600.0,1001.3900146484376,54600.0,0.007818847894668579,-2.206409454345703,0.7162641286849976,54600.0,-0.3741317093372345,-9.753226280212402,0.951297402381897,54600.0,-2.5947160720825195,-9.634865760803224,7.142502307891848
987,54700.0,32.53900146484375,-39.16400146484375,35.638999938964844,54700.0,-1.0882564783096311,0.12186761945486067,-0.9184358716011048,54700.0,1001.3900146484376,54700.0,0.007818847894668579,-2.206409454345703,0.7162641286849976,54700.0,-0.3741317093372345,-9.753226280212402,0.951297402381897,54700.0,-2.5947160720825195,-9.634865760803224,7.142502307891848
988,54800.0,40.43199920654297,-38.055999755859375,29.541000366210927,54800.0,0.2220495194196701,-0.342695415019989,-0.9080511927604676,54800.0,1001.4000244140624,54800.0,-1.47360360622406,-0.1358928680419922,-1.167643904685974,54800.0,1.0929255485534668,-9.641427993774414,1.4208307266235352,54800.0,-0.3663128614425659,-11.959635734558105,1.6675615310668943
989,54900.0,48.8759994506836,-35.222999572753906,24.90500068664551,54900.0,0.2220495194196701,-0.342695415019989,-0.9080511927604676,54900.0,1001.4000244140624,54900.0,-1.47360360622406,-0.1358928680419922,-1.167643904685974,54900.0,1.0929255485534668,-9.641427993774414,1.4208307266235352,54900.0,-0.3663128614425659,-11.959635734558105,1.6675615310668943
990,54500.0,25.086000442504893,-28.964000701904297,45.61700057983398,54500.0,-0.9004153609275818,-0.4156937897205353,-0.8436049222946167,54500.0,1001.3300170898438,54500.0,-0.7417427301406859,-0.4289588928222656,4.316168785095215,54500.0,-1.8529733419418333,-9.205906867980957,2.826333522796632,54500.0,-0.9540894031524658,-6.366780757904053,2.3786394596099854
991,54600.0,26.55299949645996,-34.84600067138672,42.007999420166016,54600.0,-1.0882564783096311,0.12186761945486067,-0.9184358716011048,54600.0,1001.3900146484376,54600.0,0.007818847894668579,-2.206409454345703,0.7162641286849976,54600.0,-0.3741317093372345,-9.753226280212402,0.951297402381897,54600.0,-2.5947160720825195,-9.634865760803224,7.142502307891848
992,54700.0,32.53900146484375,-39.16400146484375,35.638999938964844,54700.0,-1.0882564783096311,0.12186761945486067,-0.9184358716011048,54700.0,1001.3900146484376,54700.0,0.007818847894668579,-2.206409454345703,0.7162641286849976,54700.0,-0.3741317093372345,-9.753226280212402,0.951297402381897,54700.0,-2.5947160720825195,-9.634865760803224,7.142502307891848
993,54800.0,40.43199920654297,-38.055999755859375,29.541000366210927,54800.0,0.2220495194196701,-0.342695415019989,-0.9080511927604676,54800.0,1001.4000244140624,54800.0,-1.47360360622406,-0.1358928680419922,-1.167643904685974,54800.0,1.0929255485534668,-9.641427993774414,1.4208307266235352,54800.0,-0.3663128614425659,-11.959635734558105,1.6675615310668943
994,54900.0,48.8759994506836,-35.222999572753906,24.90500068664551,54900.0,0.2220495194196701,-0.342695415019989,-0.9080511927604676,54900.0,1001.4000244140624,54900.0,-1.47360360622406,-0.1358928680419922,-1.167643904685974,54900.0,1.0929255485534668,-9.641427993774414,1.4208307266235352,54900.0,-0.3663128614425659,-11.959635734558105,1.6675615310668943
995,55000.0,50.77799987792969,-36.32799911499024,18.88500022888184,55000.0,-0.3448334336280823,-1.5897767543792725,-0.2874121069908142,55000.0,1001.3800048828124,55000.0,0.3935052156448364,1.4493112564086914,-1.5587304830551147,55000.0,1.7205749750137331,-9.64466381072998,0.43644848465919495,55000.0,-0.3806780576705933,-9.777320861816406,0.25318682193756104
996,55100.0,53.01300048828125,-36.874000549316406,13.829999923706055,55100.0,-0.3448334336280823,-1.5897767543792725,-0.2874121069908142,55100.0,1001.3800048828124,55100.0,0.3935052156448364,1.4493112564086914,-1.5587304830551147,55100.0,1.7205749750137331,-9.64466381072998,0.43644848465919495,55100.0,-0.3806780576705933,-9.777320861816406,0.25318682193756104
997,55200.0,54.13000106811523,-36.39799880981445,10.737000465393066,55200.0,-0.5427537560462952,-0.7800748944282532,-0.1966986060142517,55200.0,1001.3900146484376,55200.0,0.5091829299926758,0.4031333923339844,-0.6819289922714233,55200.0,1.8862159252166748,-9.594473838806152,-0.747409462928772,55200.0,2.1140801906585693,-8.195352554321289,-1.1222820281982422
998,55300.0,54.13000106811523,-36.39799880981445,9.447999954223633,55300.0,-0.5427537560462952,-0.7800748944282532,-0.1966986060142517,55300.0,1001.3900146484376,55300.0,0.5091829299926758,0.4031333923339844,-0.6819289922714233,55300.0,1.8862159252166748,-9.594473838806152,-0.747409462928772,55300.0,2.1140801906585693,-8.195352554321289,-1.1222820281982422
999,55400.0,55.03300094604492,-37.117000579833984,9.687000274658203,55400.0,-0.07666359096765518,0.3454442918300629,-0.2932153046131134,55400.0,1001.3800048828124,55400.0,0.02737593650817871,-0.7515525817871094,0.1978451907634735,55400.0,2.2489113807678223,-9.526156425476074,-0.6042609214782715,55400.0,2.3953988552093506,-9.191340446472168,-1.429338455200195
1000,55000.0,50.77799987792969,-36.32799911499024,18.88500022888184,55000.0,-0.3448334336280823,-1.5897767543792725,-0.2874121069908142,55000.0,1001.3800048828124,55000.0,0.3935052156448364,1.4493112564086914,-1.5587304830551147,55000.0,1.7205749750137331,-9.64466381072998,0.43644848465919495,55000.0,-0.3806780576705933,-9.777320861816406,0.25318682193756104
1001,55100.0,53.01300048828125,-36.874000549316406,13.829999923706055,55100.0,-0.3448334336280823,-1.5897767543792725,-0.2874121069908142,55100.0,1001.3800048828124,55100.0,0.3935052156448364,1.4493112564086914,-1.5587304830551147,55100.0,1.7205749750137331,-9.64466381072998,0.43644848465919495,55100.0,-0.3806780576705933,-9.777320861816406,0.25318682193756104
1002,55200.0,54.13000106811523,-36.39799880981445,10.737000465393066,55200.0,-0.5427537560462952,-0.7800748944282532,-0.1966986060142517,55200.0,1001.3900146484376,55200.0,0.5091829299926758,0.4031333923339844,-0.6819289922714233,55200.0,1.8862159252166748,-9.594473838806152,-0.747409462928772,55200.0,2.1140801906585693,-8.195352554321289,-1.1222820281982422
1003,55300.0,54.13000106811523,-36.39799880981445,9.447999954223633,55300.0,-0.5427537560462952,-0.7800748944282532,-0.1966986060142517,55300.0,1001.3900146484376,55300.0,0.5091829299926758,0.4031333923339844,-0.6819289922714233,55300.0,1.8862159252166748,-9.594473838806152,-0.747409462928772,55300.0,2.1140801906585693,-8.195352554321289,-1.1222820281982422
1004,55400.0,55.03300094604492,-37.117000579833984,9.687000274658203,55400.0,-0.07666359096765518,0.3454442918300629,-0.2932153046131134,55400.0,1001.3800048828124,55400.0,0.02737593650817871,-0.7515525817871094,0.1978451907634735,55400.0,2.2489113807678223,-9.526156425476074,-0.6042609214782715,55400.0,2.3953988552093506,-9.191340446472168,-1.429338455200195
1005,55500.0,55.38999938964844,-37.47100067138672,11.197999954223633,55500.0,0.4780020415782929,0.5693264007568359,-0.294437050819397,55500.0,1001.4400024414064,55500.0,-0.2068469524383545,-2.3598737716674805,-0.592809796333313,55500.0,2.5328137874603267,-9.452518463134766,0.6365039944648743,55500.0,2.276287317276001,-10.277709007263184,-0.406415730714798
1006,55600.0,56.0369987487793,-38.61199951171875,17.357999801635742,55600.0,0.4780020415782929,0.5693264007568359,-0.294437050819397,55600.0,1001.4400024414064,55600.0,-0.2068469524383545,-2.3598737716674805,-0.592809796333313,55600.0,2.5328137874603267,-9.452518463134766,0.6365039944648743,55600.0,2.276287317276001,-10.277709007263184,-0.406415730714798
1007,55700.0,56.0369987487793,-41.599998474121094,30.395000457763672,55700.0,1.4425582885742188,0.06994406878948213,1.027475357055664,55700.0,1001.4400024414064,55700.0,1.8652722835540767,0.9391193389892578,-5.3387184143066415,55700.0,0.627690315246582,-9.291292190551758,3.0738036632537837,55700.0,2.3259668350219727,-11.812392234802244,0.04369417950510979
1008,55800.0,39.39799880981445,-43.823001861572266,52.30400085449219,55800.0,1.4425582885742188,0.06994406878948213,1.027475357055664,55800.0,1001.4400024414064,55800.0,1.8652722835540767,0.9391193389892578,-5.3387184143066415,55800.0,0.627690315246582,-9.291292190551758,3.0738036632537837,55800.0,2.3259668350219727,-11.812392234802244,0.04369417950510979
1009,55900.0,17.849000930786133,-46.611000061035156,64.40399932861328,55900.0,0.9764680862426758,0.1316414624452591,2.2516493797302246,55900.0,1001.2899780273438,55900.0,3.0991823673248287,-1.0790853500366209,-2.6513452529907227,55900.0,-3.1219272613525386,-8.063772201538086,4.62596321105957,55900.0,2.492962598800659,-8.3521728515625,-2.2649147510528564
1010,55500.0,55.38999938964844,-37.47100067138672,11.197999954223633,55500.0,0.4780020415782929,0.5693264007568359,-0.294437050819397,55500.0,1001.4400024414064,55500.0,-0.2068469524383545,-2.3598737716674805,-0.592809796333313,55500.0,2.5328137874603267,-9.452518463134766,0.6365039944648743,55500.0,2.276287317276001,-10.277709007263184,-0.406415730714798
1011,55600.0,56.0369987487793,-38.61199951171875,17.357999801635742,55600.0,0.4780020415782929,0.5693264007568359,-0.294437050819397,55600.0,1001.4400024414064,55600.0,-0.2068469524383545,-2.3598737716674805,-0.592809796333313,55600.0,2.5328137874603267,-9.452518463134766,0.6365039944648743,55600.0,2.276287317276001,-10.277709007263184,-0.406415730714798
1012,55700.0,56.0369987487793,-41.599998474121094,30.395000457763672,55700.0,1.4425582885742188,0.06994406878948213,1.027475357055664,55700.0,1001.4400024414064,55700.0,1.8652722835540767,0.9391193389892578,-5.3387184143066415,55700.0,0.627690315246582,-9.291292190551758,3.0738036632537837,55700.0,2.3259668350219727,-11.812392234802244,0.04369417950510979
1013,55800.0,39.39799880981445,-43.823001861572266,52.30400085449219,55800.0,1.4425582885742188,0.06994406878948213,1.027475357055664,55800.0,1001.4400024414064,55800.0,1.8652722835540767,0.9391193389892578,-5.3387184143066415,55800.0,0.627690315246582,-9.291292190551758,3.0738036632537837,55800.0,2.3259668350219727,-11.812392234802244,0.04369417950510979
1014,55900.0,17.849000930786133,-46.611000061035156,64.40399932861328,55900.0,0.9764680862426758,0.1316414624452591,2.2516493797302246,55900.0,1001.2899780273438,55900.0,3.0991823673248287,-1.0790853500366209,-2.6513452529907227,55900.0,-3.1219272613525386,-8.063772201538086,4.62596321105957,55900.0,2.492962598800659,-8.3521728515625,-2.2649147510528564
1015,56000.0,0.9240000247955322,-41.62900161743164,76.96299743652344,56000.0,0.9764680862426758,0.1316414624452591,2.2516493797302246,56000.0,1001.2899780273438,56000.0,3.0991823673248287,-1.0790853500366209,-2.6513452529907227,56000.0,-3.1219272613525386,-8.063772201538086,4.62596321105957,56000.0,2.492962598800659,-8.3521728515625,-2.2649147510528564
1016,56100.0,-3.2939999103546143,-25.05900001525879,88.98699951171875,56100.0,0.8237518072128296,-0.4978551864624024,1.1985175609588623,56100.0,1001.2999877929688,56100.0,3.491494655609132,2.1651153564453125,-3.3118762969970703,56100.0,-4.344429016113281,-6.286135196685791,6.146611213684082,56100.0,-0.02274491637945175,-9.142857551574707,1.974617838859558
1017,56200.0,-0.8539999723434448,-16.357000350952152,94.8499984741211,56200.0,0.8237518072128296,-0.4978551864624024,1.1985175609588623,56200.0,1001.2999877929688,56200.0,3.491494655609132,2.1651153564453125,-3.3118762969970703,56200.0,-4.344429016113281,-6.286135196685791,6.146611213684082,56200.0,-0.02274491637945175,-9.142857551574707,1.974617838859558
1018,56300.0,0.7699999809265137,-18.165000915527344,95.46199798583984,56300.0,-0.7367035150527954,-1.3176363706588743,0.2486221492290497,56300.0,1001.3599853515624,56300.0,-3.966374158859253,3.7475409507751465,5.657471179962157,56300.0,0.2840919494628906,-9.80247688293457,0.0335465706884861,56300.0,-0.8529343605041504,-4.121019840240479,2.834734916687012
1019,56400.0,6.38700008392334,-20.3700008392334,94.80799865722656,56400.0,0.6380487680435181,-1.3750576972961426,-0.3637702465057373,56400.0,1001.260009765625,56400.0,-0.16253000497817993,9.526193618774414,-1.7279312610626218,56400.0,0.8670238256454468,-9.703364372253418,1.1239938735961914,56400.0,-3.6822822093963614,-6.054935932159424,5.6910176277160645
1020,56000.0,0.9240000247955322,-41.62900161743164,76.96299743652344,56000.0,0.9764680862426758,0.1316414624452591,2.2516493797302246,56000.0,1001.2899780273438,56000.0,3.0991823673248287,-1.0790853500366209,-2.6513452529907227,56000.0,-3.1219272613525386,-8.063772201538086,4.62596321105957,56000.0,2.492962598800659,-8.3521728515625,-2.2649147510528564
1021,56100.0,-3.2939999103546143,-25.05900001525879,88.98699951171875,56100.0,0.8237518072128296,-0.4978551864624024,1.1985175609588623,56100.0,1001.2999877929688,56100.0,3.491494655609132,2.1651153564453125,-3.3118762969970703,56100.0,-4.344429016113281,-6.286135196685791,6.146611213684082,56100.0,-0.02274491637945175,-9.142857551574707,1.974617838859558
1022,56200.0,-0.8539999723434448,-16.357000350952152,94.8499984741211,56200.0,0.8237518072128296,-0.4978551864624024,1.1985175609588623,56200.0,1001.2999877929688,56200.0,3.491494655609132,2.1651153564453125,-3.3118762969970703,56200.0,-4.344429016113281,-6.286135196685791,6.146611213684082,56200.0,-0.02274491637945175,-9.142857551574707,1.974617838859558
1023,56300.0,0.7699999809265137,-18.165000915527344,95.46199798583984,56300.0,-0.7367035150527954,-1.3176363706588743,0.2486221492290497,56300.0,1001.3599853515624,56300.0,-3.966374158859253,3.7475409507751465,5.657471179962157,56300.0,0.2840919494628906,-9.80247688293457,0.0335465706884861,56300.0,-0.8529343605041504,-4.121019840240479,2.834734916687012
1024,56400.0,6.38700008392334,-20.3700008392334,94.80799865722656,56400.0,0.6380487680435181,-1.3750576972961426,-0.3637702465057373,56400.0,1001.260009765625,56400.0,-0.16253000497817993,9.526193618774414,-1.7279312610626218,56400.0,0.8670238256454468,-9.703364372253418,1.1239938735961914,56400.0,-3.6822822093963614,-6.054935932159424,5.6910176277160645
1025,56500.0,5.703000068664551,-22.37299919128418,94.78399658203124,56500.0,0.6380487680435181,-1.3750576972961426,-0.3637702465057373,56500.0,1001.260009765625,56500.0,-0.16253000497817993,9.526193618774414,-1.7279312610626218,56500.0,0.8670238256454468,-9.703364372253418,1.1239938735961914,56500.0,-3.6822822093963614,-6.054935932159424,5.6910176277160645
1026,56600.0,-0.37299999594688416,-29.183000564575195,94.78399658203124,56600.0,-0.6243042945861816,-0.6301075220108032,-1.2220358848571775,56600.0,1001.3300170898438,56600.0,-2.109337329864502,2.928724765777588,-0.18457074463367465,56600.0,2.8527369499206543,-9.382295608520508,-0.06921462714672089,56600.0,0.7044938206672668,-0.17717093229293826,-0.6039373874664307
1027,56700.0,-3.256999969482422,-34.14400100708008,89.76399993896484,56700.0,-0.6243042945861816,-0.6301075220108032,-1.2220358848571775,56700.0,1001.3300170898438,56700.0,-2.109337329864502,2.928724765777588,-0.18457074463367465,56700.0,2.8527369499206543,-9.382295608520508,-0.06921462714672089,56700.0,0.7044938206672668,-0.17717093229293826,-0.6039373874664307
1028,56800.0,7.308000087738037,-32.84999847412109,87.74500274658203,56800.0,0.7547240257263184,0.16829337179660794,-0.3005456924438477,56800.0,1001.3699951171876,56800.0,-0.4925934076309204,-0.9037933349609376,-1.5620663166046145,56800.0,1.0995235443115234,-9.40923023223877,2.535309314727783,56800.0,0.7433996200561523,-6.45357084274292,-0.2537853717803955
1029,56900.0,30.267000198364247,-23.572999954223643,86.4530029296875,56900.0,0.7547240257263184,0.16829337179660794,-0.3005456924438477,56900.0,1001.3699951171876,56900.0,-0.4925934076309204,-0.9037933349609376,-1.5620663166046145,56900.0,1.0995235443115234,-9.40923023223877,2.535309314727783,56900.0,0.7433996200561523,-6.45357084274292,-0.2537853717803955
1030,56500.0,5.703000068664551,-22.37299919128418,94.78399658203124,56500.0,0.6380487680435181,-1.3750576972961426,-0.3637702465057373,56500.0,1001.260009765625,56500.0,-0.16253000497817993,9.526193618774414,-1.7279312610626218,56500.0,0.8670238256454468,-9.703364372253418,1.1239938735961914,56500.0,-3.6822822093963614,-6.054935932159424,5.6910176277160645
1031,56600.0,-0.37299999594688416,-29.183000564575195,94.78399658203124,56600.0,-0.6243042945861816,-0.6301075220108032,-1.2220358848571775,56600.0,1001.3300170898438,56600.0,-2.109337329864502,2.928724765777588,-0.18457074463367465,56600.0,2.8527369499206543,-9.382295608520508,-0.06921462714672089,56600.0,0.7044938206672668,-0.17717093229293826,-0.6039373874664307
1032,56700.0,-3.256999969482422,-34.14400100708008,89.76399993896484,56700.0,-0.6243042945861816,-0.6301075220108032,-1.2220358848571775,56700.0,1001.3300170898438,56700.0,-2.109337329864502,2.928724765777588,-0.18457074463367465,56700.0,2.8527369499206543,-9.382295608520508,-0.06921462714672089,56700.0,0.7044938206672668,-0.17717093229293826,-0.6039373874664307
1033,56800.0,7.308000087738037,-32.84999847412109,87.74500274658203,56800.0,0.7547240257263184,0.16829337179660794,-0.3005456924438477,56800.0,1001.3699951171876,56800.0,-0.4925934076309204,-0.9037933349609376,-1.5620663166046145,56800.0,1.0995235443115234,-9.40923023223877,2.535309314727783,56800.0,0.7433996200561523,-6.45357084274292,-0.2537853717803955
1034,56900.0,30.267000198364247,-23.572999954223643,86.4530029296875,56900.0,0.7547240257263184,0.16829337179660794,-0.3005456924438477,56900.0,1001.3699951171876,56900.0,-0.4925934076309204,-0.9037933349609376,-1.5620663166046145,56900.0,1.0995235443115234,-9.40923023223877,2.535309314727783,56900.0,0.7433996200561523,-6.45357084274292,-0.2537853717803955
1035,57000.0,38.5890007019043,-25.006000518798828,80.27400207519531,57000.0,-0.2590068578720093,-3.126408338546753,-0.8478809595108032,57000.0,1001.3099975585938,57000.0,-1.3261793851852417,0.3121557235717773,-0.2180050313472748,57000.0,2.279670238494873,-9.53342342376709,-0.29555121064186096,57000.0,0.606930136680603,-10.313023567199707,0.9732429981231692
1036,57100.0,45.928001403808594,-23.496999740600586,75.87999725341797,57100.0,-0.2590068578720093,-3.126408338546753,-0.8478809595108032,57100.0,1001.3099975585938,57100.0,-1.3261793851852417,0.3121557235717773,-0.2180050313472748,57100.0,2.279670238494873,-9.53342342376709,-0.29555121064186096,57100.0,0.606930136680603,-10.313023567199707,0.9732429981231692
1037,57200.0,49.47600173950195,-15.80799961090088,76.83200073242188,57200.0,1.5485434532165527,-1.4278974533081057,0.6206390857696533,57200.0,1001.4000244140624,57200.0,-1.0162267684936523,-1.5266094207763672,-2.7806310653686523,57200.0,-0.058769878000020974,-9.124595642089844,3.5928640365600586,57200.0,0.9534908533096312,-9.221267700195312,-0.5135562419891357
1038,57300.0,47.32799911499024,-7.675000190734862,76.15499877929688,57300.0,2.9287934303283687,-1.6209309101104736,-0.041538838297128684,57300.0,1001.4000244140624,57300.0,1.6907601356506348,-2.450143814086914,-6.363066673278809,57300.0,1.6455600261688232,-8.210638046264647,5.103716850280762,57300.0,-1.0749965906143188,-10.651205062866213,0.8122329115867615
1039,57400.0,55.85699844360352,5.044000148773193,63.33599853515625,57400.0,2.9287934303283687,-1.6209309101104736,-0.041538838297128684,57400.0,1001.4000244140624,57400.0,1.6907601356506348,-2.450143814086914,-6.363066673278809,57400.0,1.6455600261688232,-8.210638046264647,5.103716850280762,57400.0,-1.0749965906143188,-10.651205062866213,0.8122329115867615
1040,57000.0,38.5890007019043,-25.006000518798828,80.27400207519531,57000.0,-0.2590068578720093,-3.126408338546753,-0.8478809595108032,57000.0,1001.3099975585938,57000.0,-1.3261793851852417,0.3121557235717773,-0.2180050313472748,57000.0,2.279670238494873,-9.53342342376709,-0.29555121064186096,57000.0,0.606930136680603,-10.313023567199707,0.9732429981231692
1041,57100.0,45.928001403808594,-23.496999740600586,75.87999725341797,57100.0,-0.2590068578720093,-3.126408338546753,-0.8478809595108032,57100.0,1001.3099975585938,57100.0,-1.3261793851852417,0.3121557235717773,-0.2180050313472748,57100.0,2.279670238494873,-9.53342342376709,-0.29555121064186096,57100.0,0.606930136680603,-10.313023567199707,0.9732429981231692
1042,57200.0,49.47600173950195,-15.80799961090088,76.83200073242188,57200.0,1.5485434532165527,-1.4278974533081057,0.6206390857696533,57200.0,1001.4000244140624,57200.0,-1.0162267684936523,-1.5266094207763672,-2.7806310653686523,57200.0,-0.058769878000020974,-9.124595642089844,3.5928640365600586,57200.0,0.9534908533096312,-9.221267700195312,-0.5135562419891357
1043,57300.0,47.32799911499024,-7.675000190734862,76.15499877929688,57300.0,2.9287934303283687,-1.6209309101104736,-0.041538838297128684,57300.0,1001.4000244140624,57300.0,1.6907601356506348,-2.450143814086914,-6.363066673278809,57300.0,1.6455600261688232,-8.210638046264647,5.103716850280762,57300.0,-1.0749965906143188,-10.651205062866213,0.8122329115867615
1044,57400.0,55.85699844360352,5.044000148773193,63.33599853515625,57400.0,2.9287934303283687,-1.6209309101104736,-0.041538838297128684,57400.0,1001.4000244140624,57400.0,1.6907601356506348,-2.450143814086914,-6.363066673278809,57400.0,1.6455600261688232,-8.210638046264647,5.103716850280762,57400.0,-1.0749965906143188,-10.651205062866213,0.8122329115867615
1045,57500.0,50.66600036621094,-4.537000179290772,54.99499893188477,57500.0,1.6823228597640991,-4.584848880767822,2.1499402523040767,57500.0,1001.3300170898438,57500.0,2.611732482910156,-3.8428049087524414,-5.1113014221191415,57500.0,-1.3104838132858276,-9.069125175476074,3.493419647216797,57500.0,3.336320161819458,-10.660781860351564,-1.259350061416626
1046,57600.0,49.27299880981445,-14.734999656677244,38.14500045776367,57600.0,1.6823228597640991,-4.584848880767822,2.1499402523040767,57600.0,1001.3300170898438,57600.0,2.611732482910156,-3.8428049087524414,-5.1113014221191415,57600.0,-1.3104838132858276,-9.069125175476074,3.493419647216797,57600.0,3.336320161819458,-10.660781860351564,-1.259350061416626
1047,57700.0,40.79700088500977,-23.250999450683594,30.694000244140625,57700.0,-0.16035212576389313,-3.4370334148406982,1.6743816137313845,57700.0,1001.0999755859376,57700.0,0.6855521202087402,2.006279468536377,-1.8355326652526849,57700.0,-1.7443878650665283,-8.640013694763184,4.298567771911621,57700.0,1.3012486696243286,-12.911930084228516,-1.6178817749023438
1048,57800.0,31.32399940490723,-28.44499969482422,26.062000274658203,57800.0,-0.16035212576389313,-3.4370334148406982,1.6743816137313845,57800.0,1001.0999755859376,57800.0,0.6855521202087402,2.006279468536377,-1.8355326652526849,57800.0,-1.7443878650665283,-8.640013694763184,4.298567771911621,57800.0,1.3012486696243286,-12.911930084228516,-1.6178817749023438
1049,57900.0,25.601999282836914,-29.979999542236328,21.847000122070323,57900.0,-0.5201517343521118,-1.1362093687057495,0.42577308416366577,57900.0,1001.3099975585938,57900.0,-5.230776786804199,-6.971325874328612,5.573894500732422,57900.0,-1.7375471591949463,-8.805266380310059,3.952036142349243,57900.0,-1.0588357448577879,-6.6337342262268075,2.4630351066589355
1050,57500.0,50.66600036621094,-4.537000179290772,54.99499893188477,57500.0,1.6823228597640991,-4.584848880767822,2.1499402523040767,57500.0,1001.3300170898438,57500.0,2.611732482910156,-3.8428049087524414,-5.1113014221191415,57500.0,-1.3104838132858276,-9.069125175476074,3.493419647216797,57500.0,3.336320161819458,-10.660781860351564,-1.259350061416626
1051,57600.0,49.27299880981445,-14.734999656677244,38.14500045776367,57600.0,1.6823228597640991,-4.584848880767822,2.1499402523040767,57600.0,1001.3300170898438,57600.0,2.611732482910156,-3.8428049087524414,-5.1113014221191415,57600.0,-1.3104838132858276,-9.069125175476074,3.493419647216797,57600.0,3.336320161819458,-10.660781860351564,-1.259350061416626
1052,57700.0,40.79700088500977,-23.250999450683594,30.694000244140625,57700.0,-0.16035212576389313,-3.4370334148406982,1.6743816137313845,57700.0,1001.0999755859376,57700.0,0.6855521202087402,2.006279468536377,-1.8355326652526849,57700.0,-1.7443878650665283,-8.640013694763184,4.298567771911621,57700.0,1.3012486696243286,-12.911930084228516,-1.6178817749023438
1053,57800.0,31.32399940490723,-28.44499969482422,26.062000274658203,57800.0,-0.16035212576389313,-3.4370334148406982,1.6743816137313845,57800.0,1001.0999755859376,57800.0,0.6855521202087402,2.006279468536377,-1.8355326652526849,57800.0,-1.7443878650665283,-8.640013694763184,4.298567771911621,57800.0,1.3012486696243286,-12.911930084228516,-1.6178817749023438
1054,57900.0,25.601999282836914,-29.979999542236328,21.847000122070323,57900.0,-0.5201517343521118,-1.1362093687057495,0.42577308416366577,57900.0,1001.3099975585938,57900.0,-5.230776786804199,-6.971325874328612,5.573894500732422,57900.0,-1.7375471591949463,-8.805266380310059,3.952036142349243,57900.0,-1.0588357448577879,-6.6337342262268075,2.4630351066589355
1055,58000.0,21.170000076293945,-28.798999786376953,18.95199966430664,58000.0,-0.5201517343521118,-1.1362093687057495,0.42577308416366577,58000.0,1001.3099975585938,58000.0,-5.230776786804199,-6.971325874328612,5.573894500732422,58000.0,-1.7375471591949463,-8.805266380310059,3.952036142349243,58000.0,-1.0588357448577879,-6.6337342262268075,2.4630351066589355
1056,58100.0,21.66699981689453,-28.538000106811523,12.215999603271484,58100.0,-1.8170186281204224,-0.788016140460968,-0.3390302062034607,58100.0,1001.3200073242188,58100.0,-1.152432918548584,-1.3187179565429688,2.733373641967773,58100.0,0.19834347069263453,-9.66947078704834,-1.6224641799926758,58100.0,-6.968324184417725,-15.776592254638672,9.525930404663086
1057,58200.0,24.10400009155273,-28.92700004577637,5.169000148773193,58200.0,-0.9077457785606384,0.01466076634824276,-1.0879509449005127,58200.0,1001.2999877929688,58200.0,-0.6690057516098022,-1.186443328857422,1.2282313108444214,58200.0,1.6362632513046265,-9.668867111206056,-0.077817402780056,58200.0,-0.9540894031524658,-10.988188743591307,1.1109095811843872
1058,58300.0,29.01300048828125,-22.70599937438965,0.5820000171661377,58300.0,-0.9077457785606384,0.01466076634824276,-1.0879509449005127,58300.0,1001.2999877929688,58300.0,-0.6690057516098022,-1.186443328857422,1.2282313108444214,58300.0,1.6362632513046265,-9.668867111206056,-0.077817402780056,58300.0,-0.9540894031524658,-10.988188743591307,1.1109095811843872
1059,58400.0,30.72500038146973,-19.31599998474121,-2.0209999084472656,58400.0,-1.3393220901489258,-0.1511891484260559,-0.11301007121801375,58400.0,1001.280029296875,58400.0,1.5697587728500366,-0.6073942184448242,2.63747501373291,58400.0,0.11875205487012865,-9.774462699890137,-0.784961462020874,58400.0,0.9672574996948242,-10.855310440063477,1.1504138708114624
1060,58000.0,21.170000076293945,-28.798999786376953,18.95199966430664,58000.0,-0.5201517343521118,-1.1362093687057495,0.42577308416366577,58000.0,1001.3099975585938,58000.0,-5.230776786804199,-6.971325874328612,5.573894500732422,58000.0,-1.7375471591949463,-8.805266380310059,3.952036142349243,58000.0,-1.0588357448577879,-6.6337342262268075,2.4630351066589355
1061,58100.0,21.66699981689453,-28.538000106811523,12.215999603271484,58100.0,-1.8170186281204224,-0.788016140460968,-0.3390302062034607,58100.0,1001.3200073242188,58100.0,-1.152432918548584,-1.3187179565429688,2.733373641967773,58100.0,0.19834347069263453,-9.66947078704834,-1.6224641799926758,58100.0,-6.968324184417725,-15.776592254638672,9.525930404663086
1062,58200.0,24.10400009155273,-28.92700004577637,5.169000148773193,58200.0,-0.9077457785606384,0.01466076634824276,-1.0879509449005127,58200.0,1001.2999877929688,58200.0,-0.6690057516098022,-1.186443328857422,1.2282313108444214,58200.0,1.6362632513046265,-9.668867111206056,-0.077817402780056,58200.0,-0.9540894031524658,-10.988188743591307,1.1109095811843872
1063,58300.0,29.01300048828125,-22.70599937438965,0.5820000171661377,58300.0,-0.9077457785606384,0.01466076634824276,-1.0879509449005127,58300.0,1001.2999877929688,58300.0,-0.6690057516098022,-1.186443328857422,1.2282313108444214,58300.0,1.6362632513046265,-9.668867111206056,-0.077817402780056,58300.0,-0.9540894031524658,-10.988188743591307,1.1109095811843872
1064,58400.0,30.72500038146973,-19.31599998474121,-2.0209999084472656,58400.0,-1.3393220901489258,-0.1511891484260559,-0.11301007121801375,58400.0,1001.280029296875,58400.0,1.5697587728500366,-0.6073942184448242,2.63747501373291,58400.0,0.11875205487012865,-9.774462699890137,-0.784961462020874,58400.0,0.9672574996948242,-10.855310440063477,1.1504138708114624
1065,58500.0,30.94700050354004,-18.083999633789066,-4.738999843597412,58500.0,-1.3393220901489258,-0.1511891484260559,-0.11301007121801375,58500.0,1001.280029296875,58500.0,1.5697587728500366,-0.6073942184448242,2.63747501373291,58500.0,0.11875205487012865,-9.774462699890137,-0.784961462020874,58500.0,0.9672574996948242,-10.855310440063477,1.1504138708114624
1066,58600.0,30.235000610351573,-17.32699966430664,-4.315000057220459,58600.0,-0.42119157314300537,0.2467895597219467,-0.2449569702148437,58600.0,1001.2999877929688,58600.0,1.0542829036712646,0.4424781799316406,-1.372143030166626,58600.0,0.4444873929023743,-9.778069496154783,0.6018085479736328,58600.0,1.6885107755661009,-10.381856918334961,1.852513551712036
1067,58700.0,30.88800048828125,-17.634000778198242,-4.551000118255615,58700.0,-0.42119157314300537,0.2467895597219467,-0.2449569702148437,58700.0,1001.2999877929688,58700.0,1.0542829036712646,0.4424781799316406,-1.372143030166626,58700.0,0.4444873929023743,-9.778069496154783,0.6018085479736328,58700.0,1.6885107755661009,-10.381856918334961,1.852513551712036
1068,58800.0,30.55500030517578,-17.221000671386722,-4.551000118255615,58800.0,0.3827070891857147,0.13836097717285156,-0.4074471294879913,58800.0,1001.3099975585938,58800.0,2.3113110065460205,-2.790970802307129,-1.2697784900665283,58800.0,1.0178265571594238,-9.560715675354004,1.930578231811524,58800.0,1.498770236968994,-9.335591316223145,-0.7703344225883484
1069,58900.0,29.746999740600586,-16.139999389648438,-4.872000217437744,58900.0,0.3827070891857147,0.13836097717285156,-0.4074471294879913,58900.0,1001.3099975585938,58900.0,2.3113110065460205,-2.790970802307129,-1.2697784900665283,58900.0,1.0178265571594238,-9.560715675354004,1.930578231811524,58900.0,1.498770236968994,-9.335591316223145,-0.7703344225883484
1070,58500.0,30.94700050354004,-18.083999633789066,-4.738999843597412,58500.0,-1.3393220901489258,-0.1511891484260559,-0.11301007121801375,58500.0,1001.280029296875,58500.0,1.5697587728500366,-0.6073942184448242,2.63747501373291,58500.0,0.11875205487012865,-9.774462699890137,-0.784961462020874,58500.0,0.9672574996948242,-10.855310440063477,1.1504138708114624
1071,58600.0,30.235000610351573,-17.32699966430664,-4.315000057220459,58600.0,-0.42119157314300537,0.2467895597219467,-0.2449569702148437,58600.0,1001.2999877929688,58600.0,1.0542829036712646,0.4424781799316406,-1.372143030166626,58600.0,0.4444873929023743,-9.778069496154783,0.6018085479736328,58600.0,1.6885107755661009,-10.381856918334961,1.852513551712036
1072,58700.0,30.88800048828125,-17.634000778198242,-4.551000118255615,58700.0,-0.42119157314300537,0.2467895597219467,-0.2449569702148437,58700.0,1001.2999877929688,58700.0,1.0542829036712646,0.4424781799316406,-1.372143030166626,58700.0,0.4444873929023743,-9.778069496154783,0.6018085479736328,58700.0,1.6885107755661009,-10.381856918334961,1.852513551712036
1073,58800.0,30.55500030517578,-17.221000671386722,-4.551000118255615,58800.0,0.3827070891857147,0.13836097717285156,-0.4074471294879913,58800.0,1001.3099975585938,58800.0,2.3113110065460205,-2.790970802307129,-1.2697784900665283,58800.0,1.0178265571594238,-9.560715675354004,1.930578231811524,58800.0,1.498770236968994,-9.335591316223145,-0.7703344225883484
1074,58900.0,29.746999740600586,-16.139999389648438,-4.872000217437744,58900.0,0.3827070891857147,0.13836097717285156,-0.4074471294879913,58900.0,1001.3099975585938,58900.0,2.3113110065460205,-2.790970802307129,-1.2697784900665283,58900.0,1.0178265571594238,-9.560715675354004,1.930578231811524,58900.0,1.498770236968994,-9.335591316223145,-0.7703344225883484
1075,59000.0,24.415000915527344,-15.440999984741213,-0.5559999942779541,59000.0,1.4834862947463991,0.609338104724884,0.8533787727355957,59000.0,1001.2999877929688,59000.0,3.940352439880371,0.6135473251342773,-4.817394256591797,59000.0,-1.0786828994750977,-9.100992202758787,3.489809274673462,59000.0,3.3291375637054443,-12.351686477661133,0.6607996821403503
1076,59100.0,17.81599998474121,-15.440999984741213,3.2920000553131104,59100.0,1.007316827774048,0.2742784917354584,1.5036448240280151,59100.0,1001.239990234375,59100.0,4.26262903213501,1.8090786933898928,-0.6406288146972656,59100.0,-1.9594070911407468,-9.15927791595459,2.9049451351165767,59100.0,2.861669540405273,-8.487444877624513,-1.3275848627090454
1077,59200.0,11.140999794006348,-17.882999420166016,3.9470000267028813,59200.0,1.007316827774048,0.2742784917354584,1.5036448240280151,59200.0,1001.239990234375,59200.0,4.26262903213501,1.8090786933898928,-0.6406288146972656,59200.0,-1.9594070911407468,-9.15927791595459,2.9049451351165767,59200.0,2.861669540405273,-8.487444877624513,-1.3275848627090454
1078,59300.0,5.132999897003174,-20.018999099731445,4.468999862670898,59300.0,0.5934556126594543,0.5201517343521118,0.2590068578720093,59300.0,1001.1799926757812,59300.0,2.4780969619750977,3.37942886352539,-0.9751551151275636,59300.0,-2.846205472946167,-8.608963966369629,3.7356696128845215,59300.0,2.3032219409942627,-7.350199222564697,2.2643163204193115
1079,59400.0,2.3340001106262207,-20.018999099731445,4.982999801635742,59400.0,0.5934556126594543,0.5201517343521118,0.2590068578720093,59400.0,1001.1799926757812,59400.0,2.4780969619750977,3.37942886352539,-0.9751551151275636,59400.0,-2.846205472946167,-8.608963966369629,3.7356696128845215,59400.0,2.3032219409942627,-7.350199222564697,2.2643163204193115
1080,59000.0,24.415000915527344,-15.440999984741213,-0.5559999942779541,59000.0,1.4834862947463991,0.609338104724884,0.8533787727355957,59000.0,1001.2999877929688,59000.0,3.940352439880371,0.6135473251342773,-4.817394256591797,59000.0,-1.0786828994750977,-9.100992202758787,3.489809274673462,59000.0,3.3291375637054443,-12.351686477661133,0.6607996821403503
1081,59100.0,17.81599998474121,-15.440999984741213,3.2920000553131104,59100.0,1.007316827774048,0.2742784917354584,1.5036448240280151,59100.0,1001.239990234375,59100.0,4.26262903213501,1.8090786933898928,-0.6406288146972656,59100.0,-1.9594070911407468,-9.15927791595459,2.9049451351165767,59100.0,2.861669540405273,-8.487444877624513,-1.3275848627090454
1082,59200.0,11.140999794006348,-17.882999420166016,3.9470000267028813,59200.0,1.007316827774048,0.2742784917354584,1.5036448240280151,59200.0,1001.239990234375,59200.0,4.26262903213501,1.8090786933898928,-0.6406288146972656,59200.0,-1.9594070911407468,-9.15927791595459,2.9049451351165767,59200.0,2.861669540405273,-8.487444877624513,-1.3275848627090454
1083,59300.0,5.132999897003174,-20.018999099731445,4.468999862670898,59300.0,0.5934556126594543,0.5201517343521118,0.2590068578720093,59300.0,1001.1799926757812,59300.0,2.4780969619750977,3.37942886352539,-0.9751551151275636,59300.0,-2.846205472946167,-8.608963966369629,3.7356696128845215,59300.0,2.3032219409942627,-7.350199222564697,2.2643163204193115
1084,59400.0,2.3340001106262207,-20.018999099731445,4.982999801635742,59400.0,0.5934556126594543,0.5201517343521118,0.2590068578720093,59400.0,1001.1799926757812,59400.0,2.4780969619750977,3.37942886352539,-0.9751551151275636,59400.0,-2.846205472946167,-8.608963966369629,3.7356696128845215,59400.0,2.3032219409942627,-7.350199222564697,2.2643163204193115
1085,59500.0,2.3340001106262207,-20.018999099731445,4.982999801635742,59500.0,-0.4893030524253845,-0.3304781019687653,-0.8182539939880371,59500.0,1001.260009765625,59500.0,-5.245758056640625,-4.131714820861816,1.9026768207550049,59500.0,1.6562509536743164,-9.649310111999512,0.5639496445655823,59500.0,-0.3681085109710693,-5.229535102844238,2.760514497756958
1086,59600.0,3.913000106811523,-20.018999099731445,1.2719999551773071,59600.0,-0.4893030524253845,-0.3304781019687653,-0.8182539939880371,59600.0,1001.260009765625,59600.0,-5.245758056640625,-4.131714820861816,1.9026768207550049,59600.0,1.6562509536743164,-9.649310111999512,0.5639496445655823,59600.0,-0.3681085109710693,-5.229535102844238,2.760514497756958
1087,59700.0,5.249000072479248,-19.17099952697754,-4.888000011444092,59700.0,-0.6252205967903137,0.3191770911216736,-0.7974845767021179,59700.0,1001.3699951171876,59700.0,-0.8686397671699524,1.295440673828125,0.6278998851776123,59700.0,1.5479944944381714,-9.673949241638184,0.4345271587371826,59700.0,-3.589506864547728,-13.781024932861328,2.4666264057159424
1088,59800.0,8.857000350952148,-16.474000930786133,-8.439000129699707,59800.0,-0.6252205967903137,0.3191770911216736,-0.7974845767021179,59800.0,1001.3699951171876,59800.0,-0.8686397671699524,1.295440673828125,0.6278998851776123,59800.0,1.5479944944381714,-9.673949241638184,0.4345271587371826,59800.0,-3.589506864547728,-13.781024932861328,2.4666264057159424
1089,59900.0,10.50100040435791,-14.517999649047852,-11.076000213623047,59900.0,0.16829337179660794,-0.5626068711280823,-0.6191119551658629,59900.0,1001.260009765625,59900.0,-0.763579249382019,0.2955408096313477,-1.3281447887420654,59900.0,1.4788470268249512,-9.568882942199707,1.555593967437744,59900.0,0.679354727268219,-8.378508567810059,1.0624270439147951
1090,59500.0,2.3340001106262207,-20.018999099731445,4.982999801635742,59500.0,-0.4893030524253845,-0.3304781019687653,-0.8182539939880371,59500.0,1001.260009765625,59500.0,-5.245758056640625,-4.131714820861816,1.9026768207550049,59500.0,1.6562509536743164,-9.649310111999512,0.5639496445655823,59500.0,-0.3681085109710693,-5.229535102844238,2.760514497756958
1091,59600.0,3.913000106811523,-20.018999099731445,1.2719999551773071,59600.0,-0.4893030524253845,-0.3304781019687653,-0.8182539939880371,59600.0,1001.260009765625,59600.0,-5.245758056640625,-4.131714820861816,1.9026768207550049,59600.0,1.6562509536743164,-9.649310111999512,0.5639496445655823,59600.0,-0.3681085109710693,-5.229535102844238,2.760514497756958
1092,59700.0,5.249000072479248,-19.17099952697754,-4.888000011444092,59700.0,-0.6252205967903137,0.3191770911216736,-0.7974845767021179,59700.0,1001.3699951171876,59700.0,-0.8686397671699524,1.295440673828125,0.6278998851776123,59700.0,1.5479944944381714,-9.673949241638184,0.4345271587371826,59700.0,-3.589506864547728,-13.781024932861328,2.4666264057159424
1093,59800.0,8.857000350952148,-16.474000930786133,-8.439000129699707,59800.0,-0.6252205967903137,0.3191770911216736,-0.7974845767021179,59800.0,1001.3699951171876,59800.0,-0.8686397671699524,1.295440673828125,0.6278998851776123,59800.0,1.5479944944381714,-9.673949241638184,0.4345271587371826,59800.0,-3.589506864547728,-13.781024932861328,2.4666264057159424
1094,59900.0,10.50100040435791,-14.517999649047852,-11.076000213623047,59900.0,0.16829337179660794,-0.5626068711280823,-0.6191119551658629,59900.0,1001.260009765625,59900.0,-0.763579249382019,0.2955408096313477,-1.3281447887420654,59900.0,1.4788470268249512,-9.568882942199707,1.555593967437744,59900.0,0.679354727268219,-8.378508567810059,1.0624270439147951
1095,60000.0,10.06700038909912,-14.022000312805176,-13.526000022888185,60000.0,-0.5375614166259766,-1.2394455671310425,-0.1420261710882187,60000.0,1001.22998046875,60000.0,2.1693365573883057,1.159990310668945,0.5132282972335815,60000.0,0.9305559992790222,-9.760560989379883,0.1894698441028595,60000.0,0.7152677774429321,-9.27334213256836,0.2274491637945175
1096,60100.0,10.06700038909912,-14.022000312805176,-15.493000030517578,60100.0,-0.5375614166259766,-1.2394455671310425,-0.1420261710882187,60100.0,1001.22998046875,60100.0,2.1693365573883057,1.159990310668945,0.5132282972335815,60100.0,0.9305559992790222,-9.760560989379883,0.1894698441028595,60100.0,0.7152677774429321,-9.27334213256836,0.2274491637945175
1097,60200.0,10.437000274658203,-13.156999588012695,-16.558000564575195,60200.0,-0.04306599870324135,-0.19578230381011968,-0.2730567753314972,60200.0,1001.27001953125,60200.0,1.0144131183624268,-0.6754522323608398,-2.0659043788909908,60200.0,1.1834640502929688,-9.687251091003418,0.962775945663452,60200.0,3.0998926162719727,-8.600570678710938,0.7026981711387634
1098,60300.0,10.75100040435791,-12.4399995803833,-16.931999206542972,60300.0,-0.04306599870324135,-0.19578230381011968,-0.2730567753314972,60300.0,1001.27001953125,60300.0,1.0144131183624268,-0.6754522323608398,-2.0659043788909908,60300.0,1.1834640502929688,-9.687251091003418,0.962775945663452,60300.0,3.0998926162719727,-8.600570678710938,0.7026981711387634
1099,60400.0,11.076000213623047,-11.652999877929688,-16.931999206542972,60400.0,0.1936442852020264,0.2791654169559479,-0.14752395451068878,60400.0,1001.2899780273438,60400.0,2.272723197937012,-0.9729719161987304,0.0462040901184082,60400.0,1.1138750314712524,-9.623764991760254,1.5208009481430054,60400.0,2.1978771686553955,-10.362703323364258,-1.103128433227539
1100,60000.0,10.06700038909912,-14.022000312805176,-13.526000022888185,60000.0,-0.5375614166259766,-1.2394455671310425,-0.1420261710882187,60000.0,1001.22998046875,60000.0,2.1693365573883057,1.159990310668945,0.5132282972335815,60000.0,0.9305559992790222,-9.760560989379883,0.1894698441028595,60000.0,0.7152677774429321,-9.27334213256836,0.2274491637945175
1101,60100.0,10.06700038909912,-14.022000312805176,-15.493000030517578,60100.0,-0.5375614166259766,-1.2394455671310425,-0.1420261710882187,60100.0,1001.22998046875,60100.0,2.1693365573883057,1.159990310668945,0.5132282972335815,60100.0,0.9305559992790222,-9.760560989379883,0.1894698441028595,60100.0,0.7152677774429321,-9.27334213256836,0.2274491637945175
1102,60200.0,10.437000274658203,-13.156999588012695,-16.558000564575195,60200.0,-0.04306599870324135,-0.19578230381011968,-0.2730567753314972,60200.0,1001.27001953125,60200.0,1.0144131183624268,-0.6754522323608398,-2.0659043788909908,60200.0,1.1834640502929688,-9.687251091003418,0.962775945663452,60200.0,3.0998926162719727,-8.600570678710938,0.7026981711387634
1103,60300.0,10.75100040435791,-12.4399995803833,-16.931999206542972,60300.0,-0.04306599870324135,-0.19578230381011968,-0.2730567753314972,60300.0,1001.27001953125,60300.0,1.0144131183624268,-0.6754522323608398,-2.0659043788909908,60300.0,1.1834640502929688,-9.687251091003418,0.962775945663452,60300.0,3.0998926162719727,-8.600570678710938,0.7026981711387634
1104,60400.0,11.076000213623047,-11.652999877929688,-16.931999206542972,60400.0,0.1936442852020264,0.2791654169559479,-0.14752395451068878,60400.0,1001.2899780273438,60400.0,2.272723197937012,-0.9729719161987304,0.0462040901184082,60400.0,1.1138750314712524,-9.623764991760254,1.5208009481430054,60400.0,2.1978771686553955,-10.362703323364258,-1.103128433227539
1105,60500.0,11.43000030517578,-11.324999809265135,-17.297000885009766,60500.0,0.1936442852020264,0.2791654169559479,-0.14752395451068878,60500.0,1001.2899780273438,60500.0,2.272723197937012,-0.9729719161987304,0.0462040901184082,60500.0,1.1138750314712524,-9.623764991760254,1.5208009481430054,60500.0,2.1978771686553955,-10.362703323364258,-1.103128433227539
1106,60600.0,12.211000442504885,-11.324999809265135,-17.615999221801758,60600.0,1.119410514831543,0.3097086846828461,0.6805039048194885,60600.0,1001.3599853515624,60600.0,1.6486877202987669,-0.5408086776733398,-4.2195043563842765,60600.0,-0.313920259475708,-9.389142990112305,2.813509702682495,60600.0,3.3865983486175537,-10.596736907958984,1.5670050382614136
1107,60700.0,12.211000442504885,-16.058000564575195,-17.30900001525879,60700.0,1.119410514831543,0.3097086846828461,0.6805039048194885,60700.0,1001.3599853515624,60700.0,1.6486877202987669,-0.5408086776733398,-4.2195043563842765,60700.0,-0.313920259475708,-9.389142990112305,2.813509702682495,60700.0,3.3865983486175537,-10.596736907958984,1.5670050382614136
1108,60800.0,9.802000045776367,-18.80599975585937,-16.98900032043457,60800.0,0.8356636762619019,0.30115658044815063,1.346041560173035,60800.0,1001.1900024414064,60800.0,2.6835720539093018,0.8398313522338867,-0.8157132863998413,60800.0,-1.4667190313339231,-9.388927459716797,2.42222261428833,60800.0,1.334767460823059,-9.929951667785645,-1.4059948921203609
1109,60900.0,3.6779999732971187,-22.18400001525879,-15.859000205993652,60900.0,0.21044307947158813,0.6841690540313721,0.26664268970489496,60900.0,1001.25,60900.0,1.6918501853942869,3.418135643005371,-0.28787708282470703,60900.0,-2.3903584480285645,-9.1259126663208,2.678487539291382,60900.0,1.2168530225753784,-8.54909610748291,1.6065093278884888
1110,60500.0,11.43000030517578,-11.324999809265135,-17.297000885009766,60500.0,0.1936442852020264,0.2791654169559479,-0.14752395451068878,60500.0,1001.2899780273438,60500.0,2.272723197937012,-0.9729719161987304,0.0462040901184082,60500.0,1.1138750314712524,-9.623764991760254,1.5208009481430054,60500.0,2.1978771686553955,-10.362703323364258,-1.103128433227539
1111,60600.0,12.211000442504885,-11.324999809265135,-17.615999221801758,60600.0,1.119410514831543,0.3097086846828461,0.6805039048194885,60600.0,1001.3599853515624,60600.0,1.6486877202987669,-0.5408086776733398,-4.2195043563842765,60600.0,-0.313920259475708,-9.389142990112305,2.813509702682495,60600.0,3.3865983486175537,-10.596736907958984,1.5670050382614136
1112,60700.0,12.211000442504885,-16.058000564575195,-17.30900001525879,60700.0,1.119410514831543,0.3097086846828461,0.6805039048194885,60700.0,1001.3599853515624,60700.0,1.6486877202987669,-0.5408086776733398,-4.2195043563842765,60700.0,-0.313920259475708,-9.389142990112305,2.813509702682495,60700.0,3.3865983486175537,-10.596736907958984,1.5670050382614136
1113,60800.0,9.802000045776367,-18.80599975585937,-16.98900032043457,60800.0,0.8356636762619019,0.30115658044815063,1.346041560173035,60800.0,1001.1900024414064,60800.0,2.6835720539093018,0.8398313522338867,-0.8157132863998413,60800.0,-1.4667190313339231,-9.388927459716797,2.42222261428833,60800.0,1.334767460823059,-9.929951667785645,-1.4059948921203609
1114,60900.0,3.6779999732971187,-22.18400001525879,-15.859000205993652,60900.0,0.21044307947158813,0.6841690540313721,0.26664268970489496,60900.0,1001.25,60900.0,1.6918501853942869,3.418135643005371,-0.28787708282470703,60900.0,-2.3903584480285645,-9.1259126663208,2.678487539291382,60900.0,1.2168530225753784,-8.54909610748291,1.6065093278884888
1115,61000.0,0.06199999898672104,-23.731000900268555,-13.680999755859375,61000.0,0.21044307947158813,0.6841690540313721,0.26664268970489496,61000.0,1001.25,61000.0,1.6918501853942869,3.418135643005371,-0.28787708282470703,61000.0,-2.3903584480285645,-9.1259126663208,2.678487539291382,61000.0,1.2168530225753784,-8.54909610748291,1.6065093278884888
1116,61100.0,0.5699999928474426,-22.77899932861328,-14.012999534606935,61100.0,-0.9724974632263184,-0.08399397134780884,-0.6136141419410706,61100.0,1001.280029296875,61100.0,-0.7611123323440552,-6.5362958908081055,-1.0750771760940552,61100.0,-1.3882821798324585,-9.670653343200684,0.8494237065315247,61100.0,-0.6985083222389221,-5.70777702331543,2.390610456466675
1117,61200.0,2.313999891281128,-22.77899932861328,-17.94499969482422,61200.0,-0.9724974632263184,-0.08399397134780884,-0.6136141419410706,61200.0,1001.280029296875,61200.0,-0.7611123323440552,-6.5362958908081055,-1.0750771760940552,61200.0,-1.3882821798324585,-9.670653343200684,0.8494237065315247,61200.0,-0.6985083222389221,-5.70777702331543,2.390610456466675
1118,61300.0,3.3239998817443848,-21.21999931335449,-22.79199981689453,61300.0,-0.2968805134296417,0.24953845143318176,-0.7816020846366882,61300.0,1001.27001953125,61300.0,3.4498214721679688,1.8006434440612793,-1.19225811958313,61300.0,-0.06322305649518968,-9.799671173095703,0.36446285247802734,61300.0,-2.1493945121765137,-16.20694923400879,-0.2256535142660141
1119,61400.0,5.056000232696533,-18.07999992370605,-25.485000610351573,61400.0,-0.2968805134296417,0.24953845143318176,-0.7816020846366882,61400.0,1001.27001953125,61400.0,3.4498214721679688,1.8006434440612793,-1.19225811958313,61400.0,-0.06322305649518968,-9.799671173095703,0.36446285247802734,61400.0,-2.1493945121765137,-16.20694923400879,-0.2256535142660141
1120,61000.0,0.06199999898672104,-23.731000900268555,-13.680999755859375,61000.0,0.21044307947158813,0.6841690540313721,0.26664268970489496,61000.0,1001.25,61000.0,1.6918501853942869,3.418135643005371,-0.28787708282470703,61000.0,-2.3903584480285645,-9.1259126663208,2.678487539291382,61000.0,1.2168530225753784,-8.54909610748291,1.6065093278884888
1121,61100.0,0.5699999928474426,-22.77899932861328,-14.012999534606935,61100.0,-0.9724974632263184,-0.08399397134780884,-0.6136141419410706,61100.0,1001.280029296875,61100.0,-0.7611123323440552,-6.5362958908081055,-1.0750771760940552,61100.0,-1.3882821798324585,-9.670653343200684,0.8494237065315247,61100.0,-0.6985083222389221,-5.70777702331543,2.390610456466675
1122,61200.0,2.313999891281128,-22.77899932861328,-17.94499969482422,61200.0,-0.9724974632263184,-0.08399397134780884,-0.6136141419410706,61200.0,1001.280029296875,61200.0,-0.7611123323440552,-6.5362958908081055,-1.0750771760940552,61200.0,-1.3882821798324585,-9.670653343200684,0.8494237065315247,61200.0,-0.6985083222389221,-5.70777702331543,2.390610456466675
1123,61300.0,3.3239998817443848,-21.21999931335449,-22.79199981689453,61300.0,-0.2968805134296417,0.24953845143318176,-0.7816020846366882,61300.0,1001.27001953125,61300.0,3.4498214721679688,1.8006434440612793,-1.19225811958313,61300.0,-0.06322305649518968,-9.799671173095703,0.36446285247802734,61300.0,-2.1493945121765137,-16.20694923400879,-0.2256535142660141
1124,61400.0,5.056000232696533,-18.07999992370605,-25.485000610351573,61400.0,-0.2968805134296417,0.24953845143318176,-0.7816020846366882,61400.0,1001.27001953125,61400.0,3.4498214721679688,1.8006434440612793,-1.19225811958313,61400.0,-0.06322305649518968,-9.799671173095703,0.36446285247802734,61400.0,-2.1493945121765137,-16.20694923400879,-0.2256535142660141
1125,61500.0,4.676000118255615,-17.107999801635742,-26.22599983215332,61500.0,0.2703078687191009,-0.68325275182724,-0.40378192067146296,61500.0,1001.27001953125,61500.0,2.2334651947021484,1.3938274383544922,-0.6819996833801271,61500.0,0.6533433794975281,-9.74300765991211,0.9040619134902954,61500.0,3.3865983486175537,-7.999027729034424,-0.8277952671051025
1126,61600.0,4.836999893188477,-16.777999877929688,-26.589000701904297,61600.0,0.2703078687191009,-0.68325275182724,-0.40378192067146296,61600.0,1001.27001953125,61600.0,2.2334651947021484,1.3938274383544922,-0.6819996833801271,61600.0,0.6533433794975281,-9.74300765991211,0.9040619134902954,61600.0,3.3865983486175537,-7.999027729034424,-0.8277952671051025
1127,61700.0,3.1429998874664307,-16.365999221801758,-26.910999298095703,61700.0,-0.3796527385711671,-1.465771198272705,-0.02932153269648552,61700.0,1001.1699829101564,61700.0,2.278227567672729,0.9236669540405272,-0.4557487964630127,61700.0,0.7576200366020203,-9.776825904846193,0.10020984709262848,61700.0,2.8868086338043213,-8.349180221557617,0.22206220030784607
1128,61800.0,1.6749999523162842,-15.621000289916992,-27.69099998474121,61800.0,-0.3796527385711671,-1.465771198272705,-0.02932153269648552,61800.0,1001.2100219726564,61800.0,2.278227567672729,0.9236669540405272,-0.4557487964630127,61800.0,0.7576200366020203,-9.776825904846193,0.10020984709262848,61800.0,3.0358476638793945,-8.853158950805664,-0.3555389642715454
1129,61900.0,2.461999893188477,-14.586999893188475,-28.8799991607666,61900.0,-0.04795292019844055,-0.5577199459075928,-0.1884519308805465,61900.0,1001.2100219726564,61900.0,1.2494935989379885,0.2802391052246094,-1.3322166204452517,61900.0,0.9842965006828308,-9.757087707519533,-0.027689971029758453,61900.0,3.0358476638793945,-8.853158950805664,-0.3555389642715454
1130,61500.0,4.676000118255615,-17.107999801635742,-26.22599983215332,61500.0,0.2703078687191009,-0.68325275182724,-0.40378192067146296,61500.0,1001.27001953125,61500.0,2.2334651947021484,1.3938274383544922,-0.6819996833801271,61500.0,0.6533433794975281,-9.74300765991211,0.9040619134902954,61500.0,3.3865983486175537,-7.999027729034424,-0.8277952671051025
1131,61600.0,4.836999893188477,-16.777999877929688,-26.589000701904297,61600.0,0.2703078687191009,-0.68325275182724,-0.40378192067146296,61600.0,1001.27001953125,61600.0,2.2334651947021484,1.3938274383544922,-0.6819996833801271,61600.0,0.6533433794975281,-9.74300765991211,0.9040619134902954,61600.0,3.3865983486175537,-7.999027729034424,-0.8277952671051025
1132,61700.0,3.1429998874664307,-16.365999221801758,-26.910999298095703,61700.0,-0.3796527385711671,-1.465771198272705,-0.02932153269648552,61700.0,1001.1699829101564,61700.0,2.278227567672729,0.9236669540405272,-0.4557487964630127,61700.0,0.7576200366020203,-9.776825904846193,0.10020984709262848,61700.0,2.8868086338043213,-8.349180221557617,0.22206220030784607
1133,61800.0,1.6749999523162842,-15.621000289916992,-27.69099998474121,61800.0,-0.3796527385711671,-1.465771198272705,-0.02932153269648552,61800.0,1001.2100219726564,61800.0,2.278227567672729,0.9236669540405272,-0.4557487964630127,61800.0,0.7576200366020203,-9.776825904846193,0.10020984709262848,61800.0,3.0358476638793945,-8.853158950805664,-0.3555389642715454
1134,61900.0,2.461999893188477,-14.586999893188475,-28.8799991607666,61900.0,-0.04795292019844055,-0.5577199459075928,-0.1884519308805465,61900.0,1001.2100219726564,61900.0,1.2494935989379885,0.2802391052246094,-1.3322166204452517,61900.0,0.9842965006828308,-9.757087707519533,-0.027689971029758453,61900.0,3.0358476638793945,-8.853158950805664,-0.3555389642715454
1135,62000.0,2.062000036239624,-13.868000030517578,-29.58300018310547,62000.0,-0.04276056587696075,0.11759155988693235,-0.2419026345014572,62000.0,1001.2100219726564,62000.0,2.680471897125244,-1.5533723831176758,-0.4093851149082184,62000.0,1.4016419649124146,-9.70595932006836,0.01314472872763872,62000.0,2.233790159225464,-9.476848602294922,-1.359906554222107
1136,62100.0,2.7799999713897705,-13.156000137329102,-30.00900077819824,62100.0,-0.04276056587696075,0.11759155988693235,-0.2419026345014572,62100.0,1001.2100219726564,62100.0,2.680471897125244,-1.5533723831176758,-0.4093851149082184,62100.0,1.4016419649124146,-9.70595932006836,0.01314472872763872,62100.0,2.233790159225464,-9.476848602294922,-1.359906554222107
1137,62200.0,4.817999839782715,-12.84000015258789,-30.43000030517578,62200.0,1.0051788091659546,0.3488040566444397,-0.003359758760780096,62200.0,1001.239990234375,62200.0,1.353212594985962,-0.970402717590332,0.7528998851776123,62200.0,1.2223498821258545,-9.500638008117676,2.1009886264801025,62200.0,4.082113742828368,-11.259331703186035,-0.3962403833866121
1138,62300.0,5.9749999046325675,-13.300999641418455,-30.43000030517578,62300.0,1.0051788091659546,0.3488040566444397,-0.003359758760780096,62300.0,1001.239990234375,62300.0,1.353212594985962,-0.970402717590332,0.7528998851776123,62300.0,1.2223498821258545,-9.500638008117676,2.1009886264801025,62300.0,4.082113742828368,-11.259331703186035,-0.3962403833866121
1139,62400.0,6.933000087738037,-18.44599914550781,-24.972000122070323,62400.0,0.0021380283869802947,0.35124751925468445,0.7825183868408203,62400.0,1001.2000122070312,62400.0,1.39287531375885,-1.4251928329467771,1.3113977909088137,62400.0,-0.458538144826889,-9.522892951965332,2.296664237976074,62400.0,2.5755624771118164,-10.471040725708008,2.853888511657715
1140,62000.0,2.062000036239624,-13.868000030517578,-29.58300018310547,62000.0,-0.04276056587696075,0.11759155988693235,-0.2419026345014572,62000.0,1001.2100219726564,62000.0,2.680471897125244,-1.5533723831176758,-0.4093851149082184,62000.0,1.4016419649124146,-9.70595932006836,0.01314472872763872,62000.0,2.233790159225464,-9.476848602294922,-1.359906554222107
1141,62100.0,2.7799999713897705,-13.156000137329102,-30.00900077819824,62100.0,-0.04276056587696075,0.11759155988693235,-0.2419026345014572,62100.0,1001.2100219726564,62100.0,2.680471897125244,-1.5533723831176758,-0.4093851149082184,62100.0,1.4016419649124146,-9.70595932006836,0.01314472872763872,62100.0,2.233790159225464,-9.476848602294922,-1.359906554222107
1142,62200.0,4.817999839782715,-12.84000015258789,-30.43000030517578,62200.0,1.0051788091659546,0.3488040566444397,-0.003359758760780096,62200.0,1001.239990234375,62200.0,1.353212594985962,-0.970402717590332,0.7528998851776123,62200.0,1.2223498821258545,-9.500638008117676,2.1009886264801025,62200.0,4.082113742828368,-11.259331703186035,-0.3962403833866121
1143,62300.0,5.9749999046325675,-13.300999641418455,-30.43000030517578,62300.0,1.0051788091659546,0.3488040566444397,-0.003359758760780096,62300.0,1001.239990234375,62300.0,1.353212594985962,-0.970402717590332,0.7528998851776123,62300.0,1.2223498821258545,-9.500638008117676,2.1009886264801025,62300.0,4.082113742828368,-11.259331703186035,-0.3962403833866121
1144,62400.0,6.933000087738037,-18.44599914550781,-24.972000122070323,62400.0,0.0021380283869802947,0.35124751925468445,0.7825183868408203,62400.0,1001.2000122070312,62400.0,1.39287531375885,-1.4251928329467771,1.3113977909088137,62400.0,-0.458538144826889,-9.522892951965332,2.296664237976074,62400.0,2.5755624771118164,-10.471040725708008,2.853888511657715
1145,62500.0,6.6040000915527335,-19.71500015258789,-23.29199981689453,62500.0,0.0021380283869802947,0.35124751925468445,0.7825183868408203,62500.0,1001.2000122070312,62500.0,1.39287531375885,-1.4251928329467771,1.3113977909088137,62500.0,-0.458538144826889,-9.522892951965332,2.296664237976074,62500.0,2.5755624771118164,-10.471040725708008,2.853888511657715
1146,62600.0,-0.7820000052452087,-21.783000946044922,-20.426000595092773,62600.0,0.5729916095733643,1.1359039545059204,1.463938593864441,62600.0,1001.1500244140624,62600.0,3.474569082260132,-0.2805328369140625,-1.0004805326461792,62600.0,-3.4835474491119385,-8.68635082244873,2.9296085834503174,62600.0,0.9343371987342834,-10.94808578491211,3.608062028884888
1147,62700.0,-7.364999771118164,-22.090999603271484,-17.66200065612793,62700.0,0.5729916095733643,1.1359039545059204,1.463938593864441,62700.0,1001.1500244140624,62700.0,3.474569082260132,-0.2805328369140625,-1.0004805326461792,62700.0,-3.4835474491119385,-8.68635082244873,2.9296085834503174,62700.0,-0.008978256024420261,-8.966883659362793,1.9291280508041384
1148,62800.0,-10.505000114440918,-22.090999603271484,-17.357999801635742,62800.0,-0.021074850112199783,0.2318233549594879,0.14049901068210602,62800.0,1001.1699829101564,62800.0,2.580307006835937,2.3879284858703613,-0.2135603427886963,62800.0,-3.937220811843872,-8.509902000427246,2.872321367263794,62800.0,-0.008978256024420261,-8.966883659362793,1.9291280508041384
1149,62900.0,-11.824999809265135,-22.441999435424805,-17.857999801635742,62900.0,-0.7128797173500061,-0.40591996908187866,-0.4108068645000458,62900.0,1001.2000122070312,62900.0,3.2882869243621826,-3.315326690673828,3.820784091949463,62900.0,-2.836979866027832,-9.116565704345703,2.238341808319092,62900.0,-1.3569138050079346,-6.121973514556885,2.6587610244750977
1150,62500.0,6.6040000915527335,-19.71500015258789,-23.29199981689453,62500.0,0.0021380283869802947,0.35124751925468445,0.7825183868408203,62500.0,1001.2000122070312,62500.0,1.39287531375885,-1.4251928329467771,1.3113977909088137,62500.0,-0.458538144826889,-9.522892951965332,2.296664237976074,62500.0,2.5755624771118164,-10.471040725708008,2.853888511657715
1151,62600.0,-0.7820000052452087,-21.783000946044922,-20.426000595092773,62600.0,0.5729916095733643,1.1359039545059204,1.463938593864441,62600.0,1001.1500244140624,62600.0,3.474569082260132,-0.2805328369140625,-1.0004805326461792,62600.0,-3.4835474491119385,-8.68635082244873,2.9296085834503174,62600.0,0.9343371987342834,-10.94808578491211,3.608062028884888
1152,62700.0,-7.364999771118164,-22.090999603271484,-17.66200065612793,62700.0,0.5729916095733643,1.1359039545059204,1.463938593864441,62700.0,1001.1500244140624,62700.0,3.474569082260132,-0.2805328369140625,-1.0004805326461792,62700.0,-3.4835474491119385,-8.68635082244873,2.9296085834503174,62700.0,-0.008978256024420261,-8.966883659362793,1.9291280508041384
1153,62800.0,-10.505000114440918,-22.090999603271484,-17.357999801635742,62800.0,-0.021074850112199783,0.2318233549594879,0.14049901068210602,62800.0,1001.1699829101564,62800.0,2.580307006835937,2.3879284858703613,-0.2135603427886963,62800.0,-3.937220811843872,-8.509902000427246,2.872321367263794,62800.0,-0.008978256024420261,-8.966883659362793,1.9291280508041384
1154,62900.0,-11.824999809265135,-22.441999435424805,-17.857999801635742,62900.0,-0.7128797173500061,-0.40591996908187866,-0.4108068645000458,62900.0,1001.2000122070312,62900.0,3.2882869243621826,-3.315326690673828,3.820784091949463,62900.0,-2.836979866027832,-9.116565704345703,2.238341808319092,62900.0,-1.3569138050079346,-6.121973514556885,2.6587610244750977
1155,63000.0,-10.930999755859377,-22.441999435424805,-18.503999710083008,63000.0,-0.7128797173500061,-0.40591996908187866,-0.4108068645000458,63000.0,1001.2000122070312,63000.0,3.2882869243621826,-3.315326690673828,3.820784091949463,63000.0,-2.836979866027832,-9.116565704345703,2.238341808319092,63000.0,-1.3569138050079346,-6.121973514556885,2.6587610244750977
1156,63100.0,-10.593999862670898,-21.41399955749512,-23.99099922180176,63100.0,-0.5534439086914062,-0.2880229651927948,-1.348484992980957,63100.0,1001.22998046875,63100.0,2.481053113937378,1.5890302658081057,-2.23177170753479,63100.0,-0.4088716208934784,-9.695796966552734,1.4123562574386597,63100.0,0.4513070285320282,-12.431892395019533,6.059125900268555
1157,63200.0,-8.901000022888184,-18.81999969482422,-26.44599914550781,63200.0,-0.5534439086914062,-0.2880229651927948,-1.348484992980957,63200.0,1001.22998046875,63200.0,2.481053113937378,1.5890302658081057,-2.23177170753479,63200.0,-0.4088716208934784,-9.695796966552734,1.4123562574386597,63200.0,0.4513070285320282,-12.431892395019533,6.059125900268555
1158,63300.0,-8.52299976348877,-18.1560001373291,-26.118000030517567,63300.0,0.1722639948129654,-0.9346238374710084,-0.580016553401947,63300.0,1001.219970703125,63300.0,0.6986752152442932,0.7011814117431641,-3.1442413330078125,63300.0,0.7881240248680115,-9.62975788116455,1.6783914566040041,63300.0,2.0721814632415767,-8.106766700744629,-0.8194155097007751
1159,63400.0,-8.52299976348877,-18.1560001373291,-26.118000030517567,63400.0,0.1722639948129654,-0.9346238374710084,-0.580016553401947,63400.0,1001.219970703125,63400.0,0.6986752152442932,0.7011814117431641,-3.1442413330078125,63400.0,0.7881240248680115,-9.62975788116455,1.6783914566040041,63400.0,2.0721814632415767,-8.106766700744629,-0.8194155097007751
1160,63000.0,-10.930999755859377,-22.441999435424805,-18.503999710083008,63000.0,-0.7128797173500061,-0.40591996908187866,-0.4108068645000458,63000.0,1001.2000122070312,63000.0,3.2882869243621826,-3.315326690673828,3.820784091949463,63000.0,-2.836979866027832,-9.116565704345703,2.238341808319092,63000.0,-1.3569138050079346,-6.121973514556885,2.6587610244750977
1161,63100.0,-10.593999862670898,-21.41399955749512,-23.99099922180176,63100.0,-0.5534439086914062,-0.2880229651927948,-1.348484992980957,63100.0,1001.22998046875,63100.0,2.481053113937378,1.5890302658081057,-2.23177170753479,63100.0,-0.4088716208934784,-9.695796966552734,1.4123562574386597,63100.0,0.4513070285320282,-12.431892395019533,6.059125900268555
1162,63200.0,-8.901000022888184,-18.81999969482422,-26.44599914550781,63200.0,-0.5534439086914062,-0.2880229651927948,-1.348484992980957,63200.0,1001.22998046875,63200.0,2.481053113937378,1.5890302658081057,-2.23177170753479,63200.0,-0.4088716208934784,-9.695796966552734,1.4123562574386597,63200.0,0.4513070285320282,-12.431892395019533,6.059125900268555
1163,63300.0,-8.52299976348877,-18.1560001373291,-26.118000030517567,63300.0,0.1722639948129654,-0.9346238374710084,-0.580016553401947,63300.0,1001.219970703125,63300.0,0.6986752152442932,0.7011814117431641,-3.1442413330078125,63300.0,0.7881240248680115,-9.62975788116455,1.6783914566040041,63300.0,2.0721814632415767,-8.106766700744629,-0.8194155097007751
1164,63400.0,-8.52299976348877,-18.1560001373291,-26.118000030517567,63400.0,0.1722639948129654,-0.9346238374710084,-0.580016553401947,63400.0,1001.219970703125,63400.0,0.6986752152442932,0.7011814117431641,-3.1442413330078125,63400.0,0.7881240248680115,-9.62975788116455,1.6783914566040041,63400.0,2.0721814632415767,-8.106766700744629,-0.8194155097007751
1165,63500.0,-8.52299976348877,-17.368999481201172,-26.464000701904297,63500.0,-0.3836233615875244,-0.9217956662178041,-0.0858265683054924,63500.0,1001.2000122070312,63500.0,1.7372428178787231,1.4142322540283203,-1.8360253572463991,63500.0,1.111857295036316,-9.705352783203123,0.8603881597518921,63500.0,1.486799240112305,-8.928576469421387,-1.465849995613098
1166,63600.0,-8.52299976348877,-16.54800033569336,-26.78499984741211,63600.0,-0.3836233615875244,-0.9217956662178041,-0.0858265683054924,63600.0,1001.1900024414064,63600.0,1.7372428178787231,1.4142322540283203,-1.8360253572463991,63600.0,1.111857295036316,-9.705352783203123,0.8603881597518921,63600.0,1.486799240112305,-8.928576469421387,-1.465849995613098
1167,63700.0,-8.52299976348877,-15.562000274658205,-27.132999420166016,63700.0,-0.21807889640331268,0.1212567538022995,-0.31093040108680725,63700.0,1001.1900024414064,63700.0,0.4399704933166504,-0.0650014877319336,-2.0099959373474117,63700.0,1.5663704872131348,-9.667428016662598,0.5076344609260559,63700.0,2.8491001129150386,-8.291120529174805,-0.9756371974945068
1168,63800.0,-6.800000190734862,-14.61299991607666,-28.517000198364247,63800.0,-0.008552113547921179,0.4712825417518616,-0.2974913716316223,63800.0,1001.1500244140624,63800.0,1.4486711025238037,-2.700611114501953,-1.201150894165039,63800.0,2.004964828491211,-9.57505989074707,0.6846019625663757,63800.0,2.0063409805297847,-9.732429504394533,-1.502361536026001
1169,63900.0,-4.183000087738037,-13.91100025177002,-28.90999984741211,63900.0,-0.008552113547921179,0.4712825417518616,-0.2974913716316223,63900.0,1001.1500244140624,63900.0,1.4486711025238037,-2.700611114501953,-1.201150894165039,63900.0,2.004964828491211,-9.57505989074707,0.6846019625663757,63900.0,2.0063409805297847,-9.732429504394533,-1.502361536026001
1170,63500.0,-8.52299976348877,-17.368999481201172,-26.464000701904297,63500.0,-0.3836233615875244,-0.9217956662178041,-0.0858265683054924,63500.0,1001.2000122070312,63500.0,1.7372428178787231,1.4142322540283203,-1.8360253572463991,63500.0,1.111857295036316,-9.705352783203123,0.8603881597518921,63500.0,1.486799240112305,-8.928576469421387,-1.465849995613098
1171,63600.0,-8.52299976348877,-16.54800033569336,-26.78499984741211,63600.0,-0.3836233615875244,-0.9217956662178041,-0.0858265683054924,63600.0,1001.1900024414064,63600.0,1.7372428178787231,1.4142322540283203,-1.8360253572463991,63600.0,1.111857295036316,-9.705352783203123,0.8603881597518921,63600.0,1.486799240112305,-8.928576469421387,-1.465849995613098
1172,63700.0,-8.52299976348877,-15.562000274658205,-27.132999420166016,63700.0,-0.21807889640331268,0.1212567538022995,-0.31093040108680725,63700.0,1001.1900024414064,63700.0,0.4399704933166504,-0.0650014877319336,-2.0099959373474117,63700.0,1.5663704872131348,-9.667428016662598,0.5076344609260559,63700.0,2.8491001129150386,-8.291120529174805,-0.9756371974945068
1173,63800.0,-6.800000190734862,-14.61299991607666,-28.517000198364247,63800.0,-0.008552113547921179,0.4712825417518616,-0.2974913716316223,63800.0,1001.1500244140624,63800.0,1.4486711025238037,-2.700611114501953,-1.201150894165039,63800.0,2.004964828491211,-9.57505989074707,0.6846019625663757,63800.0,2.0063409805297847,-9.732429504394533,-1.502361536026001
1174,63900.0,-4.183000087738037,-13.91100025177002,-28.90999984741211,63900.0,-0.008552113547921179,0.4712825417518616,-0.2974913716316223,63900.0,1001.1500244140624,63900.0,1.4486711025238037,-2.700611114501953,-1.201150894165039,63900.0,2.004964828491211,-9.57505989074707,0.6846019625663757,63900.0,2.0063409805297847,-9.732429504394533,-1.502361536026001
1175,64000.0,-1.932999968528748,-13.218000411987305,-28.90999984741211,64000.0,0.932485818862915,0.4276056587696075,0.10567969083786012,64000.0,1001.2000122070312,64000.0,0.808643102645874,-1.1995840072631836,0.3379390239715576,64000.0,1.5711934566497805,-9.325326919555664,2.596155166625977,64000.0,3.4536359310150133,-12.275671005249025,-0.5165489912033081
1176,64100.0,-0.6570000052452087,-13.218000411987305,-24.64699935913086,64100.0,0.932485818862915,0.4276056587696075,0.10567969083786012,64100.0,1001.2000122070312,64100.0,0.808643102645874,-1.1995840072631836,0.3379390239715576,64100.0,1.5711934566497805,-9.325326919555664,2.596155166625977,64100.0,3.4536359310150133,-12.275671005249025,-0.5165489912033081
1177,64200.0,-0.6570000052452087,-14.699999809265135,-21.922000885009766,64200.0,0.5354233980178833,0.6716463565826416,0.6374378800392151,64200.0,1001.2100219726564,64200.0,2.6628732681274414,0.9276647567749025,-1.0483639240264893,64200.0,0.05873560905456542,-9.076330184936523,3.713110446929932,64200.0,2.3798365592956543,-10.524910926818848,2.9340941905975337
1178,64300.0,-0.6570000052452087,-15.741999626159668,-19.70499992370605,64300.0,0.5354233980178833,0.6716463565826416,0.6374378800392151,64300.0,1001.2100219726564,64300.0,2.6628732681274414,0.9276647567749025,-1.0483639240264893,64300.0,0.05873560905456542,-9.076330184936523,3.713110446929932,64300.0,2.3798365592956543,-10.524910926818848,2.9340941905975337
1179,64400.0,-4.561999797821045,-15.741999626159668,-17.775999069213867,64400.0,0.864679753780365,0.0051923547871410855,1.6252069473266602,64400.0,1001.0900268554688,64400.0,1.330502986907959,-1.5698518753051758,-3.5470123291015625,64400.0,-2.63474440574646,-7.976428985595702,5.060147762298584,64400.0,2.721608877182007,-8.148665428161621,2.6647465229034424
1180,64000.0,-1.932999968528748,-13.218000411987305,-28.90999984741211,64000.0,0.932485818862915,0.4276056587696075,0.10567969083786012,64000.0,1001.2000122070312,64000.0,0.808643102645874,-1.1995840072631836,0.3379390239715576,64000.0,1.5711934566497805,-9.325326919555664,2.596155166625977,64000.0,3.4536359310150133,-12.275671005249025,-0.5165489912033081
1181,64100.0,-0.6570000052452087,-13.218000411987305,-24.64699935913086,64100.0,0.932485818862915,0.4276056587696075,0.10567969083786012,64100.0,1001.2000122070312,64100.0,0.808643102645874,-1.1995840072631836,0.3379390239715576,64100.0,1.5711934566497805,-9.325326919555664,2.596155166625977,64100.0,3.4536359310150133,-12.275671005249025,-0.5165489912033081
1182,64200.0,-0.6570000052452087,-14.699999809265135,-21.922000885009766,64200.0,0.5354233980178833,0.6716463565826416,0.6374378800392151,64200.0,1001.2100219726564,64200.0,2.6628732681274414,0.9276647567749025,-1.0483639240264893,64200.0,0.05873560905456542,-9.076330184936523,3.713110446929932,64200.0,2.3798365592956543,-10.524910926818848,2.9340941905975337
1183,64300.0,-0.6570000052452087,-15.741999626159668,-19.70499992370605,64300.0,0.5354233980178833,0.6716463565826416,0.6374378800392151,64300.0,1001.2100219726564,64300.0,2.6628732681274414,0.9276647567749025,-1.0483639240264893,64300.0,0.05873560905456542,-9.076330184936523,3.713110446929932,64300.0,2.3798365592956543,-10.524910926818848,2.9340941905975337
1184,64400.0,-4.561999797821045,-15.741999626159668,-17.775999069213867,64400.0,0.864679753780365,0.0051923547871410855,1.6252069473266602,64400.0,1001.0900268554688,64400.0,1.330502986907959,-1.5698518753051758,-3.5470123291015625,64400.0,-2.63474440574646,-7.976428985595702,5.060147762298584,64400.0,2.721608877182007,-8.148665428161621,2.6647465229034424
1185,64500.0,-11.043999671936037,-16.430000305175778,-16.041000366210938,64500.0,0.864679753780365,0.0051923547871410855,1.6252069473266602,64500.0,1001.0900268554688,64500.0,1.330502986907959,-1.5698518753051758,-3.5470123291015625,64500.0,-2.63474440574646,-7.976428985595702,5.060147762298584,64500.0,2.721608877182007,-8.148665428161621,2.6647465229034424
1186,64600.0,-14.123000144958494,-16.430000305175778,-13.081000328063965,64600.0,-0.05100724846124649,0.3952298164367676,0.3497203588485718,64600.0,1001.1699829101564,64600.0,1.998366951942444,1.951148509979248,-1.670306921005249,64600.0,-3.5641748905181885,-7.739130973815918,4.855193614959717,64600.0,-1.304241418838501,-9.54628086090088,1.5131354331970217
1187,64700.0,-15.32800006866455,-16.430000305175778,-14.163999557495115,64700.0,-1.0793988704681396,-0.31154128909111023,-0.090408056974411,64700.0,1001.0800170898438,64700.0,1.8428969383239744,-4.543187141418457,2.111849308013916,64700.0,-2.981938362121582,-8.689565658569336,3.430727481842041,64700.0,-1.5658079385757446,-5.78798246383667,3.184886693954468
1188,64800.0,-14.413999557495115,-14.92300033569336,-16.13599967956543,64800.0,-1.0793988704681396,-0.31154128909111023,-0.090408056974411,64800.0,1001.0800170898438,64800.0,1.8428969383239744,-4.543187141418457,2.111849308013916,64800.0,-2.981938362121582,-8.689565658569336,3.430727481842041,64800.0,-1.5658079385757446,-5.78798246383667,3.184886693954468
1189,64900.0,-14.413999557495115,-10.954999923706056,-19.74099922180176,64900.0,-0.3246748745441437,0.10262536257505417,-1.253800868988037,64900.0,1001.1400146484376,64900.0,3.961063861846924,2.7291245460510254,-2.844813585281372,64900.0,-0.8994784951210022,-9.322755813598633,2.9064643383026123,64900.0,-1.1390414237976074,-13.232752799987793,5.542576789855957
1190,64500.0,-11.043999671936037,-16.430000305175778,-16.041000366210938,64500.0,0.864679753780365,0.0051923547871410855,1.6252069473266602,64500.0,1001.0900268554688,64500.0,1.330502986907959,-1.5698518753051758,-3.5470123291015625,64500.0,-2.63474440574646,-7.976428985595702,5.060147762298584,64500.0,2.721608877182007,-8.148665428161621,2.6647465229034424
1191,64600.0,-14.123000144958494,-16.430000305175778,-13.081000328063965,64600.0,-0.05100724846124649,0.3952298164367676,0.3497203588485718,64600.0,1001.1699829101564,64600.0,1.998366951942444,1.951148509979248,-1.670306921005249,64600.0,-3.5641748905181885,-7.739130973815918,4.855193614959717,64600.0,-1.304241418838501,-9.54628086090088,1.5131354331970217
1192,64700.0,-15.32800006866455,-16.430000305175778,-14.163999557495115,64700.0,-1.0793988704681396,-0.31154128909111023,-0.090408056974411,64700.0,1001.0800170898438,64700.0,1.8428969383239744,-4.543187141418457,2.111849308013916,64700.0,-2.981938362121582,-8.689565658569336,3.430727481842041,64700.0,-1.5658079385757446,-5.78798246383667,3.184886693954468
1193,64800.0,-14.413999557495115,-14.92300033569336,-16.13599967956543,64800.0,-1.0793988704681396,-0.31154128909111023,-0.090408056974411,64800.0,1001.0800170898438,64800.0,1.8428969383239744,-4.543187141418457,2.111849308013916,64800.0,-2.981938362121582,-8.689565658569336,3.430727481842041,64800.0,-1.5658079385757446,-5.78798246383667,3.184886693954468
1194,64900.0,-14.413999557495115,-10.954999923706056,-19.74099922180176,64900.0,-0.3246748745441437,0.10262536257505417,-1.253800868988037,64900.0,1001.1400146484376,64900.0,3.961063861846924,2.7291245460510254,-2.844813585281372,64900.0,-0.8994784951210022,-9.322755813598633,2.9064643383026123,64900.0,-1.1390414237976074,-13.232752799987793,5.542576789855957
1195,65000.0,-14.413999557495115,-9.5649995803833,-21.121000289916992,65000.0,-0.3246748745441437,0.10262536257505417,-1.253800868988037,65000.0,1001.1400146484376,65000.0,3.961063861846924,2.7291245460510254,-2.844813585281372,65000.0,-0.8994784951210022,-9.322755813598633,2.9064643383026123,65000.0,-1.1390414237976074,-13.232752799987793,5.542576789855957
1196,65100.0,-12.3100004196167,-9.625,-21.121000289916992,65100.0,0.27580565214157104,-0.7229590415954591,-0.5711590051651001,65100.0,1001.1900024414064,65100.0,0.7147941589355469,0.2072649002075196,-3.6712026596069336,65100.0,0.4601603448390961,-9.198090553283693,3.3695333003997803,65100.0,3.0615854263305664,-6.593631267547607,0.061650693416595466
1197,65200.0,-12.3100004196167,-9.625,-20.674999237060547,65200.0,0.27580565214157104,-0.7229590415954591,-0.5711590051651001,65200.0,1001.1900024414064,65200.0,0.7147941589355469,0.2072649002075196,-3.6712026596069336,65200.0,0.4601603448390961,-9.198090553283693,3.3695333003997803,65200.0,3.0615854263305664,-6.593631267547607,0.061650693416595466
1198,65300.0,-11.979000091552734,-8.246999740600586,-21.496000289916992,65300.0,-0.3423899710178375,-1.5616769790649414,-0.2583959996700287,65300.0,1001.1500244140624,65300.0,0.8090469837188721,0.06680583953857422,-2.03093695640564,65300.0,1.7222228050231934,-9.341344833374023,2.43795132637024,65300.0,1.174954533576965,-8.990825653076172,-0.3016694188117981
1199,65400.0,-11.66800022125244,-5.5900001525878915,-21.875999450683594,65400.0,-0.3423899710178375,-1.5616769790649414,-0.2583959996700287,65400.0,1001.1400146484376,65400.0,0.8090469837188721,0.06680583953857422,-2.03093695640564,65400.0,1.7222228050231934,-9.341344833374023,2.43795132637024,65400.0,1.174954533576965,-8.990825653076172,-0.3016694188117981
1200,65000.0,-14.413999557495115,-9.5649995803833,-21.121000289916992,65000.0,-0.3246748745441437,0.10262536257505417,-1.253800868988037,65000.0,1001.1400146484376,65000.0,3.961063861846924,2.7291245460510254,-2.844813585281372,65000.0,-0.8994784951210022,-9.322755813598633,2.9064643383026123,65000.0,-1.1390414237976074,-13.232752799987793,5.542576789855957
1201,65100.0,-12.3100004196167,-9.625,-21.121000289916992,65100.0,0.27580565214157104,-0.7229590415954591,-0.5711590051651001,65100.0,1001.1900024414064,65100.0,0.7147941589355469,0.2072649002075196,-3.6712026596069336,65100.0,0.4601603448390961,-9.198090553283693,3.3695333003997803,65100.0,3.0615854263305664,-6.593631267547607,0.061650693416595466
1202,65200.0,-12.3100004196167,-9.625,-20.674999237060547,65200.0,0.27580565214157104,-0.7229590415954591,-0.5711590051651001,65200.0,1001.1900024414064,65200.0,0.7147941589355469,0.2072649002075196,-3.6712026596069336,65200.0,0.4601603448390961,-9.198090553283693,3.3695333003997803,65200.0,3.0615854263305664,-6.593631267547607,0.061650693416595466
1203,65300.0,-11.979000091552734,-8.246999740600586,-21.496000289916992,65300.0,-0.3423899710178375,-1.5616769790649414,-0.2583959996700287,65300.0,1001.1500244140624,65300.0,0.8090469837188721,0.06680583953857422,-2.03093695640564,65300.0,1.7222228050231934,-9.341344833374023,2.43795132637024,65300.0,1.174954533576965,-8.990825653076172,-0.3016694188117981
1204,65400.0,-11.66800022125244,-5.5900001525878915,-21.875999450683594,65400.0,-0.3423899710178375,-1.5616769790649414,-0.2583959996700287,65400.0,1001.1400146484376,65400.0,0.8090469837188721,0.06680583953857422,-2.03093695640564,65400.0,1.7222228050231934,-9.341344833374023,2.43795132637024,65400.0,1.174954533576965,-8.990825653076172,-0.3016694188117981
1205,65500.0,-11.66800022125244,-4.5920000076293945,-22.270000457763672,65500.0,-0.11362093687057495,-0.11026117950677873,-0.22021691501140594,65500.0,1001.1400146484376,65500.0,0.7274391651153564,-0.22004318237304688,-2.866649627685547,65500.0,2.1264493465423584,-9.331624031066896,2.137615203857422,65500.0,2.531269788742065,-9.27453899383545,0.4070142805576325
1206,65600.0,-11.66800022125244,-4.0390000343322745,-23.097999572753906,65600.0,0.1890627890825272,0.1108720451593399,-0.4254676401615143,65600.0,1001.2000122070312,65600.0,0.20461583137512207,-4.0956172943115225,-2.919122695922852,65600.0,2.733668088912964,-9.116186141967773,2.364865064620972,65600.0,2.853888511657715,-9.55166721343994,-0.729034423828125
1207,65700.0,-9.880999565124512,-3.700999975204468,-24.27300071716309,65700.0,0.1890627890825272,0.1108720451593399,-0.4254676401615143,65700.0,1001.2000122070312,65700.0,0.20461583137512207,-4.0956172943115225,-2.919122695922852,65700.0,2.733668088912964,-9.116186141967773,2.364865064620972,65700.0,2.853888511657715,-9.55166721343994,-0.729034423828125
1208,65800.0,-9.45699977874756,-2.943000078201294,-24.27300071716309,65800.0,1.9504927396774288,-0.12522737681865692,1.254717230796814,65800.0,1001.239990234375,65800.0,-0.2910040616989136,-0.3441276550292969,-9.921295166015623,65800.0,0.7147777676582336,-8.292356491088867,5.186162948608398,65800.0,2.9382839202880864,-13.211803436279295,-0.5542576909065247
1209,65900.0,-8.774999618530272,-3.5789999961853027,-23.96299934387207,65900.0,1.9504927396774288,-0.12522737681865692,1.254717230796814,65900.0,1001.239990234375,65900.0,-0.2910040616989136,-0.3441276550292969,-9.921295166015623,65900.0,0.7147777676582336,-8.292356491088867,5.186162948608398,65900.0,2.9382839202880864,-13.211803436279295,-0.5542576909065247
1210,65500.0,-11.66800022125244,-4.5920000076293945,-22.270000457763672,65500.0,-0.11362093687057495,-0.11026117950677873,-0.22021691501140594,65500.0,1001.1400146484376,65500.0,0.7274391651153564,-0.22004318237304688,-2.866649627685547,65500.0,2.1264493465423584,-9.331624031066896,2.137615203857422,65500.0,2.531269788742065,-9.27453899383545,0.4070142805576325
1211,65600.0,-11.66800022125244,-4.0390000343322745,-23.097999572753906,65600.0,0.1890627890825272,0.1108720451593399,-0.4254676401615143,65600.0,1001.2000122070312,65600.0,0.20461583137512207,-4.0956172943115225,-2.919122695922852,65600.0,2.733668088912964,-9.116186141967773,2.364865064620972,65600.0,2.853888511657715,-9.55166721343994,-0.729034423828125
1212,65700.0,-9.880999565124512,-3.700999975204468,-24.27300071716309,65700.0,0.1890627890825272,0.1108720451593399,-0.4254676401615143,65700.0,1001.2000122070312,65700.0,0.20461583137512207,-4.0956172943115225,-2.919122695922852,65700.0,2.733668088912964,-9.116186141967773,2.364865064620972,65700.0,2.853888511657715,-9.55166721343994,-0.729034423828125
1213,65800.0,-9.45699977874756,-2.943000078201294,-24.27300071716309,65800.0,1.9504927396774288,-0.12522737681865692,1.254717230796814,65800.0,1001.239990234375,65800.0,-0.2910040616989136,-0.3441276550292969,-9.921295166015623,65800.0,0.7147777676582336,-8.292356491088867,5.186162948608398,65800.0,2.9382839202880864,-13.211803436279295,-0.5542576909065247
1214,65900.0,-8.774999618530272,-3.5789999961853027,-23.96299934387207,65900.0,1.9504927396774288,-0.12522737681865692,1.254717230796814,65900.0,1001.239990234375,65900.0,-0.2910040616989136,-0.3441276550292969,-9.921295166015623,65900.0,0.7147777676582336,-8.292356491088867,5.186162948608398,65900.0,2.9382839202880864,-13.211803436279295,-0.5542576909065247
1215,66000.0,-8.100000381469728,-4.494999885559082,-22.517000198364254,66000.0,1.06351637840271,1.854892373085022,1.6994271278381348,66000.0,1001.1500244140624,66000.0,5.947310447692871,-1.7328119277954102,-6.9699907302856445,66000.0,-3.4543476104736333,-6.874941825866699,6.080544948577881,66000.0,0.4237737059593201,-8.636484146118164,-4.735132217407227
1216,66100.0,-9.590999603271484,-5.868000030517577,-21.03199958801269,66100.0,1.06351637840271,1.854892373085022,1.6994271278381348,66100.0,1001.1500244140624,66100.0,5.947310447692871,-1.7328119277954102,-6.9699907302856445,66100.0,-3.4543476104736333,-6.874941825866699,6.080544948577881,66100.0,0.4237737059593201,-8.636484146118164,-4.735132217407227
1217,66200.0,-22.43000030517578,-7.109000205993652,-13.515999794006348,66200.0,0.846659243106842,-0.3662137091159821,1.416291117668152,66200.0,1001.0800170898438,66200.0,4.269043922424316,1.0279221534729004,-5.062185287475586,66200.0,-4.527617931365967,-4.768263816833496,7.275624752044678,66200.0,2.492962598800659,-8.607753753662111,-0.889445960521698
1218,66300.0,-26.24799919128418,-7.873000144958496,-9.99899959564209,66300.0,0.846659243106842,-0.3662137091159821,1.416291117668152,66300.0,1001.0800170898438,66300.0,4.269043922424316,1.0279221534729004,-5.062185287475586,66300.0,-4.527617931365967,-4.768263816833496,7.275624752044678,66300.0,2.492962598800659,-8.607753753662111,-0.889445960521698
1219,66400.0,-26.5310001373291,-8.241999626159668,-9.532999992370604,66400.0,-0.7092145681381226,-1.513418674468994,0.16401731967926025,66400.0,1001.1599731445312,66400.0,-5.386679172515869,1.4090461730957031,6.938842296600343,66400.0,0.6036626696586609,-9.78456211090088,-0.2614133954048157,66400.0,-0.2585737705230713,-3.740341663360596,2.213439464569092
1220,66000.0,-8.100000381469728,-4.494999885559082,-22.517000198364254,66000.0,1.06351637840271,1.854892373085022,1.6994271278381348,66000.0,1001.1500244140624,66000.0,5.947310447692871,-1.7328119277954102,-6.9699907302856445,66000.0,-3.4543476104736333,-6.874941825866699,6.080544948577881,66000.0,0.4237737059593201,-8.636484146118164,-4.735132217407227
1221,66100.0,-9.590999603271484,-5.868000030517577,-21.03199958801269,66100.0,1.06351637840271,1.854892373085022,1.6994271278381348,66100.0,1001.1500244140624,66100.0,5.947310447692871,-1.7328119277954102,-6.9699907302856445,66100.0,-3.4543476104736333,-6.874941825866699,6.080544948577881,66100.0,0.4237737059593201,-8.636484146118164,-4.735132217407227
1222,66200.0,-22.43000030517578,-7.109000205993652,-13.515999794006348,66200.0,0.846659243106842,-0.3662137091159821,1.416291117668152,66200.0,1001.0800170898438,66200.0,4.269043922424316,1.0279221534729004,-5.062185287475586,66200.0,-4.527617931365967,-4.768263816833496,7.275624752044678,66200.0,2.492962598800659,-8.607753753662111,-0.889445960521698
1223,66300.0,-26.24799919128418,-7.873000144958496,-9.99899959564209,66300.0,0.846659243106842,-0.3662137091159821,1.416291117668152,66300.0,1001.0800170898438,66300.0,4.269043922424316,1.0279221534729004,-5.062185287475586,66300.0,-4.527617931365967,-4.768263816833496,7.275624752044678,66300.0,2.492962598800659,-8.607753753662111,-0.889445960521698
1224,66400.0,-26.5310001373291,-8.241999626159668,-9.532999992370604,66400.0,-0.7092145681381226,-1.513418674468994,0.16401731967926025,66400.0,1001.1599731445312,66400.0,-5.386679172515869,1.4090461730957031,6.938842296600343,66400.0,0.6036626696586609,-9.78456211090088,-0.2614133954048157,66400.0,-0.2585737705230713,-3.740341663360596,2.213439464569092
1225,66500.0,-25.097000122070323,-9.006999969482422,-8.654000282287598,66500.0,-0.4105014503002167,-1.3112221956253052,0.0705549344420433,66500.0,1001.030029296875,66500.0,1.5176063776016235,2.441059112548828,8.277928352355957,66500.0,1.250090718269348,-9.65957736968994,1.1402628421783447,66500.0,-4.7830166816711435,-8.375515937805176,6.677428722381593
1226,66600.0,-22.01799964904785,-10.07800006866455,-9.378999710083008,66600.0,-0.4105014503002167,-1.3112221956253052,0.0705549344420433,66600.0,1001.030029296875,66600.0,1.5176063776016235,2.441059112548828,8.277928352355957,66600.0,1.250090718269348,-9.65957736968994,1.1402628421783447,66600.0,-4.7830166816711435,-8.375515937805176,6.677428722381593
1227,66700.0,-16.075000762939453,-10.45199966430664,-9.378999710083008,66700.0,-0.13041973114013672,-0.8344419002532959,-0.4150829315185547,66700.0,1001.1099853515624,66700.0,-3.2108163833618164,-0.3115940093994141,0.4489531517028809,66700.0,1.7270100116729736,-9.501041412353516,1.7082226276397705,66700.0,2.767697095870972,-7.218518257141112,9.418190956115724
1228,66800.0,-14.253999710083008,-10.788999557495117,-10.34000015258789,66800.0,-0.13041973114013672,-0.8344419002532959,-0.4150829315185547,66800.0,1001.1099853515624,66800.0,-3.2108163833618164,-0.3115940093994141,0.4489531517028809,66800.0,1.7270100116729736,-9.501041412353516,1.7082226276397705,66800.0,2.767697095870972,-7.218518257141112,9.418190956115724
1229,66900.0,-13.503999710083008,-11.154000282287598,-6.816999912261963,66900.0,0.18417587876319885,-1.4834862947463991,-0.6322455406188965,66900.0,1001.1300048828124,66900.0,-3.8840622901916495,0.2657766342163086,-3.204253673553467,66900.0,1.9645109176635744,-9.445744514465332,1.7575571537017822,66900.0,-1.4838064908981323,-9.81263542175293,2.157175779342652
1230,66500.0,-25.097000122070323,-9.006999969482422,-8.654000282287598,66500.0,-0.4105014503002167,-1.3112221956253052,0.0705549344420433,66500.0,1001.030029296875,66500.0,1.5176063776016235,2.441059112548828,8.277928352355957,66500.0,1.250090718269348,-9.65957736968994,1.1402628421783447,66500.0,-4.7830166816711435,-8.375515937805176,6.677428722381593
1231,66600.0,-22.01799964904785,-10.07800006866455,-9.378999710083008,66600.0,-0.4105014503002167,-1.3112221956253052,0.0705549344420433,66600.0,1001.030029296875,66600.0,1.5176063776016235,2.441059112548828,8.277928352355957,66600.0,1.250090718269348,-9.65957736968994,1.1402628421783447,66600.0,-4.7830166816711435,-8.375515937805176,6.677428722381593
1232,66700.0,-16.075000762939453,-10.45199966430664,-9.378999710083008,66700.0,-0.13041973114013672,-0.8344419002532959,-0.4150829315185547,66700.0,1001.1099853515624,66700.0,-3.2108163833618164,-0.3115940093994141,0.4489531517028809,66700.0,1.7270100116729736,-9.501041412353516,1.7082226276397705,66700.0,2.767697095870972,-7.218518257141112,9.418190956115724
1233,66800.0,-14.253999710083008,-10.788999557495117,-10.34000015258789,66800.0,-0.13041973114013672,-0.8344419002532959,-0.4150829315185547,66800.0,1001.1099853515624,66800.0,-3.2108163833618164,-0.3115940093994141,0.4489531517028809,66800.0,1.7270100116729736,-9.501041412353516,1.7082226276397705,66800.0,2.767697095870972,-7.218518257141112,9.418190956115724
1234,66900.0,-13.503999710083008,-11.154000282287598,-6.816999912261963,66900.0,0.18417587876319885,-1.4834862947463991,-0.6322455406188965,66900.0,1001.1300048828124,66900.0,-3.8840622901916495,0.2657766342163086,-3.204253673553467,66900.0,1.9645109176635744,-9.445744514465332,1.7575571537017822,66900.0,-1.4838064908981323,-9.81263542175293,2.157175779342652
1235,67000.0,-12.413999557495115,-13.843999862670898,-4.703999996185303,67000.0,0.18417587876319885,-1.4834862947463991,-0.6322455406188965,67000.0,1001.1300048828124,67000.0,-3.8840622901916495,0.2657766342163086,-3.204253673553467,67000.0,1.9645109176635744,-9.445744514465332,1.7575571537017822,67000.0,-1.4838064908981323,-9.81263542175293,2.157175779342652
1236,67100.0,-10.22599983215332,-16.552000045776367,-4.718999862670898,67100.0,-0.04795292019844055,-2.271807909011841,-0.8097018599510193,67100.0,1001.0700073242188,67100.0,-2.8196089267730717,0.449575424194336,-2.511708498001098,67100.0,2.167787551879884,-9.529585838317873,0.8112266659736633,67100.0,-1.9195512533187864,-9.179967880249023,-1.446696400642395
1237,67200.0,-3.651000022888184,-19.7549991607666,-5.080999851226807,67200.0,-0.04795292019844055,-2.271807909011841,-0.8097018599510193,67200.0,1001.0700073242188,67200.0,-2.8196089267730717,0.449575424194336,-2.511708498001098,67200.0,2.167787551879884,-9.529585838317873,0.8112266659736633,67200.0,-1.9195512533187864,-9.179967880249023,-1.446696400642395
1238,67300.0,-0.296999990940094,-24.04999923706055,-4.664000034332275,67300.0,1.938886284828186,-1.1148290634155271,1.015868902206421,67300.0,1001.1799926757812,67300.0,3.308533906936645,-3.8925094604492174,-3.0943782329559326,67300.0,-0.5246757864952087,-8.665677070617676,4.560826778411865,67300.0,-0.6518214344978333,-9.080010414123537,-1.7004817724227903
1239,67400.0,-8.461999893188478,-30.121999740600586,10.913000106811523,67400.0,1.9101755619049072,-1.1557570695877075,2.222327709197998,67400.0,1001.1199951171876,67400.0,1.9030003547668457,-7.309871673583982,-5.971443176269531,67400.0,-2.714634656906128,-8.321272850036621,4.422394752502441,67400.0,2.783858060836792,-12.558186531066895,1.4664485454559326
1240,67000.0,-12.413999557495115,-13.843999862670898,-4.703999996185303,67000.0,0.18417587876319885,-1.4834862947463991,-0.6322455406188965,67000.0,1001.1300048828124,67000.0,-3.8840622901916495,0.2657766342163086,-3.204253673553467,67000.0,1.9645109176635744,-9.445744514465332,1.7575571537017822,67000.0,-1.4838064908981323,-9.81263542175293,2.157175779342652
1241,67100.0,-10.22599983215332,-16.552000045776367,-4.718999862670898,67100.0,-0.04795292019844055,-2.271807909011841,-0.8097018599510193,67100.0,1001.0700073242188,67100.0,-2.8196089267730717,0.449575424194336,-2.511708498001098,67100.0,2.167787551879884,-9.529585838317873,0.8112266659736633,67100.0,-1.9195512533187864,-9.179967880249023,-1.446696400642395
1242,67200.0,-3.651000022888184,-19.7549991607666,-5.080999851226807,67200.0,-0.04795292019844055,-2.271807909011841,-0.8097018599510193,67200.0,1001.0700073242188,67200.0,-2.8196089267730717,0.449575424194336,-2.511708498001098,67200.0,2.167787551879884,-9.529585838317873,0.8112266659736633,67200.0,-1.9195512533187864,-9.179967880249023,-1.446696400642395
1243,67300.0,-0.296999990940094,-24.04999923706055,-4.664000034332275,67300.0,1.938886284828186,-1.1148290634155271,1.015868902206421,67300.0,1001.1799926757812,67300.0,3.308533906936645,-3.8925094604492174,-3.0943782329559326,67300.0,-0.5246757864952087,-8.665677070617676,4.560826778411865,67300.0,-0.6518214344978333,-9.080010414123537,-1.7004817724227903
1244,67400.0,-8.461999893188478,-30.121999740600586,10.913000106811523,67400.0,1.9101755619049072,-1.1557570695877075,2.222327709197998,67400.0,1001.1199951171876,67400.0,1.9030003547668457,-7.309871673583982,-5.971443176269531,67400.0,-2.714634656906128,-8.321272850036621,4.422394752502441,67400.0,2.783858060836792,-12.558186531066895,1.4664485454559326
1245,67500.0,-15.074000358581545,-27.80599975585937,26.158000946044922,67500.0,1.9101755619049072,-1.1557570695877075,2.222327709197998,67500.0,1001.1199951171876,67500.0,1.9030003547668457,-7.309871673583982,-5.971443176269531,67500.0,-2.714634656906128,-8.321272850036621,4.422394752502441,67500.0,2.783858060836792,-12.558186531066895,1.4664485454559326
1246,67600.0,-30.86199951171875,-13.737000465393065,41.55500030517578,67600.0,0.6585127115249634,-4.6358561515808105,2.507601737976074,67600.0,1001.2100219726564,67600.0,5.474954605102539,2.1469554901123047,-2.7568345069885254,67600.0,-2.126064777374268,-9.199076652526855,2.650891065597534,67600.0,-0.811634361743927,-15.631144523620605,-1.5490485429763794
1247,67700.0,-28.983999252319336,3.3499999046325684,52.362998962402344,67700.0,0.6585127115249634,-4.6358561515808105,2.507601737976074,67700.0,1001.2100219726564,67700.0,5.474954605102539,2.1469554901123047,-2.7568345069885254,67700.0,-2.126064777374268,-9.199076652526855,2.650891065597534,67700.0,-0.811634361743927,-15.631144523620605,-1.5490485429763794
1248,67800.0,-23.356000900268555,8.267000198364258,58.0009994506836,67800.0,-0.6487388610839844,-2.272724151611328,0.6707300543785095,67800.0,1001.010009765625,67800.0,-2.0644681453704834,3.2139577865600586,0.15021800994873047,67800.0,-2.3618123531341557,-9.144993782043457,2.6384284496307373,67800.0,3.3488895893096924,-7.052121162414551,-0.10594342648983003
1249,67900.0,-17.740999221801758,6.114999771118164,60.98400115966797,67900.0,-0.6487388610839844,-2.272724151611328,0.6707300543785095,67900.0,1001.010009765625,67900.0,-2.0644681453704834,3.2139577865600586,0.15021800994873047,67900.0,-2.3618123531341557,-9.144993782043457,2.6384284496307373,67900.0,3.3488895893096924,-7.052121162414551,-0.10594342648983003
1250,67500.0,-15.074000358581545,-27.80599975585937,26.158000946044922,67500.0,1.9101755619049072,-1.1557570695877075,2.222327709197998,67500.0,1001.1199951171876,67500.0,1.9030003547668457,-7.309871673583982,-5.971443176269531,67500.0,-2.714634656906128,-8.321272850036621,4.422394752502441,67500.0,2.783858060836792,-12.558186531066895,1.4664485454559326
1251,67600.0,-30.86199951171875,-13.737000465393065,41.55500030517578,67600.0,0.6585127115249634,-4.6358561515808105,2.507601737976074,67600.0,1001.2100219726564,67600.0,5.474954605102539,2.1469554901123047,-2.7568345069885254,67600.0,-2.126064777374268,-9.199076652526855,2.650891065597534,67600.0,-0.811634361743927,-15.631144523620605,-1.5490485429763794
1252,67700.0,-28.983999252319336,3.3499999046325684,52.362998962402344,67700.0,0.6585127115249634,-4.6358561515808105,2.507601737976074,67700.0,1001.2100219726564,67700.0,5.474954605102539,2.1469554901123047,-2.7568345069885254,67700.0,-2.126064777374268,-9.199076652526855,2.650891065597534,67700.0,-0.811634361743927,-15.631144523620605,-1.5490485429763794
1253,67800.0,-23.356000900268555,8.267000198364258,58.0009994506836,67800.0,-0.6487388610839844,-2.272724151611328,0.6707300543785095,67800.0,1001.010009765625,67800.0,-2.0644681453704834,3.2139577865600586,0.15021800994873047,67800.0,-2.3618123531341557,-9.144993782043457,2.6384284496307373,67800.0,3.3488895893096924,-7.052121162414551,-0.10594342648983003
1254,67900.0,-17.740999221801758,6.114999771118164,60.98400115966797,67900.0,-0.6487388610839844,-2.272724151611328,0.6707300543785095,67900.0,1001.010009765625,67900.0,-2.0644681453704834,3.2139577865600586,0.15021800994873047,67900.0,-2.3618123531341557,-9.144993782043457,2.6384284496307373,67900.0,3.3488895893096924,-7.052121162414551,-0.10594342648983003
1255,68000.0,-13.076000213623047,5.251999855041504,62.72700119018555,68000.0,-2.433992624282837,-1.6386460065841677,-1.3164145946502686,68000.0,1001.0900268554688,68000.0,-0.4369661808013916,-3.0082521438598637,1.643964171409607,68000.0,0.12691707909107208,-9.726506233215332,-1.244731068611145,68000.0,-4.426280498504639,-5.9310359954833975,2.788646459579468
1256,68100.0,-14.697999954223633,-1.506999969482422,61.30599975585938,68100.0,-2.433992624282837,-1.6386460065841677,-1.3164145946502686,68100.0,1001.0900268554688,68100.0,-0.4369661808013916,-3.0082521438598637,1.643964171409607,68100.0,0.12691707909107208,-9.726506233215332,-1.244731068611145,68100.0,-4.426280498504639,-5.9310359954833975,2.788646459579468
1257,68200.0,-9.199000358581543,-10.29800033569336,60.34199905395508,68200.0,-1.6108516454696655,1.1001683473587036,-1.6126842498779297,68200.0,1001.2100219726564,68200.0,-0.7293570041656494,-2.226236343383789,2.355581283569336,68200.0,3.3085107803344727,-8.550065040588379,-3.481454610824585,68200.0,-0.3100491166114807,-12.734758377075195,0.3992331326007843
1258,68300.0,-0.7440000176429749,-15.600000381469727,57.96200180053711,68300.0,-0.18295414745807648,0.5968153476715088,-0.3656028509140015,68300.0,1001.0800170898438,68300.0,-2.357640504837036,-0.6626911163330078,2.3242642879486084,68300.0,4.083859920501709,-8.304192543029785,-3.2454333305358887,68300.0,2.5791537761688232,-10.776301383972168,-1.125873327255249
1259,68400.0,6.0329999923706055,-14.532999992370605,57.93899917602539,68400.0,-0.18295414745807648,0.5968153476715088,-0.3656028509140015,68400.0,1001.0800170898438,68400.0,-2.357640504837036,-0.6626911163330078,2.3242642879486084,68400.0,4.083859920501709,-8.304192543029785,-3.2454333305358887,68400.0,2.5791537761688232,-10.776301383972168,-1.125873327255249
1260,68000.0,-13.076000213623047,5.251999855041504,62.72700119018555,68000.0,-2.433992624282837,-1.6386460065841677,-1.3164145946502686,68000.0,1001.0900268554688,68000.0,-0.4369661808013916,-3.0082521438598637,1.643964171409607,68000.0,0.12691707909107208,-9.726506233215332,-1.244731068611145,68000.0,-4.426280498504639,-5.9310359954833975,2.788646459579468
1261,68100.0,-14.697999954223633,-1.506999969482422,61.30599975585938,68100.0,-2.433992624282837,-1.6386460065841677,-1.3164145946502686,68100.0,1001.0900268554688,68100.0,-0.4369661808013916,-3.0082521438598637,1.643964171409607,68100.0,0.12691707909107208,-9.726506233215332,-1.244731068611145,68100.0,-4.426280498504639,-5.9310359954833975,2.788646459579468
1262,68200.0,-9.199000358581543,-10.29800033569336,60.34199905395508,68200.0,-1.6108516454696655,1.1001683473587036,-1.6126842498779297,68200.0,1001.2100219726564,68200.0,-0.7293570041656494,-2.226236343383789,2.355581283569336,68200.0,3.3085107803344727,-8.550065040588379,-3.481454610824585,68200.0,-0.3100491166114807,-12.734758377075195,0.3992331326007843
1263,68300.0,-0.7440000176429749,-15.600000381469727,57.96200180053711,68300.0,-0.18295414745807648,0.5968153476715088,-0.3656028509140015,68300.0,1001.0800170898438,68300.0,-2.357640504837036,-0.6626911163330078,2.3242642879486084,68300.0,4.083859920501709,-8.304192543029785,-3.2454333305358887,68300.0,2.5791537761688232,-10.776301383972168,-1.125873327255249
1264,68400.0,6.0329999923706055,-14.532999992370605,57.93899917602539,68400.0,-0.18295414745807648,0.5968153476715088,-0.3656028509140015,68400.0,1001.0800170898438,68400.0,-2.357640504837036,-0.6626911163330078,2.3242642879486084,68400.0,4.083859920501709,-8.304192543029785,-3.2454333305358887,68400.0,2.5791537761688232,-10.776301383972168,-1.125873327255249
1265,68500.0,5.195000171661377,-17.264999389648438,56.33300018310547,68500.0,-0.4331034719944,-0.7192938327789307,-0.3625485301017761,68500.0,1001.0700073242188,68500.0,-2.3026111125946045,-1.6175317764282229,4.213074207305908,68500.0,3.967778444290161,-7.89283561706543,-4.257965564727783,68500.0,1.7262194156646729,-8.966883659362793,-0.921169102191925
1266,68600.0,4.977000236511231,-18.83300018310547,55.43600082397461,68600.0,-0.4331034719944,-0.7192938327789307,-0.3625485301017761,68600.0,1001.0700073242188,68600.0,-2.3026111125946045,-1.6175317764282229,4.213074207305908,68600.0,3.967778444290161,-7.89283561706543,-4.257965564727783,68600.0,1.7262194156646729,-8.966883659362793,-0.921169102191925
1267,68700.0,4.977000236511231,-19.30900001525879,54.85599899291992,68700.0,0.07269296050071716,0.17318029701709747,-0.33017265796661377,68700.0,1001.0700073242188,68700.0,-0.8549771308898926,-3.9878902435302734,1.6261200904846191,68700.0,4.4139580726623535,-7.850239753723144,-3.8808596134185778,68700.0,1.6651673316955566,-9.510367393493652,-0.04489128291606903
1268,68800.0,5.309999942779541,-18.19300079345703,54.85599899291992,68800.0,0.07269296050071716,0.17318029701709747,-0.33017265796661377,68800.0,1001.0700073242188,68800.0,-0.8549771308898926,-3.9878902435302734,1.6261200904846191,68800.0,4.4139580726623535,-7.850239753723144,-3.8808596134185778,68800.0,1.6651673316955566,-9.510367393493652,-0.04489128291606903
1269,68900.0,5.309999942779541,-11.317999839782715,56.91600036621094,68900.0,1.0500773191452026,0.1875356286764145,0.1157589629292488,68900.0,1001.1500244140624,68900.0,-0.43691062927246094,-0.496220588684082,3.796401500701904,68900.0,4.249078273773193,-8.610125541687013,-1.9953633546829224,68900.0,3.5589809417724614,-11.838129997253418,-2.25473952293396
1270,68500.0,5.195000171661377,-17.264999389648438,56.33300018310547,68500.0,-0.4331034719944,-0.7192938327789307,-0.3625485301017761,68500.0,1001.0700073242188,68500.0,-2.3026111125946045,-1.6175317764282229,4.213074207305908,68500.0,3.967778444290161,-7.89283561706543,-4.257965564727783,68500.0,1.7262194156646729,-8.966883659362793,-0.921169102191925
1271,68600.0,4.977000236511231,-18.83300018310547,55.43600082397461,68600.0,-0.4331034719944,-0.7192938327789307,-0.3625485301017761,68600.0,1001.0700073242188,68600.0,-2.3026111125946045,-1.6175317764282229,4.213074207305908,68600.0,3.967778444290161,-7.89283561706543,-4.257965564727783,68600.0,1.7262194156646729,-8.966883659362793,-0.921169102191925
1272,68700.0,4.977000236511231,-19.30900001525879,54.85599899291992,68700.0,0.07269296050071716,0.17318029701709747,-0.33017265796661377,68700.0,1001.0700073242188,68700.0,-0.8549771308898926,-3.9878902435302734,1.6261200904846191,68700.0,4.4139580726623535,-7.850239753723144,-3.8808596134185778,68700.0,1.6651673316955566,-9.510367393493652,-0.04489128291606903
1273,68800.0,5.309999942779541,-18.19300079345703,54.85599899291992,68800.0,0.07269296050071716,0.17318029701709747,-0.33017265796661377,68800.0,1001.0700073242188,68800.0,-0.8549771308898926,-3.9878902435302734,1.6261200904846191,68800.0,4.4139580726623535,-7.850239753723144,-3.8808596134185778,68800.0,1.6651673316955566,-9.510367393493652,-0.04489128291606903
1274,68900.0,5.309999942779541,-11.317999839782715,56.91600036621094,68900.0,1.0500773191452026,0.1875356286764145,0.1157589629292488,68900.0,1001.1500244140624,68900.0,-0.43691062927246094,-0.496220588684082,3.796401500701904,68900.0,4.249078273773193,-8.610125541687013,-1.9953633546829224,68900.0,3.5589809417724614,-11.838129997253418,-2.25473952293396
1275,69000.0,5.61299991607666,-0.2070000022649765,61.81900024414063,69000.0,1.0500773191452026,0.1875356286764145,0.1157589629292488,69000.0,1001.1500244140624,69000.0,-0.43691062927246094,-0.496220588684082,3.796401500701904,69000.0,4.249078273773193,-8.610125541687013,-1.9953633546829224,69000.0,3.5589809417724614,-11.838129997253418,-2.25473952293396
1276,69100.0,5.61299991607666,10.388999938964844,64.40799713134766,69100.0,-0.6163630485534668,-0.0910189226269722,1.228450059890747,69100.0,1001.0999755859376,69100.0,2.248378276824951,0.04875469207763672,8.315502166748049,69100.0,2.191070079803467,-9.14552402496338,-2.7801074981689453,69100.0,3.812167644500733,-9.106346130371094,1.8010382652282717
1277,69200.0,-1.807999968528748,15.357000350952148,66.79299926757814,69200.0,0.7162395119667053,2.3832907676696777,1.4474451541900637,69200.0,1001.010009765625,69200.0,0.2670943439006805,1.5169925689697266,2.063434362411499,69200.0,0.3488140404224396,-9.762024879455566,-0.8669320344924927,69200.0,4.439448356628418,-9.096769332885742,5.535394191741943
1278,69300.0,-2.746000051498413,19.895000457763672,67.43599700927734,69300.0,0.7162395119667053,2.3832907676696777,1.4474451541900637,69300.0,1001.010009765625,69300.0,0.2670943439006805,1.5169925689697266,2.063434362411499,69300.0,0.3488140404224396,-9.762024879455566,-0.8669320344924927,69300.0,4.439448356628418,-9.096769332885742,5.535394191741943
1279,69400.0,-1.4049999713897705,24.88500022888184,66.78399658203125,69400.0,-0.5091561675071716,0.5494732856750488,-0.09865473955869676,69400.0,1001.0800170898438,69400.0,-2.107696771621704,2.76348876953125,3.840828895568848,69400.0,0.5143555402755737,-9.662381172180176,-1.595067858695984,69400.0,0.6159083843231201,-8.24503231048584,1.1965023279190063
1280,69000.0,5.61299991607666,-0.2070000022649765,61.81900024414063,69000.0,1.0500773191452026,0.1875356286764145,0.1157589629292488,69000.0,1001.1500244140624,69000.0,-0.43691062927246094,-0.496220588684082,3.796401500701904,69000.0,4.249078273773193,-8.610125541687013,-1.9953633546829224,69000.0,3.5589809417724614,-11.838129997253418,-2.25473952293396
1281,69100.0,5.61299991607666,10.388999938964844,64.40799713134766,69100.0,-0.6163630485534668,-0.0910189226269722,1.228450059890747,69100.0,1001.0999755859376,69100.0,2.248378276824951,0.04875469207763672,8.315502166748049,69100.0,2.191070079803467,-9.14552402496338,-2.7801074981689453,69100.0,3.812167644500733,-9.106346130371094,1.8010382652282717
1282,69200.0,-1.807999968528748,15.357000350952148,66.79299926757814,69200.0,0.7162395119667053,2.3832907676696777,1.4474451541900637,69200.0,1001.010009765625,69200.0,0.2670943439006805,1.5169925689697266,2.063434362411499,69200.0,0.3488140404224396,-9.762024879455566,-0.8669320344924927,69200.0,4.439448356628418,-9.096769332885742,5.535394191741943
1283,69300.0,-2.746000051498413,19.895000457763672,67.43599700927734,69300.0,0.7162395119667053,2.3832907676696777,1.4474451541900637,69300.0,1001.010009765625,69300.0,0.2670943439006805,1.5169925689697266,2.063434362411499,69300.0,0.3488140404224396,-9.762024879455566,-0.8669320344924927,69300.0,4.439448356628418,-9.096769332885742,5.535394191741943
1284,69400.0,-1.4049999713897705,24.88500022888184,66.78399658203125,69400.0,-0.5091561675071716,0.5494732856750488,-0.09865473955869676,69400.0,1001.0800170898438,69400.0,-2.107696771621704,2.76348876953125,3.840828895568848,69400.0,0.5143555402755737,-9.662381172180176,-1.595067858695984,69400.0,0.6159083843231201,-8.24503231048584,1.1965023279190063
1285,69500.0,-1.7890000343322754,24.290000915527344,67.45400238037111,69500.0,-0.5091561675071716,0.5494732856750488,-0.09865473955869676,69500.0,1001.0800170898438,69500.0,-2.107696771621704,2.76348876953125,3.840828895568848,69500.0,0.5143555402755737,-9.662381172180176,-1.595067858695984,69500.0,0.6159083843231201,-8.24503231048584,1.1965023279190063
1286,69600.0,-2.111000061035156,19.84700012207032,67.84200286865234,69600.0,-0.40591996908187866,0.2727513313293457,-0.6472117304801941,69600.0,1001.010009765625,69600.0,-0.07096219062805176,2.0467700958251958,5.986082077026367,69600.0,1.6732816696166992,-9.44066333770752,-2.060189723968506,69600.0,-1.5933412313461304,-6.898892402648926,2.2457611560821533
1287,69700.0,-2.111000061035156,17.628000259399414,68.19699859619139,69700.0,-0.40591996908187866,0.2727513313293457,-0.6472117304801941,69700.0,1001.010009765625,69700.0,-0.07096219062805176,2.0467700958251958,5.986082077026367,69700.0,1.6732816696166992,-9.44066333770752,-2.060189723968506,69700.0,-1.5933412313461304,-6.898892402648926,2.2457611560821533
1288,69800.0,-2.111000061035156,11.383000373840332,68.58499908447266,69800.0,-0.26083946228027344,0.0806342139840126,-1.3588697910308838,69800.0,1001.0700073242188,69800.0,-0.06606554985046388,0.16144084930419922,1.8175418376922607,69800.0,3.9015767574310303,-8.68779182434082,-2.338879346847534,69800.0,1.6023194789886477,-7.393893241882324,3.925892353057861
1289,69900.0,4.39900016784668,10.24899959564209,68.927001953125,69900.0,-0.26083946228027344,0.0806342139840126,-1.3588697910308838,69900.0,1001.0700073242188,69900.0,-0.06606554985046388,0.16144084930419922,1.8175418376922607,69900.0,3.9015767574310303,-8.68779182434082,-2.338879346847534,69900.0,1.6023194789886477,-7.393893241882324,3.925892353057861
1290,69500.0,-1.7890000343322754,24.290000915527344,67.45400238037111,69500.0,-0.5091561675071716,0.5494732856750488,-0.09865473955869676,69500.0,1001.0800170898438,69500.0,-2.107696771621704,2.76348876953125,3.840828895568848,69500.0,0.5143555402755737,-9.662381172180176,-1.595067858695984,69500.0,0.6159083843231201,-8.24503231048584,1.1965023279190063
1291,69600.0,-2.111000061035156,19.84700012207032,67.84200286865234,69600.0,-0.40591996908187866,0.2727513313293457,-0.6472117304801941,69600.0,1001.010009765625,69600.0,-0.07096219062805176,2.0467700958251958,5.986082077026367,69600.0,1.6732816696166992,-9.44066333770752,-2.060189723968506,69600.0,-1.5933412313461304,-6.898892402648926,2.2457611560821533
1292,69700.0,-2.111000061035156,17.628000259399414,68.19699859619139,69700.0,-0.40591996908187866,0.2727513313293457,-0.6472117304801941,69700.0,1001.010009765625,69700.0,-0.07096219062805176,2.0467700958251958,5.986082077026367,69700.0,1.6732816696166992,-9.44066333770752,-2.060189723968506,69700.0,-1.5933412313461304,-6.898892402648926,2.2457611560821533
1293,69800.0,-2.111000061035156,11.383000373840332,68.58499908447266,69800.0,-0.26083946228027344,0.0806342139840126,-1.3588697910308838,69800.0,1001.0700073242188,69800.0,-0.06606554985046388,0.16144084930419922,1.8175418376922607,69800.0,3.9015767574310303,-8.68779182434082,-2.338879346847534,69800.0,1.6023194789886477,-7.393893241882324,3.925892353057861
1294,69900.0,4.39900016784668,10.24899959564209,68.927001953125,69900.0,-0.26083946228027344,0.0806342139840126,-1.3588697910308838,69900.0,1001.0700073242188,69900.0,-0.06606554985046388,0.16144084930419922,1.8175418376922607,69900.0,3.9015767574310303,-8.68779182434082,-2.338879346847534,69900.0,1.6023194789886477,-7.393893241882324,3.925892353057861
1295,70000.0,10.262999534606934,9.595999717712402,68.52700042724611,70000.0,-0.03573561832308768,-0.6319400668144226,-0.08124507963657379,70000.0,1001.030029296875,70000.0,-0.608151912689209,0.3385963439941406,2.430959939956665,70000.0,3.6416053771972656,-8.684783935546875,-2.7356221675872803,70000.0,3.8355112075805664,-8.526350975036621,-0.5213374495506287
1296,70100.0,16.520000457763672,9.777000427246094,65.43800354003906,70100.0,-0.2693915665149689,-0.8145887851715088,-0.0354301854968071,70100.0,1001.030029296875,70100.0,-0.7140214443206787,-0.8982887268066406,2.499091625213623,70100.0,3.1213912963867188,-8.596516609191895,-3.539372205734253,70100.0,3.0334534645080566,-8.346187591552733,-0.3046621680259705
1297,70200.0,18.69599914550781,9.395999908447266,63.78099822998047,70200.0,-0.2693915665149689,-0.8145887851715088,-0.0354301854968071,70200.0,1001.030029296875,70200.0,-0.7140214443206787,-0.8982887268066406,2.499091625213623,70200.0,3.1213912963867188,-8.596516609191895,-3.539372205734253,70200.0,3.0334534645080566,-8.346187591552733,-0.3046621680259705
1298,70300.0,18.69599914550781,8.543999671936035,63.50500106811523,70300.0,-0.02779436856508255,-0.1420261710882187,-0.3344487249851227,70300.0,1001.0700073242188,70300.0,-2.2434990406036377,-1.213422775268555,1.981760740280152,70300.0,3.3945114612579346,-8.48369312286377,-3.56013822555542,70300.0,2.40736985206604,-9.494805335998537,-1.04028058052063
1299,70400.0,18.256999969482425,7.859000205993652,63.57699966430664,70400.0,-0.02779436856508255,-0.1420261710882187,-0.3344487249851227,70400.0,1001.0700073242188,70400.0,-2.2434990406036377,-1.213422775268555,1.981760740280152,70400.0,3.3945114612579346,-8.48369312286377,-3.56013822555542,70400.0,2.40736985206604,-9.494805335998537,-1.04028058052063
1300,70000.0,10.262999534606934,9.595999717712402,68.52700042724611,70000.0,-0.03573561832308768,-0.6319400668144226,-0.08124507963657379,70000.0,1001.030029296875,70000.0,-0.608151912689209,0.3385963439941406,2.430959939956665,70000.0,3.6416053771972656,-8.684783935546875,-2.7356221675872803,70000.0,3.8355112075805664,-8.526350975036621,-0.5213374495506287
1301,70100.0,16.520000457763672,9.777000427246094,65.43800354003906,70100.0,-0.2693915665149689,-0.8145887851715088,-0.0354301854968071,70100.0,1001.030029296875,70100.0,-0.7140214443206787,-0.8982887268066406,2.499091625213623,70100.0,3.1213912963867188,-8.596516609191895,-3.539372205734253,70100.0,3.0334534645080566,-8.346187591552733,-0.3046621680259705
1302,70200.0,18.69599914550781,9.395999908447266,63.78099822998047,70200.0,-0.2693915665149689,-0.8145887851715088,-0.0354301854968071,70200.0,1001.030029296875,70200.0,-0.7140214443206787,-0.8982887268066406,2.499091625213623,70200.0,3.1213912963867188,-8.596516609191895,-3.539372205734253,70200.0,3.0334534645080566,-8.346187591552733,-0.3046621680259705
1303,70300.0,18.69599914550781,8.543999671936035,63.50500106811523,70300.0,-0.02779436856508255,-0.1420261710882187,-0.3344487249851227,70300.0,1001.0700073242188,70300.0,-2.2434990406036377,-1.213422775268555,1.981760740280152,70300.0,3.3945114612579346,-8.48369312286377,-3.56013822555542,70300.0,2.40736985206604,-9.494805335998537,-1.04028058052063
1304,70400.0,18.256999969482425,7.859000205993652,63.57699966430664,70400.0,-0.02779436856508255,-0.1420261710882187,-0.3344487249851227,70400.0,1001.0700073242188,70400.0,-2.2434990406036377,-1.213422775268555,1.981760740280152,70400.0,3.3945114612579346,-8.48369312286377,-3.56013822555542,70400.0,2.40736985206604,-9.494805335998537,-1.04028058052063
1305,70500.0,18.256999969482425,7.507999897003174,63.57699966430664,70500.0,0.1927279829978943,0.2776382565498352,-0.3567453026771545,70500.0,1001.010009765625,70500.0,-1.407275676727295,-3.1750164031982417,1.0264332294464111,70500.0,3.939143896102905,-8.478161811828612,-2.9621453285217285,70500.0,1.1510124206542969,-9.697115898132324,-1.5783774852752686
1306,70600.0,16.174999237060547,7.507999897003174,64.5469970703125,70600.0,0.1927279829978943,0.2776382565498352,-0.3567453026771545,70600.0,1001.010009765625,70600.0,-1.407275676727295,-3.1750164031982417,1.0264332294464111,70600.0,3.939143896102905,-8.478161811828612,-2.9621453285217285,70600.0,1.1510124206542969,-9.697115898132324,-1.5783774852752686
1307,70700.0,15.802000045776367,13.29800033569336,65.55300140380861,70700.0,0.8063421249389648,0.6340781450271606,0.03237585723400116,70700.0,1001.1300048828124,70700.0,-1.5573377609252932,-0.4118728637695313,1.7127501964569092,70700.0,3.980269908905029,-8.894988059997559,-1.0986374616622925,70700.0,2.5318682193756104,-11.653178215026855,-1.9357120990753167
1308,70800.0,12.079999923706055,18.582000732421875,66.20400238037111,70800.0,0.8063421249389648,0.6340781450271606,0.03237585723400116,70800.0,1001.1300048828124,70800.0,-1.5573377609252932,-0.4118728637695313,1.7127501964569092,70800.0,3.980269908905029,-8.894988059997559,-1.0986374616622925,70800.0,2.5318682193756104,-11.653178215026855,-1.9357120990753167
1309,70900.0,6.999000072479247,23.28000068664551,68.23799896240234,70900.0,0.3543018400669098,0.8057312369346619,0.7538077235221863,70900.0,1001.0499877929688,70900.0,0.12334179878234865,1.7245645523071291,1.9122068881988523,70900.0,2.6994221210479736,-9.4273099899292,0.09652835130691527,70900.0,2.4229321479797363,-9.30686092376709,0.6141127347946167
1310,70500.0,18.256999969482425,7.507999897003174,63.57699966430664,70500.0,0.1927279829978943,0.2776382565498352,-0.3567453026771545,70500.0,1001.010009765625,70500.0,-1.407275676727295,-3.1750164031982417,1.0264332294464111,70500.0,3.939143896102905,-8.478161811828612,-2.9621453285217285,70500.0,1.1510124206542969,-9.697115898132324,-1.5783774852752686
1311,70600.0,16.174999237060547,7.507999897003174,64.5469970703125,70600.0,0.1927279829978943,0.2776382565498352,-0.3567453026771545,70600.0,1001.010009765625,70600.0,-1.407275676727295,-3.1750164031982417,1.0264332294464111,70600.0,3.939143896102905,-8.478161811828612,-2.9621453285217285,70600.0,1.1510124206542969,-9.697115898132324,-1.5783774852752686
1312,70700.0,15.802000045776367,13.29800033569336,65.55300140380861,70700.0,0.8063421249389648,0.6340781450271606,0.03237585723400116,70700.0,1001.1300048828124,70700.0,-1.5573377609252932,-0.4118728637695313,1.7127501964569092,70700.0,3.980269908905029,-8.894988059997559,-1.0986374616622925,70700.0,2.5318682193756104,-11.653178215026855,-1.9357120990753167
1313,70800.0,12.079999923706055,18.582000732421875,66.20400238037111,70800.0,0.8063421249389648,0.6340781450271606,0.03237585723400116,70800.0,1001.1300048828124,70800.0,-1.5573377609252932,-0.4118728637695313,1.7127501964569092,70800.0,3.980269908905029,-8.894988059997559,-1.0986374616622925,70800.0,2.5318682193756104,-11.653178215026855,-1.9357120990753167
1314,70900.0,6.999000072479247,23.28000068664551,68.23799896240234,70900.0,0.3543018400669098,0.8057312369346619,0.7538077235221863,70900.0,1001.0499877929688,70900.0,0.12334179878234865,1.7245645523071291,1.9122068881988523,70900.0,2.6994221210479736,-9.4273099899292,0.09652835130691527,70900.0,2.4229321479797363,-9.30686092376709,0.6141127347946167
1315,71000.0,1.0859999656677246,23.48600006103516,70.33899688720703,71000.0,0.6890559792518616,0.40622538328170776,1.4926491975784302,71000.0,1001.030029296875,71000.0,-0.1518399715423584,0.7750072479248047,0.3695036172866821,71000.0,-0.10733235627412796,-9.690415382385254,1.5015649795532229,71000.0,2.8227639198303223,-7.70274543762207,2.008735179901123
1316,71100.0,0.32899999618530273,27.62899971008301,70.75299835205078,71100.0,0.6890559792518616,0.40622538328170776,1.4926491975784302,71100.0,1001.030029296875,71100.0,-0.1518399715423584,0.7750072479248047,0.3695036172866821,71100.0,-0.10733235627412796,-9.690415382385254,1.5015649795532229,71100.0,2.8227639198303223,-7.70274543762207,2.008735179901123
1317,71200.0,3.7070000171661377,30.841999053955078,70.75299835205078,71200.0,-0.03878994286060333,0.2189951837062836,0.192422553896904,71200.0,1000.969970703125,71200.0,-1.3583847284317017,2.9286279678344727,1.1138161420822144,71200.0,-0.6575330495834351,-9.662320137023926,1.5419520139694214,71200.0,-0.25917232036590576,-8.91540813446045,1.8710685968399048
1318,71300.0,5.978000164031982,31.02400016784668,71.06400299072266,71300.0,-0.03878994286060333,0.2189951837062836,0.192422553896904,71300.0,1000.969970703125,71300.0,-1.3583847284317017,2.9286279678344727,1.1138161420822144,71300.0,-0.6575330495834351,-9.662320137023926,1.5419520139694214,71300.0,-0.25917232036590576,-8.91540813446045,1.8710685968399048
1319,71400.0,8.656000137329103,29.066999435424805,71.06400299072266,71400.0,-0.6588181853294373,-0.18936823308467865,-0.1966986060142517,71400.0,1001.0599975585938,71400.0,-3.5716891288757324,-4.753395080566406,0.5109235048294067,71400.0,-0.5529216527938843,-9.779409408569336,0.4772832691669464,71400.0,-2.0159177780151367,-6.733692169189452,2.655768156051636
1320,71000.0,1.0859999656677246,23.48600006103516,70.33899688720703,71000.0,0.6890559792518616,0.40622538328170776,1.4926491975784302,71000.0,1001.030029296875,71000.0,-0.1518399715423584,0.7750072479248047,0.3695036172866821,71000.0,-0.10733235627412796,-9.690415382385254,1.5015649795532229,71000.0,2.8227639198303223,-7.70274543762207,2.008735179901123
1321,71100.0,0.32899999618530273,27.62899971008301,70.75299835205078,71100.0,0.6890559792518616,0.40622538328170776,1.4926491975784302,71100.0,1001.030029296875,71100.0,-0.1518399715423584,0.7750072479248047,0.3695036172866821,71100.0,-0.10733235627412796,-9.690415382385254,1.5015649795532229,71100.0,2.8227639198303223,-7.70274543762207,2.008735179901123
1322,71200.0,3.7070000171661377,30.841999053955078,70.75299835205078,71200.0,-0.03878994286060333,0.2189951837062836,0.192422553896904,71200.0,1000.969970703125,71200.0,-1.3583847284317017,2.9286279678344727,1.1138161420822144,71200.0,-0.6575330495834351,-9.662320137023926,1.5419520139694214,71200.0,-0.25917232036590576,-8.91540813446045,1.8710685968399048
1323,71300.0,5.978000164031982,31.02400016784668,71.06400299072266,71300.0,-0.03878994286060333,0.2189951837062836,0.192422553896904,71300.0,1000.969970703125,71300.0,-1.3583847284317017,2.9286279678344727,1.1138161420822144,71300.0,-0.6575330495834351,-9.662320137023926,1.5419520139694214,71300.0,-0.25917232036590576,-8.91540813446045,1.8710685968399048
1324,71400.0,8.656000137329103,29.066999435424805,71.06400299072266,71400.0,-0.6588181853294373,-0.18936823308467865,-0.1966986060142517,71400.0,1001.0599975585938,71400.0,-3.5716891288757324,-4.753395080566406,0.5109235048294067,71400.0,-0.5529216527938843,-9.779409408569336,0.4772832691669464,71400.0,-2.0159177780151367,-6.733692169189452,2.655768156051636
1325,71500.0,9.61299991607666,25.84600067138672,71.06400299072266,71500.0,-0.6588181853294373,-0.18936823308467865,-0.1966986060142517,71500.0,1001.0599975585938,71500.0,-3.5716891288757324,-4.753395080566406,0.5109235048294067,71500.0,-0.5529216527938843,-9.779409408569336,0.4772832691669464,71500.0,-2.0159177780151367,-6.733692169189452,2.655768156051636
1326,71600.0,10.272000312805176,19.047000885009766,71.39199829101562,71600.0,-0.6316346526145935,0.11881329119205475,-0.9230173826217652,71600.0,1001.0,71600.0,-0.14790993928909302,1.7382669448852541,0.9975515604019164,71600.0,0.9900704026222228,-9.742681503295898,-0.5199083089828491,71600.0,-4.124610900878906,-14.532804489135742,0.9882067441940308
1327,71700.0,12.538000106811525,16.63800048828125,71.76899719238281,71700.0,-0.6316346526145935,0.11881329119205475,-0.9230173826217652,71700.0,1001.0,71700.0,-0.14790993928909302,1.7382669448852541,0.9975515604019164,71700.0,0.9900704026222228,-9.742681503295898,-0.5199083089828491,71700.0,-4.124610900878906,-14.532804489135742,0.9882067441940308
1328,71800.0,18.218000411987305,15.663000106811525,71.76899719238281,71800.0,0.27580565214157104,-0.6517932415008545,-0.9935722947120668,71800.0,1001.030029296875,71800.0,-1.2086066007614136,-0.4107694625854492,-0.2815179228782654,71800.0,2.597243547439575,-9.455137252807617,-0.15841661393642426,71800.0,0.8421604633331299,-8.004414558410645,0.4776432514190674
1329,71900.0,27.36199951171875,18.239999771118164,69.31400299072266,71900.0,-0.5085453391075134,-0.8365799784660339,-0.23671028017997744,71900.0,1001.0499877929688,71900.0,0.15726327896118164,0.7572727203369141,1.2648230791091921,71900.0,2.8037657737731934,-9.300981521606444,-1.3420361280441284,71900.0,1.3886369466781616,-9.865906715393066,-0.4399345517158508
1330,71500.0,9.61299991607666,25.84600067138672,71.06400299072266,71500.0,-0.6588181853294373,-0.18936823308467865,-0.1966986060142517,71500.0,1001.0599975585938,71500.0,-3.5716891288757324,-4.753395080566406,0.5109235048294067,71500.0,-0.5529216527938843,-9.779409408569336,0.4772832691669464,71500.0,-2.0159177780151367,-6.733692169189452,2.655768156051636
1331,71600.0,10.272000312805176,19.047000885009766,71.39199829101562,71600.0,-0.6316346526145935,0.11881329119205475,-0.9230173826217652,71600.0,1001.0,71600.0,-0.14790993928909302,1.7382669448852541,0.9975515604019164,71600.0,0.9900704026222228,-9.742681503295898,-0.5199083089828491,71600.0,-4.124610900878906,-14.532804489135742,0.9882067441940308
1332,71700.0,12.538000106811525,16.63800048828125,71.76899719238281,71700.0,-0.6316346526145935,0.11881329119205475,-0.9230173826217652,71700.0,1001.0,71700.0,-0.14790993928909302,1.7382669448852541,0.9975515604019164,71700.0,0.9900704026222228,-9.742681503295898,-0.5199083089828491,71700.0,-4.124610900878906,-14.532804489135742,0.9882067441940308
1333,71800.0,18.218000411987305,15.663000106811525,71.76899719238281,71800.0,0.27580565214157104,-0.6517932415008545,-0.9935722947120668,71800.0,1001.030029296875,71800.0,-1.2086066007614136,-0.4107694625854492,-0.2815179228782654,71800.0,2.597243547439575,-9.455137252807617,-0.15841661393642426,71800.0,0.8421604633331299,-8.004414558410645,0.4776432514190674
1334,71900.0,27.36199951171875,18.239999771118164,69.31400299072266,71900.0,-0.5085453391075134,-0.8365799784660339,-0.23671028017997744,71900.0,1001.0499877929688,71900.0,0.15726327896118164,0.7572727203369141,1.2648230791091921,71900.0,2.8037657737731934,-9.300981521606444,-1.3420361280441284,71900.0,1.3886369466781616,-9.865906715393066,-0.4399345517158508
1335,72000.0,29.340999603271484,16.931999206542972,66.39700317382814,72000.0,-0.5085453391075134,-0.8365799784660339,-0.23671028017997744,72000.0,1001.0499877929688,72000.0,0.15726327896118164,0.7572727203369141,1.2648230791091921,72000.0,2.8037657737731934,-9.300981521606444,-1.3420361280441284,72000.0,1.3886369466781616,-9.865906715393066,-0.4399345517158508
1336,72100.0,30.104999542236328,16.25,66.00700378417969,72100.0,-0.484416127204895,-0.03634648025035858,-0.03298672288656235,72100.0,1000.9500122070312,72100.0,-0.2194669246673584,-0.2564992904663086,1.1949366331100464,72100.0,2.729188919067384,-9.18922519683838,-2.0688202381134038,72100.0,2.961029052734375,-8.543708801269531,-0.07721300423145294
1337,72200.0,27.02899932861328,13.5,66.48999786376953,72200.0,-0.484416127204895,-0.03634648025035858,-0.03298672288656235,72200.0,1000.9500122070312,72200.0,-0.2194669246673584,-0.2564992904663086,1.1949366331100464,72200.0,2.729188919067384,-9.18922519683838,-2.0688202381134038,72200.0,2.961029052734375,-8.543708801269531,-0.07721300423145294
1338,72300.0,24.513999938964844,10.760000228881836,66.48999786376953,72300.0,-0.07147123664617537,0.5241223573684692,-0.2370157092809677,72300.0,1000.969970703125,72300.0,-0.6835713386535645,-1.272679328918457,0.5988800525665283,72300.0,3.163365840911865,-9.107381820678713,-1.7941852807998655,72300.0,2.5097219944000244,-9.445724487304688,-0.8738836050033569
1339,72400.0,18.48699951171875,9.677000045776367,68.14499664306639,72400.0,-0.07147123664617537,0.5241223573684692,-0.2370157092809677,72400.0,1000.969970703125,72400.0,-0.6835713386535645,-1.272679328918457,0.5988800525665283,72400.0,3.163365840911865,-9.107381820678713,-1.7941852807998655,72400.0,2.5097219944000244,-9.445724487304688,-0.8738836050033569
1340,72000.0,29.340999603271484,16.931999206542972,66.39700317382814,72000.0,-0.5085453391075134,-0.8365799784660339,-0.23671028017997744,72000.0,1001.0499877929688,72000.0,0.15726327896118164,0.7572727203369141,1.2648230791091921,72000.0,2.8037657737731934,-9.300981521606444,-1.3420361280441284,72000.0,1.3886369466781616,-9.865906715393066,-0.4399345517158508
1341,72100.0,30.104999542236328,16.25,66.00700378417969,72100.0,-0.484416127204895,-0.03634648025035858,-0.03298672288656235,72100.0,1000.9500122070312,72100.0,-0.2194669246673584,-0.2564992904663086,1.1949366331100464,72100.0,2.729188919067384,-9.18922519683838,-2.0688202381134038,72100.0,2.961029052734375,-8.543708801269531,-0.07721300423145294
1342,72200.0,27.02899932861328,13.5,66.48999786376953,72200.0,-0.484416127204895,-0.03634648025035858,-0.03298672288656235,72200.0,1000.9500122070312,72200.0,-0.2194669246673584,-0.2564992904663086,1.1949366331100464,72200.0,2.729188919067384,-9.18922519683838,-2.0688202381134038,72200.0,2.961029052734375,-8.543708801269531,-0.07721300423145294
1343,72300.0,24.513999938964844,10.760000228881836,66.48999786376953,72300.0,-0.07147123664617537,0.5241223573684692,-0.2370157092809677,72300.0,1000.969970703125,72300.0,-0.6835713386535645,-1.272679328918457,0.5988800525665283,72300.0,3.163365840911865,-9.107381820678713,-1.7941852807998655,72300.0,2.5097219944000244,-9.445724487304688,-0.8738836050033569
1344,72400.0,18.48699951171875,9.677000045776367,68.14499664306639,72400.0,-0.07147123664617537,0.5241223573684692,-0.2370157092809677,72400.0,1000.969970703125,72400.0,-0.6835713386535645,-1.272679328918457,0.5988800525665283,72400.0,3.163365840911865,-9.107381820678713,-1.7941852807998655,72400.0,2.5097219944000244,-9.445724487304688,-0.8738836050033569
1345,72500.0,14.197999954223633,9.78499984741211,70.63400268554688,72500.0,0.4550946056842804,0.8103127479553223,-0.02321287989616394,72500.0,1001.02001953125,72500.0,-0.9020369052886964,-0.8576889038085938,0.6044003367424011,72500.0,3.1950836181640625,-9.261404991149902,-0.4338134527206421,72500.0,2.479794502258301,-10.380061149597168,-1.1953052282333374
1346,72600.0,11.28600025177002,9.869000434875488,72.06099700927734,72600.0,0.4550946056842804,0.8103127479553223,-0.02321287989616394,72600.0,1001.02001953125,72600.0,-0.9020369052886964,-0.8576889038085938,0.6044003367424011,72600.0,3.1950836181640625,-9.261404991149902,-0.4338134527206421,72600.0,2.479794502258301,-10.380061149597168,-1.1953052282333374
1347,72700.0,6.081999778747559,19.027000427246094,74.63600158691406,72700.0,1.3662000894546509,0.6734789609909058,0.5476406812667847,72700.0,1001.0800170898438,72700.0,-0.8431543111801147,0.6580324172973633,-4.3659095764160165,72700.0,2.0043420791625977,-9.335816383361816,2.235069751739502,72700.0,2.2930467128753658,-10.119093894958496,0.17058686912059784
1348,72800.0,7.315000057220459,22.79800033569336,75.40799713134766,72800.0,0.9150761365890504,0.3787364661693573,1.2443325519561768,72800.0,1000.989990234375,72800.0,2.3011350631713867,-1.006591796875,-0.8280317783355713,72800.0,-0.367817223072052,-8.986207962036133,3.909369468688965,72800.0,1.161187767982483,-8.677783966064451,-2.1308395862579346
1349,72900.0,6.25600004196167,22.827999114990234,76.59400177001953,72900.0,0.9150761365890504,0.3787364661693573,1.2443325519561768,72900.0,1000.989990234375,72900.0,2.3011350631713867,-1.006591796875,-0.8280317783355713,72900.0,-0.367817223072052,-8.986207962036133,3.909369468688965,72900.0,1.161187767982483,-8.677783966064451,-2.1308395862579346
1350,72500.0,14.197999954223633,9.78499984741211,70.63400268554688,72500.0,0.4550946056842804,0.8103127479553223,-0.02321287989616394,72500.0,1001.02001953125,72500.0,-0.9020369052886964,-0.8576889038085938,0.6044003367424011,72500.0,3.1950836181640625,-9.261404991149902,-0.4338134527206421,72500.0,2.479794502258301,-10.380061149597168,-1.1953052282333374
1351,72600.0,11.28600025177002,9.869000434875488,72.06099700927734,72600.0,0.4550946056842804,0.8103127479553223,-0.02321287989616394,72600.0,1001.02001953125,72600.0,-0.9020369052886964,-0.8576889038085938,0.6044003367424011,72600.0,3.1950836181640625,-9.261404991149902,-0.4338134527206421,72600.0,2.479794502258301,-10.380061149597168,-1.1953052282333374
1352,72700.0,6.081999778747559,19.027000427246094,74.63600158691406,72700.0,1.3662000894546509,0.6734789609909058,0.5476406812667847,72700.0,1001.0800170898438,72700.0,-0.8431543111801147,0.6580324172973633,-4.3659095764160165,72700.0,2.0043420791625977,-9.335816383361816,2.235069751739502,72700.0,2.2930467128753658,-10.119093894958496,0.17058686912059784
1353,72800.0,7.315000057220459,22.79800033569336,75.40799713134766,72800.0,0.9150761365890504,0.3787364661693573,1.2443325519561768,72800.0,1000.989990234375,72800.0,2.3011350631713867,-1.006591796875,-0.8280317783355713,72800.0,-0.367817223072052,-8.986207962036133,3.909369468688965,72800.0,1.161187767982483,-8.677783966064451,-2.1308395862579346
1354,72900.0,6.25600004196167,22.827999114990234,76.59400177001953,72900.0,0.9150761365890504,0.3787364661693573,1.2443325519561768,72900.0,1000.989990234375,72900.0,2.3011350631713867,-1.006591796875,-0.8280317783355713,72900.0,-0.367817223072052,-8.986207962036133,3.909369468688965,72900.0,1.161187767982483,-8.677783966064451,-2.1308395862579346
1355,73000.0,6.25600004196167,26.42799949645996,77.41600036621094,73000.0,0.6218608021736145,0.2403754740953445,1.1071932315826416,73000.0,1000.9500122070312,73000.0,2.0833404064178467,1.0572028160095217,-2.4560465812683105,73000.0,-2.32754898071289,-8.177558898925781,4.8867597579956055,73000.0,1.9333178997039795,-9.992799758911133,3.0813376903533936
1356,73100.0,6.64900016784668,29.434999465942386,77.41600036621094,73100.0,0.6218608021736145,0.2403754740953445,1.1071932315826416,73100.0,1000.9500122070312,73100.0,2.0833404064178467,1.0572028160095217,-2.4560465812683105,73100.0,-2.32754898071289,-8.177558898925781,4.8867597579956055,73100.0,1.9333178997039795,-9.992799758911133,3.0813376903533936
1357,73200.0,10.782999992370604,29.94499969482422,77.74299621582031,73200.0,-0.6682865619659424,-0.27550023794174194,-0.23548854887485504,73200.0,1001.010009765625,73200.0,-0.05381011962890625,2.2614965438842773,-1.268557071685791,73200.0,-1.825039625167847,-8.745593070983888,4.0440354347228995,73200.0,-0.24420857429504395,-7.12035608291626,2.430713176727295
1358,73300.0,13.986000061035154,26.24900054931641,78.0530014038086,73300.0,-0.6682865619659424,-0.27550023794174194,-0.23548854887485504,73300.0,1001.010009765625,73300.0,-0.05381011962890625,2.2614965438842773,-1.268557071685791,73300.0,-1.825039625167847,-8.745593070983888,4.0440354347228995,73300.0,-0.24420857429504395,-7.12035608291626,2.430713176727295
1359,73400.0,12.98799991607666,18.93400001525879,78.40799713134766,73400.0,-0.5836817622184753,-0.31031954288482666,-0.998153805732727,73400.0,1001.030029296875,73400.0,0.6406117677688599,3.5257787704467773,-3.632792711257935,73400.0,-0.09353665262460707,-9.25270938873291,3.2479248046875,73400.0,-1.8788497447967527,-6.4840965270996085,2.7754783630371094
1360,73000.0,6.25600004196167,26.42799949645996,77.41600036621094,73000.0,0.6218608021736145,0.2403754740953445,1.1071932315826416,73000.0,1000.9500122070312,73000.0,2.0833404064178467,1.0572028160095217,-2.4560465812683105,73000.0,-2.32754898071289,-8.177558898925781,4.8867597579956055,73000.0,1.9333178997039795,-9.992799758911133,3.0813376903533936
1361,73100.0,6.64900016784668,29.434999465942386,77.41600036621094,73100.0,0.6218608021736145,0.2403754740953445,1.1071932315826416,73100.0,1000.9500122070312,73100.0,2.0833404064178467,1.0572028160095217,-2.4560465812683105,73100.0,-2.32754898071289,-8.177558898925781,4.8867597579956055,73100.0,1.9333178997039795,-9.992799758911133,3.0813376903533936
1362,73200.0,10.782999992370604,29.94499969482422,77.74299621582031,73200.0,-0.6682865619659424,-0.27550023794174194,-0.23548854887485504,73200.0,1001.010009765625,73200.0,-0.05381011962890625,2.2614965438842773,-1.268557071685791,73200.0,-1.825039625167847,-8.745593070983888,4.0440354347228995,73200.0,-0.24420857429504395,-7.12035608291626,2.430713176727295
1363,73300.0,13.986000061035154,26.24900054931641,78.0530014038086,73300.0,-0.6682865619659424,-0.27550023794174194,-0.23548854887485504,73300.0,1001.010009765625,73300.0,-0.05381011962890625,2.2614965438842773,-1.268557071685791,73300.0,-1.825039625167847,-8.745593070983888,4.0440354347228995,73300.0,-0.24420857429504395,-7.12035608291626,2.430713176727295
1364,73400.0,12.98799991607666,18.93400001525879,78.40799713134766,73400.0,-0.5836817622184753,-0.31031954288482666,-0.998153805732727,73400.0,1001.030029296875,73400.0,0.6406117677688599,3.5257787704467773,-3.632792711257935,73400.0,-0.09353665262460707,-9.25270938873291,3.2479248046875,73400.0,-1.8788497447967527,-6.4840965270996085,2.7754783630371094
1365,73500.0,16.06399917602539,12.35099983215332,78.40799713134766,73500.0,-0.5836817622184753,-0.31031954288482666,-0.998153805732727,73500.0,1001.030029296875,73500.0,0.6406117677688599,3.5257787704467773,-3.632792711257935,73500.0,-0.09353665262460707,-9.25270938873291,3.2479248046875,73500.0,-1.8788497447967527,-6.4840965270996085,2.7754783630371094
1366,73600.0,21.851999282836914,10.6899995803833,78.7760009765625,73600.0,0.07635815441608429,-0.8494081497192383,-1.0577131509780884,73600.0,1001.0,73600.0,-0.6151418685913086,-1.0763273239135742,-0.7420517206192017,73600.0,2.9542770385742188,-9.334858894348145,0.5505155920982361,73600.0,0.547075092792511,-5.726930618286133,-0.38486793637275696
1367,73700.0,32.12400054931641,14.763999938964846,74.72000122070312,73700.0,-0.7254024744033813,-1.1948524713516235,-0.17837265133857727,73700.0,1001.030029296875,73700.0,1.4267369508743286,1.0271873474121094,1.585519552230835,73700.0,1.5702050924301147,-9.64332103729248,-0.8433170914649963,73700.0,2.33913516998291,-10.41118621826172,-0.1915361285209656
1368,73800.0,36.979000091552734,12.517999649047852,69.197998046875,73800.0,-0.7254024744033813,-1.1948524713516235,-0.17837265133857727,73800.0,1001.030029296875,73800.0,1.4267369508743286,1.0271873474121094,1.585519552230835,73800.0,1.5702050924301147,-9.64332103729248,-0.8433170914649963,73800.0,2.33913516998291,-10.41118621826172,-0.1915361285209656
1369,73900.0,40.7859992980957,11.881999969482422,66.90799713134766,73900.0,-0.36132678389549255,-0.4599815309047699,-0.10231992602348328,73900.0,1000.989990234375,73900.0,0.820164680480957,0.7206497192382812,-0.5886467099189758,73900.0,1.594387769699097,-9.67496395111084,-0.1529572457075119,73900.0,2.996942043304444,-8.616133689880371,0.7422025203704834
1370,73500.0,16.06399917602539,12.35099983215332,78.40799713134766,73500.0,-0.5836817622184753,-0.31031954288482666,-0.998153805732727,73500.0,1001.030029296875,73500.0,0.6406117677688599,3.5257787704467773,-3.632792711257935,73500.0,-0.09353665262460707,-9.25270938873291,3.2479248046875,73500.0,-1.8788497447967527,-6.4840965270996085,2.7754783630371094
1371,73600.0,21.851999282836914,10.6899995803833,78.7760009765625,73600.0,0.07635815441608429,-0.8494081497192383,-1.0577131509780884,73600.0,1001.0,73600.0,-0.6151418685913086,-1.0763273239135742,-0.7420517206192017,73600.0,2.9542770385742188,-9.334858894348145,0.5505155920982361,73600.0,0.547075092792511,-5.726930618286133,-0.38486793637275696
1372,73700.0,32.12400054931641,14.763999938964846,74.72000122070312,73700.0,-0.7254024744033813,-1.1948524713516235,-0.17837265133857727,73700.0,1001.030029296875,73700.0,1.4267369508743286,1.0271873474121094,1.585519552230835,73700.0,1.5702050924301147,-9.64332103729248,-0.8433170914649963,73700.0,2.33913516998291,-10.41118621826172,-0.1915361285209656
1373,73800.0,36.979000091552734,12.517999649047852,69.197998046875,73800.0,-0.7254024744033813,-1.1948524713516235,-0.17837265133857727,73800.0,1001.030029296875,73800.0,1.4267369508743286,1.0271873474121094,1.585519552230835,73800.0,1.5702050924301147,-9.64332103729248,-0.8433170914649963,73800.0,2.33913516998291,-10.41118621826172,-0.1915361285209656
1374,73900.0,40.7859992980957,11.881999969482422,66.90799713134766,73900.0,-0.36132678389549255,-0.4599815309047699,-0.10231992602348328,73900.0,1000.989990234375,73900.0,0.820164680480957,0.7206497192382812,-0.5886467099189758,73900.0,1.594387769699097,-9.67496395111084,-0.1529572457075119,73900.0,2.996942043304444,-8.616133689880371,0.7422025203704834
1375,74000.0,41.41299819946289,9.793999671936037,65.51300048828125,74000.0,-0.36132678389549255,-0.4599815309047699,-0.10231992602348328,74000.0,1000.989990234375,74000.0,0.820164680480957,0.7206497192382812,-0.5886467099189758,74000.0,1.594387769699097,-9.67496395111084,-0.1529572457075119,74000.0,2.996942043304444,-8.616133689880371,0.7422025203704834
1376,74100.0,39.69200134277344,6.886000156402588,66.58000183105469,74100.0,-0.17348572611808774,0.1414152979850769,-0.20586158335208893,74100.0,1001.010009765625,74100.0,0.4085274934768677,0.09525108337402344,0.2972819209098816,74100.0,1.825262665748596,-9.628363609313963,0.36531341075897217,74100.0,2.4145524501800537,-8.954314231872559,-0.7416039705276489
1377,74200.0,38.5099983215332,6.410999774932861,66.59600067138672,74200.0,-0.17348572611808774,0.1414152979850769,-0.20586158335208893,74200.0,1001.010009765625,74200.0,0.4085274934768677,0.09525108337402344,0.2972819209098816,74200.0,1.825262665748596,-9.628363609313963,0.36531341075897217,74200.0,2.4145524501800537,-8.954314231872559,-0.7416039705276489
1378,74300.0,34.048999786376946,5.513999938964844,69.26999664306639,74300.0,0.2235766798257828,0.20922134816646576,-0.20891591906547546,74300.0,1000.9600219726564,74300.0,1.8774459362030032,-3.2299680709838867,-1.9700329303741453,74300.0,2.0041534900665283,-9.55746364593506,0.8992262482643127,74300.0,2.233790159225464,-9.53311252593994,0.6625953316688538
1379,74400.0,31.43000030517578,5.879000186920166,72.14600372314453,74400.0,0.2235766798257828,0.20922134816646576,-0.20891591906547546,74400.0,1000.9600219726564,74400.0,1.8774459362030032,-3.2299680709838867,-1.9700329303741453,74400.0,2.0041534900665283,-9.55746364593506,0.8992262482643127,74400.0,2.233790159225464,-9.53311252593994,0.6625953316688538
1380,74000.0,41.41299819946289,9.793999671936037,65.51300048828125,74000.0,-0.36132678389549255,-0.4599815309047699,-0.10231992602348328,74000.0,1000.989990234375,74000.0,0.820164680480957,0.7206497192382812,-0.5886467099189758,74000.0,1.594387769699097,-9.67496395111084,-0.1529572457075119,74000.0,2.996942043304444,-8.616133689880371,0.7422025203704834
1381,74100.0,39.69200134277344,6.886000156402588,66.58000183105469,74100.0,-0.17348572611808774,0.1414152979850769,-0.20586158335208893,74100.0,1001.010009765625,74100.0,0.4085274934768677,0.09525108337402344,0.2972819209098816,74100.0,1.825262665748596,-9.628363609313963,0.36531341075897217,74100.0,2.4145524501800537,-8.954314231872559,-0.7416039705276489
1382,74200.0,38.5099983215332,6.410999774932861,66.59600067138672,74200.0,-0.17348572611808774,0.1414152979850769,-0.20586158335208893,74200.0,1001.010009765625,74200.0,0.4085274934768677,0.09525108337402344,0.2972819209098816,74200.0,1.825262665748596,-9.628363609313963,0.36531341075897217,74200.0,2.4145524501800537,-8.954314231872559,-0.7416039705276489
1383,74300.0,34.048999786376946,5.513999938964844,69.26999664306639,74300.0,0.2235766798257828,0.20922134816646576,-0.20891591906547546,74300.0,1000.9600219726564,74300.0,1.8774459362030032,-3.2299680709838867,-1.9700329303741453,74300.0,2.0041534900665283,-9.55746364593506,0.8992262482643127,74300.0,2.233790159225464,-9.53311252593994,0.6625953316688538
1384,74400.0,31.43000030517578,5.879000186920166,72.14600372314453,74400.0,0.2235766798257828,0.20922134816646576,-0.20891591906547546,74400.0,1000.9600219726564,74400.0,1.8774459362030032,-3.2299680709838867,-1.9700329303741453,74400.0,2.0041534900665283,-9.55746364593506,0.8992262482643127,74400.0,2.233790159225464,-9.53311252593994,0.6625953316688538
1385,74500.0,26.895000457763672,7.988999843597412,76.07099914550781,74500.0,0.8436049222946167,0.2797762751579285,0.16951510310173035,74500.0,1001.02001953125,74500.0,2.312451124191284,-0.8182125091552734,1.860947847366333,74500.0,1.4859497547149658,-9.402634620666504,2.356438398361206,74500.0,3.8815994262695312,-12.787431716918945,-1.0708067417144775
1386,74600.0,16.23900032043457,18.83300018310547,80.25,74600.0,-0.6130032539367676,0.6447682380676271,1.2211196422576904,74600.0,1000.969970703125,74600.0,2.2198357582092285,0.8713169097900391,3.659640073776245,74600.0,-0.3529568910598755,-9.798696517944336,0.17706826329231262,74600.0,3.79840087890625,-10.220847129821776,4.217386245727538
1387,74700.0,10.079000473022461,20.610000610351566,83.302001953125,74700.0,-0.6130032539367676,0.6447682380676271,1.2211196422576904,74700.0,1000.969970703125,74700.0,2.2198357582092285,0.8713169097900391,3.659640073776245,74700.0,-0.3529568910598755,-9.798696517944336,0.17706826329231262,74700.0,3.79840087890625,-10.220847129821776,4.217386245727538
1388,74800.0,6.39900016784668,23.26499938964844,84.6259994506836,74800.0,0.6679811477661133,2.5806002616882324,1.3912456035614014,74800.0,1000.9400024414064,74800.0,1.0419230461120603,1.0741739273071291,-0.2607388496398926,74800.0,-1.5937865972518919,-9.358710289001463,2.458616018295288,74800.0,1.8668787479400641,-8.927379608154297,3.8367083072662354
1389,74900.0,6.77400016784668,28.14699935913086,85.04000091552734,74900.0,0.6679811477661133,2.5806002616882324,1.3912456035614014,74900.0,1000.9400024414064,74900.0,1.0419230461120603,1.0741739273071291,-0.2607388496398926,74900.0,-1.5937865972518919,-9.358710289001463,2.458616018295288,74900.0,1.8668787479400641,-8.927379608154297,3.8367083072662354
1390,74500.0,26.895000457763672,7.988999843597412,76.07099914550781,74500.0,0.8436049222946167,0.2797762751579285,0.16951510310173035,74500.0,1001.02001953125,74500.0,2.312451124191284,-0.8182125091552734,1.860947847366333,74500.0,1.4859497547149658,-9.402634620666504,2.356438398361206,74500.0,3.8815994262695312,-12.787431716918945,-1.0708067417144775
1391,74600.0,16.23900032043457,18.83300018310547,80.25,74600.0,-0.6130032539367676,0.6447682380676271,1.2211196422576904,74600.0,1000.969970703125,74600.0,2.2198357582092285,0.8713169097900391,3.659640073776245,74600.0,-0.3529568910598755,-9.798696517944336,0.17706826329231262,74600.0,3.79840087890625,-10.220847129821776,4.217386245727538
1392,74700.0,10.079000473022461,20.610000610351566,83.302001953125,74700.0,-0.6130032539367676,0.6447682380676271,1.2211196422576904,74700.0,1000.969970703125,74700.0,2.2198357582092285,0.8713169097900391,3.659640073776245,74700.0,-0.3529568910598755,-9.798696517944336,0.17706826329231262,74700.0,3.79840087890625,-10.220847129821776,4.217386245727538
1393,74800.0,6.39900016784668,23.26499938964844,84.6259994506836,74800.0,0.6679811477661133,2.5806002616882324,1.3912456035614014,74800.0,1000.9400024414064,74800.0,1.0419230461120603,1.0741739273071291,-0.2607388496398926,74800.0,-1.5937865972518919,-9.358710289001463,2.458616018295288,74800.0,1.8668787479400641,-8.927379608154297,3.8367083072662354
1394,74900.0,6.77400016784668,28.14699935913086,85.04000091552734,74900.0,0.6679811477661133,2.5806002616882324,1.3912456035614014,74900.0,1000.9400024414064,74900.0,1.0419230461120603,1.0741739273071291,-0.2607388496398926,74900.0,-1.5937865972518919,-9.358710289001463,2.458616018295288,74900.0,1.8668787479400641,-8.927379608154297,3.8367083072662354
1395,75000.0,12.178999900817873,31.30400085449219,84.47200012207031,75000.0,-0.3527746796607971,-0.0039706239476799965,0.2785545587539673,75000.0,1000.9099731445312,75000.0,0.9565894603729248,2.9315075874328613,1.3480361700057983,75000.0,-2.1560845375061035,-9.357544898986816,1.9894810914993288,75000.0,-0.5518634915351868,-8.284536361694336,2.1978771686553955
1396,75100.0,16.180999755859375,28.9060001373291,84.47200012207031,75100.0,-0.3527746796607971,-0.0039706239476799965,0.2785545587539673,75100.0,1000.9099731445312,75100.0,0.9565894603729248,2.9315075874328613,1.3480361700057983,75100.0,-2.1560845375061035,-9.357544898986816,1.9894810914993288,75100.0,-0.5518634915351868,-8.284536361694336,2.1978771686553955
1397,75200.0,21.268999099731445,23.489999771118164,84.47200012207031,75200.0,-0.8063421249389648,-0.4584543704986572,-0.2718350291252136,75200.0,1000.9600219726564,75200.0,-1.5338984727859497,-2.374272346496582,1.4384207725524902,75200.0,-1.734186768531799,-9.611700057983398,0.8821592926979065,75200.0,-1.1994950771331787,-6.426037311553955,3.337517261505127
1398,75300.0,23.10099983215332,17.857999801635742,84.47200012207031,75300.0,-0.8063421249389648,-0.4584543704986572,-0.2718350291252136,75300.0,1000.9600219726564,75300.0,-1.5338984727859497,-2.374272346496582,1.4384207725524902,75300.0,-1.734186768531799,-9.611700057983398,0.8821592926979065,75300.0,-1.1994950771331787,-6.426037311553955,3.337517261505127
1399,75400.0,24.35400009155273,13.196999549865724,84.47200012207031,75400.0,-0.4651738703250885,-0.375071257352829,-0.9550877809524536,75400.0,1000.97998046875,75400.0,1.6951802968978882,2.0735540390014653,1.5149608850479126,75400.0,0.09388692677021028,-9.8038330078125,0.21544840931892395,75400.0,-3.2680852413177486,-11.98597240447998,2.320580005645752
1400,75000.0,12.178999900817873,31.30400085449219,84.47200012207031,75000.0,-0.3527746796607971,-0.0039706239476799965,0.2785545587539673,75000.0,1000.9099731445312,75000.0,0.9565894603729248,2.9315075874328613,1.3480361700057983,75000.0,-2.1560845375061035,-9.357544898986816,1.9894810914993288,75000.0,-0.5518634915351868,-8.284536361694336,2.1978771686553955
1401,75100.0,16.180999755859375,28.9060001373291,84.47200012207031,75100.0,-0.3527746796607971,-0.0039706239476799965,0.2785545587539673,75100.0,1000.9099731445312,75100.0,0.9565894603729248,2.9315075874328613,1.3480361700057983,75100.0,-2.1560845375061035,-9.357544898986816,1.9894810914993288,75100.0,-0.5518634915351868,-8.284536361694336,2.1978771686553955
1402,75200.0,21.268999099731445,23.489999771118164,84.47200012207031,75200.0,-0.8063421249389648,-0.4584543704986572,-0.2718350291252136,75200.0,1000.9600219726564,75200.0,-1.5338984727859497,-2.374272346496582,1.4384207725524902,75200.0,-1.734186768531799,-9.611700057983398,0.8821592926979065,75200.0,-1.1994950771331787,-6.426037311553955,3.337517261505127
1403,75300.0,23.10099983215332,17.857999801635742,84.47200012207031,75300.0,-0.8063421249389648,-0.4584543704986572,-0.2718350291252136,75300.0,1000.9600219726564,75300.0,-1.5338984727859497,-2.374272346496582,1.4384207725524902,75300.0,-1.734186768531799,-9.611700057983398,0.8821592926979065,75300.0,-1.1994950771331787,-6.426037311553955,3.337517261505127
1404,75400.0,24.35400009155273,13.196999549865724,84.47200012207031,75400.0,-0.4651738703250885,-0.375071257352829,-0.9550877809524536,75400.0,1000.97998046875,75400.0,1.6951802968978882,2.0735540390014653,1.5149608850479126,75400.0,0.09388692677021028,-9.8038330078125,0.21544840931892395,75400.0,-3.2680852413177486,-11.98597240447998,2.320580005645752
1405,75500.0,29.39900016784668,15.678999900817873,84.12999725341797,75500.0,-0.11209376901388167,-0.46089783310890203,-0.6667594313621521,75500.0,1000.9400024414064,75500.0,0.6154546737670898,0.18195819854736328,0.5729976892471313,75500.0,1.3011038303375244,-9.71985912322998,0.042910702526569366,75500.0,1.7890672683715818,-7.730278968811035,1.7304092645645142
1406,75600.0,37.88199996948242,16.798999786376953,78.73899841308594,75600.0,-0.11209376901388167,-0.46089783310890203,-0.6667594313621521,75600.0,1000.9400024414064,75600.0,0.6154546737670898,0.18195819854736328,0.5729976892471313,75600.0,1.3011038303375244,-9.71985912322998,0.042910702526569366,75600.0,1.7890672683715818,-7.730278968811035,1.7304092645645142
1407,75700.0,44.60100173950195,15.527000427246096,73.26499938964844,75700.0,-0.4838052690029144,-1.1572842597961426,-0.33108896017074585,75700.0,1000.9099731445312,75700.0,0.4594979286193848,1.0496969223022459,1.161613702774048,75700.0,1.7395763397216797,-9.59400463104248,-1.048487663269043,75700.0,1.9165585041046145,-9.537900924682617,0.6159083843231201
1408,75800.0,47.09000015258789,13.602999687194824,70.79000091552734,75800.0,-0.4838052690029144,-1.1572842597961426,-0.33108896017074585,75800.0,1000.9099731445312,75800.0,0.4594979286193848,1.0496969223022459,1.161613702774048,75800.0,1.7395763397216797,-9.59400463104248,-1.048487663269043,75800.0,1.9165585041046145,-9.537900924682617,0.6159083843231201
1409,75900.0,45.5260009765625,9.83199977874756,71.4520034790039,75900.0,-0.28527405858039856,-0.2315179258584976,-0.2131919711828232,75900.0,1000.9299926757812,75900.0,-1.2820799350738523,0.0918130874633789,-0.6237068176269531,75900.0,1.9153462648391724,-9.495039939880373,-1.5316731929779053,75900.0,2.1990742683410645,-8.544307708740233,0.11312603205442427
1410,75500.0,29.39900016784668,15.678999900817873,84.12999725341797,75500.0,-0.11209376901388167,-0.46089783310890203,-0.6667594313621521,75500.0,1000.9400024414064,75500.0,0.6154546737670898,0.18195819854736328,0.5729976892471313,75500.0,1.3011038303375244,-9.71985912322998,0.042910702526569366,75500.0,1.7890672683715818,-7.730278968811035,1.7304092645645142
1411,75600.0,37.88199996948242,16.798999786376953,78.73899841308594,75600.0,-0.11209376901388167,-0.46089783310890203,-0.6667594313621521,75600.0,1000.9400024414064,75600.0,0.6154546737670898,0.18195819854736328,0.5729976892471313,75600.0,1.3011038303375244,-9.71985912322998,0.042910702526569366,75600.0,1.7890672683715818,-7.730278968811035,1.7304092645645142
1412,75700.0,44.60100173950195,15.527000427246096,73.26499938964844,75700.0,-0.4838052690029144,-1.1572842597961426,-0.33108896017074585,75700.0,1000.9099731445312,75700.0,0.4594979286193848,1.0496969223022459,1.161613702774048,75700.0,1.7395763397216797,-9.59400463104248,-1.048487663269043,75700.0,1.9165585041046145,-9.537900924682617,0.6159083843231201
1413,75800.0,47.09000015258789,13.602999687194824,70.79000091552734,75800.0,-0.4838052690029144,-1.1572842597961426,-0.33108896017074585,75800.0,1000.9099731445312,75800.0,0.4594979286193848,1.0496969223022459,1.161613702774048,75800.0,1.7395763397216797,-9.59400463104248,-1.048487663269043,75800.0,1.9165585041046145,-9.537900924682617,0.6159083843231201
1414,75900.0,45.5260009765625,9.83199977874756,71.4520034790039,75900.0,-0.28527405858039856,-0.2315179258584976,-0.2131919711828232,75900.0,1000.9299926757812,75900.0,-1.2820799350738523,0.0918130874633789,-0.6237068176269531,75900.0,1.9153462648391724,-9.495039939880373,-1.5316731929779053,75900.0,2.1990742683410645,-8.544307708740233,0.11312603205442427
1415,76000.0,44.35100173950195,7.396999835968018,72.06099700927734,76000.0,-0.28527405858039856,-0.2315179258584976,-0.2131919711828232,76000.0,1000.9299926757812,76000.0,-1.2820799350738523,0.0918130874633789,-0.6237068176269531,76000.0,1.9153462648391724,-9.495039939880373,-1.5316731929779053,76000.0,2.1990742683410645,-8.544307708740233,0.11312603205442427
1416,76100.0,44.12200164794922,6.152999877929688,71.71099853515625,76100.0,0.021685715764760968,0.3130684494972229,-0.284663200378418,76100.0,1000.8599853515624,76100.0,0.17817401885986328,-1.5949373245239258,-0.34958410263061523,76100.0,2.3920013904571533,-9.42258071899414,-1.2898454666137695,76100.0,0.6332663297653198,-9.403226852416992,-2.1553800106048584
1417,76200.0,38.59199905395508,6.152999877929688,76.55699920654297,76200.0,0.021685715764760968,0.3130684494972229,-0.284663200378418,76200.0,1000.8599853515624,76200.0,0.17817401885986328,-1.5949373245239258,-0.34958410263061523,76200.0,2.3920013904571533,-9.42258071899414,-1.2898454666137695,76200.0,0.6332663297653198,-9.403226852416992,-2.1553800106048584
1418,76300.0,36.16699981689453,7.7880001068115225,79.83000183105469,76300.0,1.547627091407776,0.6667594313621521,-0.13011430203914642,76300.0,1001.030029296875,76300.0,-0.721638560295105,-0.8939790725708008,-1.6772239208221436,76300.0,2.3981783390045166,-9.341233253479004,1.7777804136276243,76300.0,2.5701754093170166,-11.017518043518066,-1.6394295692443848
1419,76400.0,28.934999465942386,22.53700065612793,85.44300079345703,76400.0,0.4905247986316681,0.2721404731273651,1.1994339227676392,76400.0,1000.9600219726564,76400.0,-1.1807281970977783,-3.689070701599121,2.0924637317657457,76400.0,-0.3120565116405487,-9.342569351196287,2.964689016342163,76400.0,1.6765397787094116,-10.235212326049805,0.10055647045373917
1420,76000.0,44.35100173950195,7.396999835968018,72.06099700927734,76000.0,-0.28527405858039856,-0.2315179258584976,-0.2131919711828232,76000.0,1000.9299926757812,76000.0,-1.2820799350738523,0.0918130874633789,-0.6237068176269531,76000.0,1.9153462648391724,-9.495039939880373,-1.5316731929779053,76000.0,2.1990742683410645,-8.544307708740233,0.11312603205442427
1421,76100.0,44.12200164794922,6.152999877929688,71.71099853515625,76100.0,0.021685715764760968,0.3130684494972229,-0.284663200378418,76100.0,1000.8599853515624,76100.0,0.17817401885986328,-1.5949373245239258,-0.34958410263061523,76100.0,2.3920013904571533,-9.42258071899414,-1.2898454666137695,76100.0,0.6332663297653198,-9.403226852416992,-2.1553800106048584
1422,76200.0,38.59199905395508,6.152999877929688,76.55699920654297,76200.0,0.021685715764760968,0.3130684494972229,-0.284663200378418,76200.0,1000.8599853515624,76200.0,0.17817401885986328,-1.5949373245239258,-0.34958410263061523,76200.0,2.3920013904571533,-9.42258071899414,-1.2898454666137695,76200.0,0.6332663297653198,-9.403226852416992,-2.1553800106048584
1423,76300.0,36.16699981689453,7.7880001068115225,79.83000183105469,76300.0,1.547627091407776,0.6667594313621521,-0.13011430203914642,76300.0,1001.030029296875,76300.0,-0.721638560295105,-0.8939790725708008,-1.6772239208221436,76300.0,2.3981783390045166,-9.341233253479004,1.7777804136276243,76300.0,2.5701754093170166,-11.017518043518066,-1.6394295692443848
1424,76400.0,28.934999465942386,22.53700065612793,85.44300079345703,76400.0,0.4905247986316681,0.2721404731273651,1.1994339227676392,76400.0,1000.9600219726564,76400.0,-1.1807281970977783,-3.689070701599121,2.0924637317657457,76400.0,-0.3120565116405487,-9.342569351196287,2.964689016342163,76400.0,1.6765397787094116,-10.235212326049805,0.10055647045373917
1425,76500.0,28.58699989318848,28.819000244140625,85.77999877929688,76500.0,0.4905247986316681,0.2721404731273651,1.1994339227676392,76500.0,1000.9600219726564,76500.0,-1.1807281970977783,-3.689070701599121,2.0924637317657457,76500.0,-0.3120565116405487,-9.342569351196287,2.964689016342163,76500.0,1.6765397787094116,-10.235212326049805,0.10055647045373917
1426,76600.0,28.363000869750977,28.618999481201172,86.29900360107422,76600.0,1.1557570695877075,-0.9929614663124084,2.4492642879486084,76600.0,1000.8699951171876,76600.0,3.1454296112060547,0.35150146484375,-3.119410276412964,76600.0,-3.384251356124878,-7.641247272491455,5.131138324737549,76600.0,-1.4927847385406494,-13.03164005279541,5.05715274810791
1427,76700.0,36.367000579833984,28.479999542236328,82.63800048828125,76700.0,1.1557570695877075,-0.9929614663124084,2.4492642879486084,76700.0,1000.8699951171876,76700.0,3.1454296112060547,0.35150146484375,-3.119410276412964,76700.0,-3.384251356124878,-7.641247272491455,5.131138324737549,76700.0,-1.4927847385406494,-13.03164005279541,5.05715274810791
1428,76800.0,45.02399826049805,28.458999633789066,75.55500030517578,76800.0,-0.13866640627384186,-1.1181888580322266,0.8170322775840759,76800.0,1000.5800170898438,76800.0,0.8155081272125244,4.196947097778319,-2.1147718429565434,76800.0,-3.452122688293457,-7.16934871673584,5.731812000274657,76800.0,-0.2388216257095337,-7.289745807647705,2.011728048324585
1429,76900.0,50.78400039672852,28.857999801635746,70.52999877929688,76900.0,-0.13866640627384186,-1.1181888580322266,0.8170322775840759,76900.0,1000.5800170898438,76900.0,0.8155081272125244,4.196947097778319,-2.1147718429565434,76900.0,-3.452122688293457,-7.16934871673584,5.731812000274657,76900.0,-0.2388216257095337,-7.289745807647705,2.011728048324585
1430,76500.0,28.58699989318848,28.819000244140625,85.77999877929688,76500.0,0.4905247986316681,0.2721404731273651,1.1994339227676392,76500.0,1000.9600219726564,76500.0,-1.1807281970977783,-3.689070701599121,2.0924637317657457,76500.0,-0.3120565116405487,-9.342569351196287,2.964689016342163,76500.0,1.6765397787094116,-10.235212326049805,0.10055647045373917
1431,76600.0,28.363000869750977,28.618999481201172,86.29900360107422,76600.0,1.1557570695877075,-0.9929614663124084,2.4492642879486084,76600.0,1000.8699951171876,76600.0,3.1454296112060547,0.35150146484375,-3.119410276412964,76600.0,-3.384251356124878,-7.641247272491455,5.131138324737549,76600.0,-1.4927847385406494,-13.03164005279541,5.05715274810791
1432,76700.0,36.367000579833984,28.479999542236328,82.63800048828125,76700.0,1.1557570695877075,-0.9929614663124084,2.4492642879486084,76700.0,1000.8699951171876,76700.0,3.1454296112060547,0.35150146484375,-3.119410276412964,76700.0,-3.384251356124878,-7.641247272491455,5.131138324737549,76700.0,-1.4927847385406494,-13.03164005279541,5.05715274810791
1433,76800.0,45.02399826049805,28.458999633789066,75.55500030517578,76800.0,-0.13866640627384186,-1.1181888580322266,0.8170322775840759,76800.0,1000.5800170898438,76800.0,0.8155081272125244,4.196947097778319,-2.1147718429565434,76800.0,-3.452122688293457,-7.16934871673584,5.731812000274657,76800.0,-0.2388216257095337,-7.289745807647705,2.011728048324585
1434,76900.0,50.78400039672852,28.857999801635746,70.52999877929688,76900.0,-0.13866640627384186,-1.1181888580322266,0.8170322775840759,76900.0,1000.5800170898438,76900.0,0.8155081272125244,4.196947097778319,-2.1147718429565434,76900.0,-3.452122688293457,-7.16934871673584,5.731812000274657,76900.0,-0.2388216257095337,-7.289745807647705,2.011728048324585
1435,77000.0,55.0099983215332,24.908000946044922,63.73199844360352,77000.0,-1.13926362991333,-1.0839803218841553,-0.6988298296928406,77000.0,1000.8699951171876,77000.0,0.016219139099121094,4.319853782653809,8.404690742492676,77000.0,2.1493363380432133,-9.565549850463867,0.2258084118366241,77000.0,-2.6366145610809326,-2.9724013805389404,3.6170401573181152
1436,77100.0,52.25899887084961,19.2189998626709,60.59099960327149,77100.0,-1.13926362991333,-1.0839803218841553,-0.6988298296928406,77100.0,1000.8699951171876,77100.0,0.016219139099121094,4.319853782653809,8.404690742492676,77100.0,2.1493363380432133,-9.565549850463867,0.2258084118366241,77100.0,-2.6366145610809326,-2.9724013805389404,3.6170401573181152
1437,77200.0,48.90700149536133,19.632999420166016,58.137001037597656,77200.0,-1.9159787893295288,-1.9590448141098025,-1.6844608783721924,77200.0,1000.9299926757812,77200.0,-2.275167465209961,-8.005904197692871,0.4019359350204468,77200.0,3.444136381149292,-8.94983196258545,-2.0515408515930176,77200.0,2.165555477142334,-5.245696067810059,8.630498886108397
1438,77300.0,42.92699813842773,15.446000099182127,60.63299942016602,77300.0,0.3833179473876953,1.049161076545715,-1.4969252347946167,77300.0,1000.8800048828124,77300.0,-4.423066139221191,-2.8786849975585938,-0.6950907707214355,77300.0,2.460419178009033,-9.070775985717773,2.7995941638946533,77300.0,1.1689690351486206,-16.95573616027832,-1.6496049165725708
1439,77400.0,48.29999923706055,19.00900077819824,53.4739990234375,77400.0,0.3833179473876953,1.049161076545715,-1.4969252347946167,77400.0,1000.8800048828124,77400.0,-4.423066139221191,-2.8786849975585938,-0.6950907707214355,77400.0,2.460419178009033,-9.070775985717773,2.7995941638946533,77400.0,1.1689690351486206,-16.95573616027832,-1.6496049165725708
1440,77000.0,55.0099983215332,24.908000946044922,63.73199844360352,77000.0,-1.13926362991333,-1.0839803218841553,-0.6988298296928406,77000.0,1000.8699951171876,77000.0,0.016219139099121094,4.319853782653809,8.404690742492676,77000.0,2.1493363380432133,-9.565549850463867,0.2258084118366241,77000.0,-2.6366145610809326,-2.9724013805389404,3.6170401573181152
1441,77100.0,52.25899887084961,19.2189998626709,60.59099960327149,77100.0,-1.13926362991333,-1.0839803218841553,-0.6988298296928406,77100.0,1000.8699951171876,77100.0,0.016219139099121094,4.319853782653809,8.404690742492676,77100.0,2.1493363380432133,-9.565549850463867,0.2258084118366241,77100.0,-2.6366145610809326,-2.9724013805389404,3.6170401573181152
1442,77200.0,48.90700149536133,19.632999420166016,58.137001037597656,77200.0,-1.9159787893295288,-1.9590448141098025,-1.6844608783721924,77200.0,1000.9299926757812,77200.0,-2.275167465209961,-8.005904197692871,0.4019359350204468,77200.0,3.444136381149292,-8.94983196258545,-2.0515408515930176,77200.0,2.165555477142334,-5.245696067810059,8.630498886108397
1443,77300.0,42.92699813842773,15.446000099182127,60.63299942016602,77300.0,0.3833179473876953,1.049161076545715,-1.4969252347946167,77300.0,1000.8800048828124,77300.0,-4.423066139221191,-2.8786849975585938,-0.6950907707214355,77300.0,2.460419178009033,-9.070775985717773,2.7995941638946533,77300.0,1.1689690351486206,-16.95573616027832,-1.6496049165725708
1444,77400.0,48.29999923706055,19.00900077819824,53.4739990234375,77400.0,0.3833179473876953,1.049161076545715,-1.4969252347946167,77400.0,1000.8800048828124,77400.0,-4.423066139221191,-2.8786849975585938,-0.6950907707214355,77400.0,2.460419178009033,-9.070775985717773,2.7995941638946533,77400.0,1.1689690351486206,-16.95573616027832,-1.6496049165725708
1445,77500.0,53.55799865722656,22.71199989318848,37.236000061035156,77500.0,-0.2620611786842346,-2.718655824661255,-0.7122688889503479,77500.0,1000.9000244140624,77500.0,-0.5318288803100586,0.9514102935791016,-2.0220880508422847,77500.0,2.224529504776001,-9.542404174804688,0.405403345823288,77500.0,-1.9626468420028689,-11.949460983276367,2.1045033931732178
1446,77600.0,54.03499984741211,24.43000030517578,30.26099967956543,77600.0,-0.2620611786842346,-2.718655824661255,-0.7122688889503479,77600.0,1000.9000244140624,77600.0,-0.5318288803100586,0.9514102935791016,-2.0220880508422847,77600.0,2.224529504776001,-9.542404174804688,0.405403345823288,77600.0,-1.9626468420028689,-11.949460983276367,2.1045033931732178
1447,77700.0,51.95399856567383,26.94499969482422,28.30500030517578,77700.0,0.5210680365562439,-1.397048830986023,-1.0977247953414917,77700.0,1000.8300170898438,77700.0,-3.3671793937683105,-5.675336837768555,-0.4352902173995972,77700.0,2.6566998958587646,-9.226174354553224,1.997506856918335,77700.0,1.6927006244659424,-8.590993881225586,-1.6166846752166748
1448,77800.0,47.36399841308594,29.54400062561035,25.233999252319336,77800.0,0.5210680365562439,-1.397048830986023,-1.0977247953414917,77800.0,1000.8300170898438,77800.0,-3.3671793937683105,-5.675336837768555,-0.4352902173995972,77800.0,2.6566998958587646,-9.226174354553224,1.997506856918335,77800.0,1.6927006244659424,-8.590993881225586,-1.6166846752166748
1449,77900.0,39.60699844360352,26.38999938964844,18.96500015258789,77900.0,1.6578882932662964,-1.1362093687057495,1.81762957572937,77900.0,1001.030029296875,77900.0,4.11771297454834,-1.1395998001098633,-5.435490608215332,77900.0,-1.9479680061340328,-8.676627159118652,4.134242057800293,77900.0,-0.7104793787002563,-14.901511192321776,1.5622166395187378
1450,77500.0,53.55799865722656,22.71199989318848,37.236000061035156,77500.0,-0.2620611786842346,-2.718655824661255,-0.7122688889503479,77500.0,1000.9000244140624,77500.0,-0.5318288803100586,0.9514102935791016,-2.0220880508422847,77500.0,2.224529504776001,-9.542404174804688,0.405403345823288,77500.0,-1.9626468420028689,-11.949460983276367,2.1045033931732178
1451,77600.0,54.03499984741211,24.43000030517578,30.26099967956543,77600.0,-0.2620611786842346,-2.718655824661255,-0.7122688889503479,77600.0,1000.9000244140624,77600.0,-0.5318288803100586,0.9514102935791016,-2.0220880508422847,77600.0,2.224529504776001,-9.542404174804688,0.405403345823288,77600.0,-1.9626468420028689,-11.949460983276367,2.1045033931732178
1452,77700.0,51.95399856567383,26.94499969482422,28.30500030517578,77700.0,0.5210680365562439,-1.397048830986023,-1.0977247953414917,77700.0,1000.8300170898438,77700.0,-3.3671793937683105,-5.675336837768555,-0.4352902173995972,77700.0,2.6566998958587646,-9.226174354553224,1.997506856918335,77700.0,1.6927006244659424,-8.590993881225586,-1.6166846752166748
1453,77800.0,47.36399841308594,29.54400062561035,25.233999252319336,77800.0,0.5210680365562439,-1.397048830986023,-1.0977247953414917,77800.0,1000.8300170898438,77800.0,-3.3671793937683105,-5.675336837768555,-0.4352902173995972,77800.0,2.6566998958587646,-9.226174354553224,1.997506856918335,77800.0,1.6927006244659424,-8.590993881225586,-1.6166846752166748
1454,77900.0,39.60699844360352,26.38999938964844,18.96500015258789,77900.0,1.6578882932662964,-1.1362093687057495,1.81762957572937,77900.0,1001.030029296875,77900.0,4.11771297454834,-1.1395998001098633,-5.435490608215332,77900.0,-1.9479680061340328,-8.676627159118652,4.134242057800293,77900.0,-0.7104793787002563,-14.901511192321776,1.5622166395187378
1455,78000.0,34.582000732421875,18.80299949645996,9.345999717712402,78000.0,1.6578882932662964,-1.1362093687057495,1.81762957572937,78000.0,1001.030029296875,78000.0,4.11771297454834,-1.1395998001098633,-5.435490608215332,78000.0,-1.9479680061340328,-8.676627159118652,4.134242057800293,78000.0,-0.7104793787002563,-14.901511192321776,1.5622166395187378
1456,78100.0,27.71999931335449,9.951000213623047,-2.4270000457763667,78100.0,0.4758640229701996,-0.7629706859588623,2.3722951412200928,78100.0,1000.9299926757812,78100.0,9.20823860168457,-3.764354705810547,-3.78238582611084,78100.0,-2.763047695159912,-9.230175018310547,1.8275200128555296,78100.0,2.1697452068328857,-9.816226959228516,-1.3012486696243286
1457,78200.0,21.00200080871582,1.8630000352859497,-3.0469999313354488,78200.0,0.03237585723400116,0.3500257730484009,1.6942347288131714,78200.0,1000.7899780273438,78200.0,6.1639933586120605,2.465980052947998,-0.6689291000366211,78200.0,-5.609735488891602,-7.858320713043213,1.7169909477233891,78200.0,6.445190906524657,-12.994529724121096,-1.9548656940460205
1458,78300.0,13.536999702453613,-3.1670000553131104,-4.037000179290772,78300.0,0.03237585723400116,0.3500257730484009,1.6942347288131714,78300.0,1000.7899780273438,78300.0,6.1639933586120605,2.465980052947998,-0.6689291000366211,78300.0,-5.609735488891602,-7.858320713043213,1.7169909477233891,78300.0,6.445190906524657,-12.994529724121096,-1.9548656940460205
1459,78400.0,9.652000427246094,-3.703999996185303,-5.0320000648498535,78400.0,-0.8124507665634155,-1.9550741910934448,0.8405506014823914,78400.0,1000.8699951171876,78400.0,4.921122074127197,-11.016963005065918,-2.454902648925781,78400.0,-6.04340410232544,-7.211291313171388,2.7649517059326167,78400.0,0.5542576909065247,-5.392340660095215,1.0480618476867676
1460,78000.0,34.582000732421875,18.80299949645996,9.345999717712402,78000.0,1.6578882932662964,-1.1362093687057495,1.81762957572937,78000.0,1001.030029296875,78000.0,4.11771297454834,-1.1395998001098633,-5.435490608215332,78000.0,-1.9479680061340328,-8.676627159118652,4.134242057800293,78000.0,-0.7104793787002563,-14.901511192321776,1.5622166395187378
1461,78100.0,27.71999931335449,9.951000213623047,-2.4270000457763667,78100.0,0.4758640229701996,-0.7629706859588623,2.3722951412200928,78100.0,1000.9299926757812,78100.0,9.20823860168457,-3.764354705810547,-3.78238582611084,78100.0,-2.763047695159912,-9.230175018310547,1.8275200128555296,78100.0,2.1697452068328857,-9.816226959228516,-1.3012486696243286
1462,78200.0,21.00200080871582,1.8630000352859497,-3.0469999313354488,78200.0,0.03237585723400116,0.3500257730484009,1.6942347288131714,78200.0,1000.7899780273438,78200.0,6.1639933586120605,2.465980052947998,-0.6689291000366211,78200.0,-5.609735488891602,-7.858320713043213,1.7169909477233891,78200.0,6.445190906524657,-12.994529724121096,-1.9548656940460205
1463,78300.0,13.536999702453613,-3.1670000553131104,-4.037000179290772,78300.0,0.03237585723400116,0.3500257730484009,1.6942347288131714,78300.0,1000.7899780273438,78300.0,6.1639933586120605,2.465980052947998,-0.6689291000366211,78300.0,-5.609735488891602,-7.858320713043213,1.7169909477233891,78300.0,6.445190906524657,-12.994529724121096,-1.9548656940460205
1464,78400.0,9.652000427246094,-3.703999996185303,-5.0320000648498535,78400.0,-0.8124507665634155,-1.9550741910934448,0.8405506014823914,78400.0,1000.8699951171876,78400.0,4.921122074127197,-11.016963005065918,-2.454902648925781,78400.0,-6.04340410232544,-7.211291313171388,2.7649517059326167,78400.0,0.5542576909065247,-5.392340660095215,1.0480618476867676
1465,78500.0,7.754000186920166,-3.358999967575073,-5.177999973297119,78500.0,-0.8124507665634155,-1.9550741910934448,0.8405506014823914,78500.0,1000.8699951171876,78500.0,4.921122074127197,-11.016963005065918,-2.454902648925781,78500.0,-6.04340410232544,-7.211291313171388,2.7649517059326167,78500.0,0.5542576909065247,-5.392340660095215,1.0480618476867676
1466,78600.0,8.711000442504883,-2.6800000667572017,-5.526000022888184,78600.0,-0.7333437204360962,-0.1982257664203644,-0.5922338366508484,78600.0,1000.8800048828124,78600.0,-0.20827829837799072,3.46228551864624,0.2069329917430877,78600.0,1.8698543310165403,-9.61179256439209,-0.536135733127594,78600.0,-1.1222820281982422,-18.228254318237305,0.3100491166114807
1467,78700.0,8.711000442504883,1.2630000114440918,-7.573999881744385,78700.0,-0.7333437204360962,-0.1982257664203644,-0.5922338366508484,78700.0,1000.8800048828124,78700.0,-0.20827829837799072,3.46228551864624,0.2069329917430877,78700.0,1.8698543310165403,-9.61179256439209,-0.536135733127594,78700.0,-1.1222820281982422,-18.228254318237305,0.3100491166114807
1468,78800.0,8.388999938964844,4.873000144958496,-8.829999923706055,78800.0,-0.07605272531509401,-0.3597996234893799,-0.8487972617149353,78800.0,1000.8800048828124,78800.0,-3.4042556285858154,0.9009246826171876,-0.4706862568855286,78800.0,2.1760301589965816,-9.549379348754883,0.4946282804012298,78800.0,1.6615760326385498,-6.14950704574585,-0.3292027413845062
1469,78900.0,8.763999938964844,5.873000144958496,-9.776000022888184,78900.0,-0.07605272531509401,-0.3597996234893799,-0.8487972617149353,78900.0,1000.8800048828124,78900.0,-3.4042556285858154,0.9009246826171876,-0.4706862568855286,78900.0,2.1760301589965816,-9.549379348754883,0.4946282804012298,78900.0,1.6615760326385498,-6.14950704574585,-0.3292027413845062
1470,78500.0,7.754000186920166,-3.358999967575073,-5.177999973297119,78500.0,-0.8124507665634155,-1.9550741910934448,0.8405506014823914,78500.0,1000.8699951171876,78500.0,4.921122074127197,-11.016963005065918,-2.454902648925781,78500.0,-6.04340410232544,-7.211291313171388,2.7649517059326167,78500.0,0.5542576909065247,-5.392340660095215,1.0480618476867676
1471,78600.0,8.711000442504883,-2.6800000667572017,-5.526000022888184,78600.0,-0.7333437204360962,-0.1982257664203644,-0.5922338366508484,78600.0,1000.8800048828124,78600.0,-0.20827829837799072,3.46228551864624,0.2069329917430877,78600.0,1.8698543310165403,-9.61179256439209,-0.536135733127594,78600.0,-1.1222820281982422,-18.228254318237305,0.3100491166114807
1472,78700.0,8.711000442504883,1.2630000114440918,-7.573999881744385,78700.0,-0.7333437204360962,-0.1982257664203644,-0.5922338366508484,78700.0,1000.8800048828124,78700.0,-0.20827829837799072,3.46228551864624,0.2069329917430877,78700.0,1.8698543310165403,-9.61179256439209,-0.536135733127594,78700.0,-1.1222820281982422,-18.228254318237305,0.3100491166114807
1473,78800.0,8.388999938964844,4.873000144958496,-8.829999923706055,78800.0,-0.07605272531509401,-0.3597996234893799,-0.8487972617149353,78800.0,1000.8800048828124,78800.0,-3.4042556285858154,0.9009246826171876,-0.4706862568855286,78800.0,2.1760301589965816,-9.549379348754883,0.4946282804012298,78800.0,1.6615760326385498,-6.14950704574585,-0.3292027413845062
1474,78900.0,8.763999938964844,5.873000144958496,-9.776000022888184,78900.0,-0.07605272531509401,-0.3597996234893799,-0.8487972617149353,78900.0,1000.8800048828124,78900.0,-3.4042556285858154,0.9009246826171876,-0.4706862568855286,78900.0,2.1760301589965816,-9.549379348754883,0.4946282804012298,78900.0,1.6615760326385498,-6.14950704574585,-0.3292027413845062
1475,79000.0,9.088000297546387,6.6570000648498535,-10.21500015258789,79000.0,-0.4990769028663635,-0.9752463698387146,-0.0507018156349659,79000.0,1000.8699951171876,79000.0,1.4883747100830078,0.6400985717773438,-0.7564911842346191,79000.0,0.8932574391365051,-9.75362777709961,-0.4890922605991364,79000.0,-1.2282254695892334,-8.648454666137695,0.023942016065120697
1476,79100.0,9.42300033569336,6.9670000076293945,-10.92199993133545,79100.0,-0.08918632566928864,0.12858712673187256,-0.3292563557624817,79100.0,1000.8900146484376,79100.0,1.3254878520965576,-0.37302207946777344,-0.4139391183853149,79100.0,1.5589265823364258,-9.674843788146973,0.3708434998989105,79100.0,2.381632089614868,-9.113529205322266,-1.2455834150314329
1477,79200.0,9.42300033569336,7.422999858856201,-11.270000457763672,79200.0,-0.08918632566928864,0.12858712673187256,-0.3292563557624817,79200.0,1000.8900146484376,79200.0,1.3254878520965576,-0.37302207946777344,-0.4139391183853149,79200.0,1.5589265823364258,-9.674843788146973,0.3708434998989105,79200.0,2.381632089614868,-9.113529205322266,-1.2455834150314329
1478,79300.0,9.42300033569336,7.758999824523926,-11.626999855041506,79300.0,0.49418997764587397,0.017409659922122955,-0.2339613884687424,79300.0,1000.8499755859376,79300.0,1.9093505144119265,-0.7077217102050781,-0.9725661277770996,79300.0,1.6328707933425903,-9.572979927062988,1.364616632461548,79300.0,2.8844144344329834,-10.047865867614746,-0.043095629662275314
1479,79400.0,9.73799991607666,8.097000122070312,-11.937999725341795,79400.0,0.49418997764587397,0.017409659922122955,-0.2339613884687424,79400.0,1000.8499755859376,79400.0,1.9093505144119265,-0.7077217102050781,-0.9725661277770996,79400.0,1.6328707933425903,-9.572979927062988,1.364616632461548,79400.0,2.8844144344329834,-10.047865867614746,-0.043095629662275314
1480,79000.0,9.088000297546387,6.6570000648498535,-10.21500015258789,79000.0,-0.4990769028663635,-0.9752463698387146,-0.0507018156349659,79000.0,1000.8699951171876,79000.0,1.4883747100830078,0.6400985717773438,-0.7564911842346191,79000.0,0.8932574391365051,-9.75362777709961,-0.4890922605991364,79000.0,-1.2282254695892334,-8.648454666137695,0.023942016065120697
1481,79100.0,9.42300033569336,6.9670000076293945,-10.92199993133545,79100.0,-0.08918632566928864,0.12858712673187256,-0.3292563557624817,79100.0,1000.8900146484376,79100.0,1.3254878520965576,-0.37302207946777344,-0.4139391183853149,79100.0,1.5589265823364258,-9.674843788146973,0.3708434998989105,79100.0,2.381632089614868,-9.113529205322266,-1.2455834150314329
1482,79200.0,9.42300033569336,7.422999858856201,-11.270000457763672,79200.0,-0.08918632566928864,0.12858712673187256,-0.3292563557624817,79200.0,1000.8900146484376,79200.0,1.3254878520965576,-0.37302207946777344,-0.4139391183853149,79200.0,1.5589265823364258,-9.674843788146973,0.3708434998989105,79200.0,2.381632089614868,-9.113529205322266,-1.2455834150314329
1483,79300.0,9.42300033569336,7.758999824523926,-11.626999855041506,79300.0,0.49418997764587397,0.017409659922122955,-0.2339613884687424,79300.0,1000.8499755859376,79300.0,1.9093505144119265,-0.7077217102050781,-0.9725661277770996,79300.0,1.6328707933425903,-9.572979927062988,1.364616632461548,79300.0,2.8844144344329834,-10.047865867614746,-0.043095629662275314
1484,79400.0,9.73799991607666,8.097000122070312,-11.937999725341795,79400.0,0.49418997764587397,0.017409659922122955,-0.2339613884687424,79400.0,1000.8499755859376,79400.0,1.9093505144119265,-0.7077217102050781,-0.9725661277770996,79400.0,1.6328707933425903,-9.572979927062988,1.364616632461548,79400.0,2.8844144344329834,-10.047865867614746,-0.043095629662275314
1485,79500.0,10.039999961853027,8.097000122070312,-11.937999725341795,79500.0,1.0528262853622437,-0.17928895354270935,0.8494081497192383,79500.0,1000.9500122070312,79500.0,1.8540122509002688,0.735447883605957,-3.498661518096924,79500.0,-0.1708884835243225,-9.568256378173828,2.1423463821411133,79500.0,3.5422213077545166,-10.280701637268066,0.3920505344867706
1486,79600.0,10.039999961853027,3.3429999351501465,-11.937999725341795,79600.0,1.0528262853622437,-0.17928895354270935,0.8494081497192383,79600.0,1000.9500122070312,79600.0,1.8540122509002688,0.735447883605957,-3.498661518096924,79600.0,-0.1708884835243225,-9.568256378173828,2.1423463821411133,79600.0,3.5422213077545166,-10.280701637268066,0.3920505344867706
1487,79700.0,10.039999961853027,-1.5829999446868896,-11.616000175476074,79700.0,0.6023131608963013,0.21838432550430287,1.511891484260559,79700.0,1000.8699951171876,79700.0,2.9356293678283687,1.181051254272461,0.6400086879730225,79700.0,-1.3225359916687012,-9.59068489074707,1.5620582103729248,79700.0,1.6831238269805908,-8.832808494567871,-1.3563152551651
1488,79800.0,6.540999889373777,-6.8309998512268075,-10.85200023651123,79800.0,0.6023131608963013,0.21838432550430287,1.511891484260559,79800.0,1000.8699951171876,79800.0,2.9356293678283687,1.181051254272461,0.6400086879730225,79800.0,-1.3225359916687012,-9.59068489074707,1.5620582103729248,79800.0,1.6831238269805908,-8.832808494567871,-1.3563152551651
1489,79900.0,1.3639999628067017,-9.652000427246094,-9.60200023651123,79900.0,0.20433442294597626,0.5479460954666138,0.6973026990890503,79900.0,1000.760009765625,79900.0,-0.01526523381471634,3.199041843414306,1.0716811418533323,79900.0,-0.11940861493349075,-9.73880386352539,1.145349621772766,79900.0,1.6130933761596682,-8.409633636474611,2.202066898345948
1490,79500.0,10.039999961853027,8.097000122070312,-11.937999725341795,79500.0,1.0528262853622437,-0.17928895354270935,0.8494081497192383,79500.0,1000.9500122070312,79500.0,1.8540122509002688,0.735447883605957,-3.498661518096924,79500.0,-0.1708884835243225,-9.568256378173828,2.1423463821411133,79500.0,3.5422213077545166,-10.280701637268066,0.3920505344867706
1491,79600.0,10.039999961853027,3.3429999351501465,-11.937999725341795,79600.0,1.0528262853622437,-0.17928895354270935,0.8494081497192383,79600.0,1000.9500122070312,79600.0,1.8540122509002688,0.735447883605957,-3.498661518096924,79600.0,-0.1708884835243225,-9.568256378173828,2.1423463821411133,79600.0,3.5422213077545166,-10.280701637268066,0.3920505344867706
1492,79700.0,10.039999961853027,-1.5829999446868896,-11.616000175476074,79700.0,0.6023131608963013,0.21838432550430287,1.511891484260559,79700.0,1000.8699951171876,79700.0,2.9356293678283687,1.181051254272461,0.6400086879730225,79700.0,-1.3225359916687012,-9.59068489074707,1.5620582103729248,79700.0,1.6831238269805908,-8.832808494567871,-1.3563152551651
1493,79800.0,6.540999889373777,-6.8309998512268075,-10.85200023651123,79800.0,0.6023131608963013,0.21838432550430287,1.511891484260559,79800.0,1000.8699951171876,79800.0,2.9356293678283687,1.181051254272461,0.6400086879730225,79800.0,-1.3225359916687012,-9.59068489074707,1.5620582103729248,79800.0,1.6831238269805908,-8.832808494567871,-1.3563152551651
1494,79900.0,1.3639999628067017,-9.652000427246094,-9.60200023651123,79900.0,0.20433442294597626,0.5479460954666138,0.6973026990890503,79900.0,1000.760009765625,79900.0,-0.01526523381471634,3.199041843414306,1.0716811418533323,79900.0,-0.11940861493349075,-9.73880386352539,1.145349621772766,79900.0,1.6130933761596682,-8.409633636474611,2.202066898345948
1495,80000.0,-0.14100000262260434,-10.281000137329102,-9.262999534606934,80000.0,-0.7290676832199097,-0.3176499307155609,-0.8655960559844971,80000.0,1000.8800048828124,80000.0,-4.731935977935791,-4.598197937011719,0.17118191719055176,80000.0,1.0801799297332764,-9.745464324951172,-0.17178046703338626,80000.0,-0.1346738487482071,-6.539762020111084,2.217030763626098
1496,80100.0,1.4579999446868896,-10.281000137329102,-8.916999816894531,80100.0,-0.7290676832199097,-0.3176499307155609,-0.8655960559844971,80100.0,1000.8800048828124,80100.0,-4.731935977935791,-4.598197937011719,0.17118191719055176,80100.0,1.0801799297332764,-9.745464324951172,-0.17178046703338626,80100.0,-0.1346738487482071,-6.539762020111084,2.217030763626098
1497,80200.0,2.638999938964844,-9.949999809265137,-10.16800022125244,80200.0,-0.3674354553222656,0.7128797173500061,-0.9947940707206726,80200.0,1000.8699951171876,80200.0,-0.8864213228225708,1.5315208435058594,0.855655312538147,80200.0,2.7634754180908203,-9.3988676071167,-0.4414584040641785,80200.0,-3.651756048202513,-14.34366226196289,-0.0005985504249110818
1498,80300.0,5.499000072479248,-10.295000076293944,-13.31999969482422,80300.0,-0.3674354553222656,0.7128797173500061,-0.9947940707206726,80300.0,1000.8699951171876,80300.0,-0.8864213228225708,1.5315208435058594,0.855655312538147,80300.0,2.7634754180908203,-9.3988676071167,-0.4414584040641785,80300.0,-3.651756048202513,-14.34366226196289,-0.0005985504249110818
1499,80400.0,6.98199987411499,-7.116000175476074,-14.227999687194824,80400.0,0.09437867999076843,-0.4199698567390442,-0.8112290501594543,80400.0,1000.9400024414064,80400.0,-3.8862395286560063,-0.7065744400024414,0.6437509059906006,80400.0,3.8694801330566406,-9.000118255615234,-0.442039430141449,80400.0,1.8770540952682493,-7.86734676361084,0.4141969084739685
1500,80000.0,-0.14100000262260434,-10.281000137329102,-9.262999534606934,80000.0,-0.7290676832199097,-0.3176499307155609,-0.8655960559844971,80000.0,1000.8800048828124,80000.0,-4.731935977935791,-4.598197937011719,0.17118191719055176,80000.0,1.0801799297332764,-9.745464324951172,-0.17178046703338626,80000.0,-0.1346738487482071,-6.539762020111084,2.217030763626098
1501,80100.0,1.4579999446868896,-10.281000137329102,-8.916999816894531,80100.0,-0.7290676832199097,-0.3176499307155609,-0.8655960559844971,80100.0,1000.8800048828124,80100.0,-4.731935977935791,-4.598197937011719,0.17118191719055176,80100.0,1.0801799297332764,-9.745464324951172,-0.17178046703338626,80100.0,-0.1346738487482071,-6.539762020111084,2.217030763626098
1502,80200.0,2.638999938964844,-9.949999809265137,-10.16800022125244,80200.0,-0.3674354553222656,0.7128797173500061,-0.9947940707206726,80200.0,1000.8699951171876,80200.0,-0.8864213228225708,1.5315208435058594,0.855655312538147,80200.0,2.7634754180908203,-9.3988676071167,-0.4414584040641785,80200.0,-3.651756048202513,-14.34366226196289,-0.0005985504249110818
1503,80300.0,5.499000072479248,-10.295000076293944,-13.31999969482422,80300.0,-0.3674354553222656,0.7128797173500061,-0.9947940707206726,80300.0,1000.8699951171876,80300.0,-0.8864213228225708,1.5315208435058594,0.855655312538147,80300.0,2.7634754180908203,-9.3988676071167,-0.4414584040641785,80300.0,-3.651756048202513,-14.34366226196289,-0.0005985504249110818
1504,80400.0,6.98199987411499,-7.116000175476074,-14.227999687194824,80400.0,0.09437867999076843,-0.4199698567390442,-0.8112290501594543,80400.0,1000.9400024414064,80400.0,-3.8862395286560063,-0.7065744400024414,0.6437509059906006,80400.0,3.8694801330566406,-9.000118255615234,-0.442039430141449,80400.0,1.8770540952682493,-7.86734676361084,0.4141969084739685
1505,80500.0,6.98199987411499,-5.169000148773193,-14.663000106811525,80500.0,0.09437867999076843,-0.4199698567390442,-0.8112290501594543,80500.0,1000.9400024414064,80500.0,-3.8862395286560063,-0.7065744400024414,0.6437509059906006,80500.0,3.8694801330566406,-9.000118255615234,-0.442039430141449,80500.0,1.8770540952682493,-7.86734676361084,0.4141969084739685
1506,80600.0,6.65399980545044,-5.5229997634887695,-15.178999900817873,80600.0,-0.4437935948371887,-0.6835582256317139,-0.016493361443281174,80600.0,1000.8900146484376,80600.0,-0.7370498180389404,-0.2033824920654297,1.947776675224304,80600.0,3.640019416809082,-8.98137378692627,-1.501856565475464,80600.0,-0.016759412363171574,-9.706692695617676,0.2017114907503128
1507,80700.0,6.98199987411499,-5.074999809265137,-15.960000038146973,80700.0,-0.4437935948371887,-0.6835582256317139,-0.016493361443281174,80700.0,1000.8900146484376,80700.0,-0.7370498180389404,-0.2033824920654297,1.947776675224304,80700.0,3.640019416809082,-8.98137378692627,-1.501856565475464,80700.0,-0.016759412363171574,-9.706692695617676,0.2017114907503128
1508,80800.0,6.98199987411499,-4.736000061035156,-17.424999237060547,80800.0,0.010690141469240187,-0.2223549485206604,-0.3546072840690613,80800.0,1000.8499755859376,80800.0,-2.5104308128356934,-0.959153175354004,-0.06783723831176758,80800.0,3.9421634674072266,-8.840912818908691,-1.5709937810897827,80800.0,2.9029695987701416,-9.1847562789917,0.4459200799465179
1509,80900.0,6.98199987411499,-4.388999938964844,-17.742000579833984,80900.0,0.09773843735456468,0.3078760802745819,-0.26083946228027344,80900.0,1000.9199829101564,80900.0,-0.8537402153015137,-2.4615163803100586,1.6440420150756836,80900.0,4.267871856689453,-8.771479606628418,-1.008381485939026,80900.0,1.4317326545715332,-9.800065994262695,-1.6388310194015503
1510,80500.0,6.98199987411499,-5.169000148773193,-14.663000106811525,80500.0,0.09437867999076843,-0.4199698567390442,-0.8112290501594543,80500.0,1000.9400024414064,80500.0,-3.8862395286560063,-0.7065744400024414,0.6437509059906006,80500.0,3.8694801330566406,-9.000118255615234,-0.442039430141449,80500.0,1.8770540952682493,-7.86734676361084,0.4141969084739685
1511,80600.0,6.65399980545044,-5.5229997634887695,-15.178999900817873,80600.0,-0.4437935948371887,-0.6835582256317139,-0.016493361443281174,80600.0,1000.8900146484376,80600.0,-0.7370498180389404,-0.2033824920654297,1.947776675224304,80600.0,3.640019416809082,-8.98137378692627,-1.501856565475464,80600.0,-0.016759412363171574,-9.706692695617676,0.2017114907503128
1512,80700.0,6.98199987411499,-5.074999809265137,-15.960000038146973,80700.0,-0.4437935948371887,-0.6835582256317139,-0.016493361443281174,80700.0,1000.8900146484376,80700.0,-0.7370498180389404,-0.2033824920654297,1.947776675224304,80700.0,3.640019416809082,-8.98137378692627,-1.501856565475464,80700.0,-0.016759412363171574,-9.706692695617676,0.2017114907503128
1513,80800.0,6.98199987411499,-4.736000061035156,-17.424999237060547,80800.0,0.010690141469240187,-0.2223549485206604,-0.3546072840690613,80800.0,1000.8499755859376,80800.0,-2.5104308128356934,-0.959153175354004,-0.06783723831176758,80800.0,3.9421634674072266,-8.840912818908691,-1.5709937810897827,80800.0,2.9029695987701416,-9.1847562789917,0.4459200799465179
1514,80900.0,6.98199987411499,-4.388999938964844,-17.742000579833984,80900.0,0.09773843735456468,0.3078760802745819,-0.26083946228027344,80900.0,1000.9199829101564,80900.0,-0.8537402153015137,-2.4615163803100586,1.6440420150756836,80900.0,4.267871856689453,-8.771479606628418,-1.008381485939026,80900.0,1.4317326545715332,-9.800065994262695,-1.6388310194015503
1515,81000.0,7.408999919891357,-4.388999938964844,-18.55900001525879,81000.0,0.09773843735456468,0.3078760802745819,-0.26083946228027344,81000.0,1000.9199829101564,81000.0,-0.8537402153015137,-2.4615163803100586,1.6440420150756836,81000.0,4.267871856689453,-8.771479606628418,-1.008381485939026,81000.0,1.4317326545715332,-9.800065994262695,-1.6388310194015503
1516,81100.0,8.199999809265138,-6.552000045776367,-18.933000564575195,81100.0,1.045190453529358,0.2580905556678772,0.3445279896259308,81100.0,1000.9099731445312,81100.0,-1.4095382690429688,-0.35375118255615234,-0.09089553356170654,81100.0,3.5319981575012207,-9.096162796020508,0.9773486852645874,81100.0,3.4141316413879395,-11.232995986938477,0.6356605291366577
1517,81200.0,8.538000106811522,-11.105999946594238,-18.933000564575195,81200.0,1.045190453529358,0.2580905556678772,0.3445279896259308,81200.0,1000.9099731445312,81200.0,-1.4095382690429688,-0.35375118255615234,-0.09089553356170654,81200.0,3.5319981575012207,-9.096162796020508,0.9773486852645874,81200.0,3.4141316413879395,-11.232995986938477,0.6356605291366577
1518,81300.0,8.538000106811522,-13.145000457763672,-16.618999481201172,81300.0,0.9456194043159484,0.9920451641082764,1.2476922273635864,81300.0,1000.8800048828124,81300.0,1.7827695608139038,0.6627912521362305,-1.846914529800415,81300.0,0.9466203451156616,-9.268150329589844,3.06197190284729,81300.0,2.122459888458252,-9.44991397857666,0.8864531517028809
1519,81400.0,2.303999900817871,-15.225000381469727,-14.031000137329102,81400.0,0.9456194043159484,0.9920451641082764,1.2476922273635864,81400.0,1000.8800048828124,81400.0,1.7827695608139038,0.6627912521362305,-1.846914529800415,81400.0,0.9466203451156616,-9.268150329589844,3.06197190284729,81400.0,2.122459888458252,-9.44991397857666,0.8864531517028809
1520,81000.0,7.408999919891357,-4.388999938964844,-18.55900001525879,81000.0,0.09773843735456468,0.3078760802745819,-0.26083946228027344,81000.0,1000.9199829101564,81000.0,-0.8537402153015137,-2.4615163803100586,1.6440420150756836,81000.0,4.267871856689453,-8.771479606628418,-1.008381485939026,81000.0,1.4317326545715332,-9.800065994262695,-1.6388310194015503
1521,81100.0,8.199999809265138,-6.552000045776367,-18.933000564575195,81100.0,1.045190453529358,0.2580905556678772,0.3445279896259308,81100.0,1000.9099731445312,81100.0,-1.4095382690429688,-0.35375118255615234,-0.09089553356170654,81100.0,3.5319981575012207,-9.096162796020508,0.9773486852645874,81100.0,3.4141316413879395,-11.232995986938477,0.6356605291366577
1522,81200.0,8.538000106811522,-11.105999946594238,-18.933000564575195,81200.0,1.045190453529358,0.2580905556678772,0.3445279896259308,81200.0,1000.9099731445312,81200.0,-1.4095382690429688,-0.35375118255615234,-0.09089553356170654,81200.0,3.5319981575012207,-9.096162796020508,0.9773486852645874,81200.0,3.4141316413879395,-11.232995986938477,0.6356605291366577
1523,81300.0,8.538000106811522,-13.145000457763672,-16.618999481201172,81300.0,0.9456194043159484,0.9920451641082764,1.2476922273635864,81300.0,1000.8800048828124,81300.0,1.7827695608139038,0.6627912521362305,-1.846914529800415,81300.0,0.9466203451156616,-9.268150329589844,3.06197190284729,81300.0,2.122459888458252,-9.44991397857666,0.8864531517028809
1524,81400.0,2.303999900817871,-15.225000381469727,-14.031000137329102,81400.0,0.9456194043159484,0.9920451641082764,1.2476922273635864,81400.0,1000.8800048828124,81400.0,1.7827695608139038,0.6627912521362305,-1.846914529800415,81400.0,0.9466203451156616,-9.268150329589844,3.06197190284729,81400.0,2.122459888458252,-9.44991397857666,0.8864531517028809
1525,81500.0,-2.664999961853028,-15.553999900817873,-11.80799961090088,81500.0,0.8741481900215149,0.039095375686883926,1.0528262853622437,81500.0,1000.780029296875,81500.0,1.1866649389266968,1.0602231025695799,-2.3213329315185547,81500.0,-0.8981636166572571,-8.636075973510742,4.558714389801025,81500.0,2.729389905929565,-8.605359077453612,1.215057373046875
1526,81600.0,-7.077000141143799,-15.553999900817873,-10.772000312805176,81600.0,0.8741481900215149,0.039095375686883926,1.0528262853622437,81600.0,1000.780029296875,81600.0,1.1866649389266968,1.0602231025695799,-2.3213329315185547,81600.0,-0.8981636166572571,-8.636075973510742,4.558714389801025,81600.0,2.729389905929565,-8.605359077453612,1.215057373046875
1527,81700.0,-8.286999702453612,-15.553999900817873,-10.16800022125244,81700.0,-0.4804455041885376,0.2480112910270691,-0.35246923565864563,81700.0,1000.8099975585938,81700.0,-1.2364873886108398,3.3727002143859863,-1.8652374744415283,81700.0,-0.6675016283988953,-8.999672889709473,3.838059663772583,81700.0,0.2885012924671173,-7.575852870941162,2.2373814582824707
1528,81800.0,-6.519999980926514,-15.892000198364258,-10.16800022125244,81800.0,-1.1187996864318848,-0.10262536257505417,-0.998153805732727,81800.0,1000.8699951171876,81800.0,-1.142775058746338,-1.4691457748413086,-1.1873908042907717,81800.0,0.9895461797714232,-9.574707984924316,1.8751251697540283,81800.0,-1.9039889574050903,-5.626972675323486,1.972822189331055
1529,81900.0,-6.000999927520753,-15.515999794006348,-9.791000366210938,81900.0,-1.1187996864318848,-0.10262536257505417,-0.998153805732727,81900.0,1000.8699951171876,81900.0,-1.142775058746338,-1.4691457748413086,-1.1873908042907717,81900.0,0.9895461797714232,-9.574707984924316,1.8751251697540283,81900.0,-1.9039889574050903,-5.626972675323486,1.972822189331055
1530,81500.0,-2.664999961853028,-15.553999900817873,-11.80799961090088,81500.0,0.8741481900215149,0.039095375686883926,1.0528262853622437,81500.0,1000.780029296875,81500.0,1.1866649389266968,1.0602231025695799,-2.3213329315185547,81500.0,-0.8981636166572571,-8.636075973510742,4.558714389801025,81500.0,2.729389905929565,-8.605359077453612,1.215057373046875
1531,81600.0,-7.077000141143799,-15.553999900817873,-10.772000312805176,81600.0,0.8741481900215149,0.039095375686883926,1.0528262853622437,81600.0,1000.780029296875,81600.0,1.1866649389266968,1.0602231025695799,-2.3213329315185547,81600.0,-0.8981636166572571,-8.636075973510742,4.558714389801025,81600.0,2.729389905929565,-8.605359077453612,1.215057373046875
1532,81700.0,-8.286999702453612,-15.553999900817873,-10.16800022125244,81700.0,-0.4804455041885376,0.2480112910270691,-0.35246923565864563,81700.0,1000.8099975585938,81700.0,-1.2364873886108398,3.3727002143859863,-1.8652374744415283,81700.0,-0.6675016283988953,-8.999672889709473,3.838059663772583,81700.0,0.2885012924671173,-7.575852870941162,2.2373814582824707
1533,81800.0,-6.519999980926514,-15.892000198364258,-10.16800022125244,81800.0,-1.1187996864318848,-0.10262536257505417,-0.998153805732727,81800.0,1000.8699951171876,81800.0,-1.142775058746338,-1.4691457748413086,-1.1873908042907717,81800.0,0.9895461797714232,-9.574707984924316,1.8751251697540283,81800.0,-1.9039889574050903,-5.626972675323486,1.972822189331055
1534,81900.0,-6.000999927520753,-15.515999794006348,-9.791000366210938,81900.0,-1.1187996864318848,-0.10262536257505417,-0.998153805732727,81900.0,1000.8699951171876,81900.0,-1.142775058746338,-1.4691457748413086,-1.1873908042907717,81900.0,0.9895461797714232,-9.574707984924316,1.8751251697540283,81900.0,-1.9039889574050903,-5.626972675323486,1.972822189331055
1535,82000.0,-3.601999998092652,-14.86299991607666,-12.295000076293945,82000.0,-0.3463605940341949,0.1108720451593399,-0.9673051238059998,82000.0,1000.8699951171876,82000.0,-0.9396952390670776,-1.527353286743164,-1.3032734394073486,82000.0,2.5210654735565186,-9.386016845703123,1.3104560375213623,82000.0,-0.15322890877723694,-11.043853759765623,0.6877344250679016
1536,82100.0,-2.4210000038146973,-12.907999992370605,-14.59000015258789,82100.0,-0.3463605940341949,0.1108720451593399,-0.9673051238059998,82100.0,1000.8699951171876,82100.0,-0.9396952390670776,-1.527353286743164,-1.3032734394073486,82100.0,2.5210654735565186,-9.386016845703123,1.3104560375213623,82100.0,-0.15322890877723694,-11.043853759765623,0.6877344250679016
1537,82200.0,-2.4210000038146973,-12.173999786376953,-15.031000137329102,82200.0,-0.5247332453727722,-0.9877691268920898,-0.4153883755207062,82200.0,1000.8300170898438,82200.0,-2.321058750152588,0.4631500244140625,-0.3345283269882202,82200.0,3.1530437469482417,-9.28578281402588,-0.053930912166833885,82200.0,1.581370234489441,-10.913370132446287,0.0071826050989329815
1538,82300.0,-2.4210000038146973,-11.763999938964846,-14.765000343322756,82300.0,-0.5247332453727722,-0.9877691268920898,-0.4153883755207062,82300.0,1000.8300170898438,82300.0,-2.321058750152588,0.4631500244140625,-0.3345283269882202,82300.0,3.1530437469482417,-9.28578281402588,-0.053930912166833885,82300.0,1.581370234489441,-10.913370132446287,0.0071826050989329815
1539,82400.0,-2.4210000038146973,-10.586000442504883,-15.574000358581545,82400.0,-0.39125919342041016,-0.25595253705978394,-0.2525927722454071,82400.0,1000.8699951171876,82400.0,-0.8472909927368164,0.03479957580566406,0.1841185688972473,82400.0,3.412678003311157,-9.158503532409668,-0.8036182522773743,82400.0,0.8319851160049438,-8.822632789611816,-0.3884592354297638
1540,82000.0,-3.601999998092652,-14.86299991607666,-12.295000076293945,82000.0,-0.3463605940341949,0.1108720451593399,-0.9673051238059998,82000.0,1000.8699951171876,82000.0,-0.9396952390670776,-1.527353286743164,-1.3032734394073486,82000.0,2.5210654735565186,-9.386016845703123,1.3104560375213623,82000.0,-0.15322890877723694,-11.043853759765623,0.6877344250679016
1541,82100.0,-2.4210000038146973,-12.907999992370605,-14.59000015258789,82100.0,-0.3463605940341949,0.1108720451593399,-0.9673051238059998,82100.0,1000.8699951171876,82100.0,-0.9396952390670776,-1.527353286743164,-1.3032734394073486,82100.0,2.5210654735565186,-9.386016845703123,1.3104560375213623,82100.0,-0.15322890877723694,-11.043853759765623,0.6877344250679016
1542,82200.0,-2.4210000038146973,-12.173999786376953,-15.031000137329102,82200.0,-0.5247332453727722,-0.9877691268920898,-0.4153883755207062,82200.0,1000.8300170898438,82200.0,-2.321058750152588,0.4631500244140625,-0.3345283269882202,82200.0,3.1530437469482417,-9.28578281402588,-0.053930912166833885,82200.0,1.581370234489441,-10.913370132446287,0.0071826050989329815
1543,82300.0,-2.4210000038146973,-11.763999938964846,-14.765000343322756,82300.0,-0.5247332453727722,-0.9877691268920898,-0.4153883755207062,82300.0,1000.8300170898438,82300.0,-2.321058750152588,0.4631500244140625,-0.3345283269882202,82300.0,3.1530437469482417,-9.28578281402588,-0.053930912166833885,82300.0,1.581370234489441,-10.913370132446287,0.0071826050989329815
1544,82400.0,-2.4210000038146973,-10.586000442504883,-15.574000358581545,82400.0,-0.39125919342041016,-0.25595253705978394,-0.2525927722454071,82400.0,1000.8699951171876,82400.0,-0.8472909927368164,0.03479957580566406,0.1841185688972473,82400.0,3.412678003311157,-9.158503532409668,-0.8036182522773743,82400.0,0.8319851160049438,-8.822632789611816,-0.3884592354297638
1545,82500.0,-2.4210000038146973,-9.918999671936037,-16.732000350952152,82500.0,-0.39125919342041016,-0.25595253705978394,-0.2525927722454071,82500.0,1000.8699951171876,82500.0,-0.8472909927368164,0.03479957580566406,0.1841185688972473,82500.0,3.412678003311157,-9.158503532409668,-0.8036182522773743,82500.0,0.8319851160049438,-8.822632789611816,-0.3884592354297638
1546,82600.0,-2.4210000038146973,-9.133000373840332,-17.503999710083008,82600.0,-0.0051923547871410855,0.4746423065662384,-0.4676173329353333,82600.0,1000.8400268554688,82600.0,-1.0252549648284912,-3.51821231842041,-1.0037620067596436,82600.0,4.014415740966797,-8.935826301574707,-0.4537082314491272,82600.0,2.565387010574341,-9.123703956604004,-0.6194996833801271
1547,82700.0,-2.049999952316284,-8.807000160217285,-18.3129997253418,82700.0,0.980133295059204,0.3711006343364716,0.08979719132184982,82700.0,1000.9000244140624,82700.0,-0.712576150894165,-1.4616270065307615,2.1936960220336914,82700.0,3.6185383796691895,-8.95494556427002,1.6986773014068604,82700.0,2.9891607761383057,-12.454038619995115,-1.4574702978134155
1548,82800.0,-1.3450000286102295,-8.807000160217285,-18.6879997253418,82800.0,0.980133295059204,0.3711006343364716,0.08979719132184982,82800.0,1000.9000244140624,82800.0,-0.712576150894165,-1.4616270065307615,2.1936960220336914,82800.0,3.6185383796691895,-8.95494556427002,1.6986773014068604,82800.0,2.9891607761383057,-12.454038619995115,-1.4574702978134155
1549,82900.0,-1.3450000286102295,-9.123000144958496,-18.6879997253418,82900.0,-0.5048801302909851,-0.00733038317412138,1.0051788091659546,82900.0,1000.77001953125,82900.0,1.0649985074996948,-0.1773843765258789,4.518514633178711,82900.0,1.7481883764266968,-9.58317756652832,1.130005955696106,82900.0,2.9059622287750244,-10.41657257080078,3.892373323440552
1550,82500.0,-2.4210000038146973,-9.918999671936037,-16.732000350952152,82500.0,-0.39125919342041016,-0.25595253705978394,-0.2525927722454071,82500.0,1000.8699951171876,82500.0,-0.8472909927368164,0.03479957580566406,0.1841185688972473,82500.0,3.412678003311157,-9.158503532409668,-0.8036182522773743,82500.0,0.8319851160049438,-8.822632789611816,-0.3884592354297638
1551,82600.0,-2.4210000038146973,-9.133000373840332,-17.503999710083008,82600.0,-0.0051923547871410855,0.4746423065662384,-0.4676173329353333,82600.0,1000.8400268554688,82600.0,-1.0252549648284912,-3.51821231842041,-1.0037620067596436,82600.0,4.014415740966797,-8.935826301574707,-0.4537082314491272,82600.0,2.565387010574341,-9.123703956604004,-0.6194996833801271
1552,82700.0,-2.049999952316284,-8.807000160217285,-18.3129997253418,82700.0,0.980133295059204,0.3711006343364716,0.08979719132184982,82700.0,1000.9000244140624,82700.0,-0.712576150894165,-1.4616270065307615,2.1936960220336914,82700.0,3.6185383796691895,-8.95494556427002,1.6986773014068604,82700.0,2.9891607761383057,-12.454038619995115,-1.4574702978134155
1553,82800.0,-1.3450000286102295,-8.807000160217285,-18.6879997253418,82800.0,0.980133295059204,0.3711006343364716,0.08979719132184982,82800.0,1000.9000244140624,82800.0,-0.712576150894165,-1.4616270065307615,2.1936960220336914,82800.0,3.6185383796691895,-8.95494556427002,1.6986773014068604,82800.0,2.9891607761383057,-12.454038619995115,-1.4574702978134155
1554,82900.0,-1.3450000286102295,-9.123000144958496,-18.6879997253418,82900.0,-0.5048801302909851,-0.00733038317412138,1.0051788091659546,82900.0,1000.77001953125,82900.0,1.0649985074996948,-0.1773843765258789,4.518514633178711,82900.0,1.7481883764266968,-9.58317756652832,1.130005955696106,82900.0,2.9059622287750244,-10.41657257080078,3.892373323440552
1555,83000.0,-3.549000024795532,-10.329999923706056,-18.6879997253418,83000.0,-0.5048801302909851,-0.00733038317412138,1.0051788091659546,83000.0,1000.77001953125,83000.0,1.0649985074996948,-0.1773843765258789,4.518514633178711,83000.0,1.7481883764266968,-9.58317756652832,1.130005955696106,83000.0,2.9059622287750244,-10.41657257080078,3.892373323440552
1556,83100.0,-7.574999809265138,-10.684000015258787,-19.01799964904785,83100.0,0.4715879559516907,0.9752463698387146,1.3209960460662842,83100.0,1000.8200073242188,83100.0,1.5708184242248535,1.0674715042114258,-0.3458948135375977,83100.0,-0.9519173502922058,-9.52558708190918,2.127779483795166,83100.0,2.813186883926392,-9.7605619430542,5.648520469665527
1557,83200.0,-11.095999717712402,-11.019000053405762,-19.85300064086914,83200.0,0.4715879559516907,0.9752463698387146,1.3209960460662842,83200.0,1000.8200073242188,83200.0,1.5708184242248535,1.0674715042114258,-0.3458948135375977,83200.0,-0.9519173502922058,-9.52558708190918,2.127779483795166,83200.0,2.813186883926392,-9.7605619430542,5.648520469665527
1558,83300.0,-12.904999732971193,-11.354999542236328,-19.85300064086914,83300.0,-0.5561928153038025,0.3707951903343201,-0.2617557644844055,83300.0,1000.8499755859376,83300.0,-0.3402722477912903,3.593379020690918,0.9991986751556396,83300.0,-0.7544764876365662,-9.70038890838623,1.2262117862701416,83300.0,0.6189011335372925,-8.458115577697754,1.7818846702575684
1559,83400.0,-11.746000289916992,-10.98900032043457,-20.895999908447266,83400.0,-0.5561928153038025,0.3707951903343201,-0.2617557644844055,83400.0,1000.8499755859376,83400.0,-0.3402722477912903,3.593379020690918,0.9991986751556396,83400.0,-0.7544764876365662,-9.70038890838623,1.2262117862701416,83400.0,0.6189011335372925,-8.458115577697754,1.7818846702575684
1560,83000.0,-3.549000024795532,-10.329999923706056,-18.6879997253418,83000.0,-0.5048801302909851,-0.00733038317412138,1.0051788091659546,83000.0,1000.77001953125,83000.0,1.0649985074996948,-0.1773843765258789,4.518514633178711,83000.0,1.7481883764266968,-9.58317756652832,1.130005955696106,83000.0,2.9059622287750244,-10.41657257080078,3.892373323440552
1561,83100.0,-7.574999809265138,-10.684000015258787,-19.01799964904785,83100.0,0.4715879559516907,0.9752463698387146,1.3209960460662842,83100.0,1000.8200073242188,83100.0,1.5708184242248535,1.0674715042114258,-0.3458948135375977,83100.0,-0.9519173502922058,-9.52558708190918,2.127779483795166,83100.0,2.813186883926392,-9.7605619430542,5.648520469665527
1562,83200.0,-11.095999717712402,-11.019000053405762,-19.85300064086914,83200.0,0.4715879559516907,0.9752463698387146,1.3209960460662842,83200.0,1000.8200073242188,83200.0,1.5708184242248535,1.0674715042114258,-0.3458948135375977,83200.0,-0.9519173502922058,-9.52558708190918,2.127779483795166,83200.0,2.813186883926392,-9.7605619430542,5.648520469665527
1563,83300.0,-12.904999732971193,-11.354999542236328,-19.85300064086914,83300.0,-0.5561928153038025,0.3707951903343201,-0.2617557644844055,83300.0,1000.8499755859376,83300.0,-0.3402722477912903,3.593379020690918,0.9991986751556396,83300.0,-0.7544764876365662,-9.70038890838623,1.2262117862701416,83300.0,0.6189011335372925,-8.458115577697754,1.7818846702575684
1564,83400.0,-11.746000289916992,-10.98900032043457,-20.895999908447266,83400.0,-0.5561928153038025,0.3707951903343201,-0.2617557644844055,83400.0,1000.8499755859376,83400.0,-0.3402722477912903,3.593379020690918,0.9991986751556396,83400.0,-0.7544764876365662,-9.70038890838623,1.2262117862701416,83400.0,0.6189011335372925,-8.458115577697754,1.7818846702575684
1565,83500.0,-10.595000267028807,-8.954999923706055,-21.71999931335449,83500.0,-0.4618141353130341,-0.04612032696604729,-0.8723155856132507,83500.0,1000.8599853515624,83500.0,0.28507333993911743,3.9485816955566406,-0.8064619302749634,83500.0,0.6498624086380005,-9.771280288696287,0.5197563171386719,83500.0,-1.0947487354278564,-6.1070098876953125,2.225410461425781
1566,83600.0,-10.130000114440918,-6.056000232696532,-23.77599906921387,83600.0,-0.16890424489974976,-1.3240504264831543,-0.8582656979560852,83600.0,1000.8300170898438,83600.0,-1.5924054384231567,-0.4792966842651367,-0.20796529948711395,83600.0,2.8224265575408936,-9.38122272491455,0.4437941610813141,83600.0,-1.0947487354278564,-6.1070098876953125,2.225410461425781
1567,83700.0,-10.760000228881836,-4.385000228881837,-24.472999572753906,83700.0,-0.16890424489974976,-1.3240504264831543,-0.8582656979560852,83700.0,1000.8300170898438,83700.0,-1.5924054384231567,-0.4792966842651367,-0.20796529948711395,83700.0,2.8224265575408936,-9.38122272491455,0.4437941610813141,83700.0,0.934935748577118,-5.8226985931396475,-0.2867056429386139
1568,83800.0,-10.281000137329102,-4.385000228881837,-24.472999572753906,83800.0,-0.5616905689239502,-1.122159481048584,-0.4263839423656464,83800.0,1000.8300170898438,83800.0,-1.222285270690918,0.3214445114135742,-0.4241366684436798,83800.0,1.9315675497055047,-9.610946655273438,-0.2629992067813873,83800.0,1.2300211191177368,-9.860519409179688,0.2358288615942001
1569,83900.0,-12.071000099182127,-4.385000228881837,-24.891000747680664,83900.0,-0.5616905689239502,-1.122159481048584,-0.4263839423656464,83900.0,1000.8300170898438,83900.0,-1.222285270690918,0.3214445114135742,-0.4241366684436798,83900.0,1.9315675497055047,-9.610946655273438,-0.2629992067813873,83900.0,1.2300211191177368,-9.860519409179688,0.2358288615942001
1570,83500.0,-10.595000267028807,-8.954999923706055,-21.71999931335449,83500.0,-0.4618141353130341,-0.04612032696604729,-0.8723155856132507,83500.0,1000.8599853515624,83500.0,0.28507333993911743,3.9485816955566406,-0.8064619302749634,83500.0,0.6498624086380005,-9.771280288696287,0.5197563171386719,83500.0,-1.0947487354278564,-6.1070098876953125,2.225410461425781
1571,83600.0,-10.130000114440918,-6.056000232696532,-23.77599906921387,83600.0,-0.16890424489974976,-1.3240504264831543,-0.8582656979560852,83600.0,1000.8300170898438,83600.0,-1.5924054384231567,-0.4792966842651367,-0.20796529948711395,83600.0,2.8224265575408936,-9.38122272491455,0.4437941610813141,83600.0,-1.0947487354278564,-6.1070098876953125,2.225410461425781
1572,83700.0,-10.760000228881836,-4.385000228881837,-24.472999572753906,83700.0,-0.16890424489974976,-1.3240504264831543,-0.8582656979560852,83700.0,1000.8300170898438,83700.0,-1.5924054384231567,-0.4792966842651367,-0.20796529948711395,83700.0,2.8224265575408936,-9.38122272491455,0.4437941610813141,83700.0,0.934935748577118,-5.8226985931396475,-0.2867056429386139
1573,83800.0,-10.281000137329102,-4.385000228881837,-24.472999572753906,83800.0,-0.5616905689239502,-1.122159481048584,-0.4263839423656464,83800.0,1000.8300170898438,83800.0,-1.222285270690918,0.3214445114135742,-0.4241366684436798,83800.0,1.9315675497055047,-9.610946655273438,-0.2629992067813873,83800.0,1.2300211191177368,-9.860519409179688,0.2358288615942001
1574,83900.0,-12.071000099182127,-4.385000228881837,-24.891000747680664,83900.0,-0.5616905689239502,-1.122159481048584,-0.4263839423656464,83900.0,1000.8300170898438,83900.0,-1.222285270690918,0.3214445114135742,-0.4241366684436798,83900.0,1.9315675497055047,-9.610946655273438,-0.2629992067813873,83900.0,1.2300211191177368,-9.860519409179688,0.2358288615942001
1575,84000.0,-12.454000473022461,-3.2039999961853027,-25.191999435424805,84000.0,-0.3820962011814117,-0.3225368559360504,-0.19792033731937408,84000.0,1000.8300170898438,84000.0,0.9873816967010498,0.18306350708007807,0.11057633161544801,84000.0,1.6492328643798828,-9.664700508117676,0.20964813232421875,84000.0,0.7092822790145874,-9.289502143859863,-0.6871358752250671
1576,84100.0,-12.788999557495115,-1.8049999475479128,-25.89699935913086,84100.0,-0.3820962011814117,-0.3225368559360504,-0.19792033731937408,84100.0,1000.8300170898438,84100.0,0.9873816967010498,0.18306350708007807,0.11057633161544801,84100.0,1.6492328643798828,-9.664700508117676,0.20964813232421875,84100.0,0.7092822790145874,-9.289502143859863,-0.6871358752250671
1577,84200.0,-12.788999557495115,-0.7839999794960022,-27.31100082397461,84200.0,-0.0916297882795334,0.3799581825733185,-0.4068362414836884,84200.0,1000.780029296875,84200.0,0.20326054096221924,-2.1562576293945317,-1.6115596294403076,84200.0,1.974265933036804,-9.578323364257812,0.7269020676612854,84200.0,2.6366145610809326,-9.481637001037598,0.32022446393966675
1578,84300.0,-10.366000175476074,-0.4709999859333038,-29.457000732421875,84300.0,-0.0916297882795334,0.3799581825733185,-0.4068362414836884,84300.0,1000.780029296875,84300.0,0.20326054096221924,-2.1562576293945317,-1.6115596294403076,84300.0,1.974265933036804,-9.578323364257812,0.7269020676612854,84300.0,2.6366145610809326,-9.481637001037598,0.32022446393966675
1579,84400.0,-9.904000282287598,-0.1340000033378601,-30.847000122070323,84400.0,1.0106765031814575,0.8982773423194885,-0.03451388701796532,84400.0,1000.77001953125,84400.0,2.275320291519165,-0.6583242416381836,-1.288098692893982,84400.0,1.2956316471099854,-9.293773651123047,2.8491182327270512,84400.0,2.1775264739990234,-11.734580993652346,-0.8846575021743774
1580,84000.0,-12.454000473022461,-3.2039999961853027,-25.191999435424805,84000.0,-0.3820962011814117,-0.3225368559360504,-0.19792033731937408,84000.0,1000.8300170898438,84000.0,0.9873816967010498,0.18306350708007807,0.11057633161544801,84000.0,1.6492328643798828,-9.664700508117676,0.20964813232421875,84000.0,0.7092822790145874,-9.289502143859863,-0.6871358752250671
1581,84100.0,-12.788999557495115,-1.8049999475479128,-25.89699935913086,84100.0,-0.3820962011814117,-0.3225368559360504,-0.19792033731937408,84100.0,1000.8300170898438,84100.0,0.9873816967010498,0.18306350708007807,0.11057633161544801,84100.0,1.6492328643798828,-9.664700508117676,0.20964813232421875,84100.0,0.7092822790145874,-9.289502143859863,-0.6871358752250671
1582,84200.0,-12.788999557495115,-0.7839999794960022,-27.31100082397461,84200.0,-0.0916297882795334,0.3799581825733185,-0.4068362414836884,84200.0,1000.780029296875,84200.0,0.20326054096221924,-2.1562576293945317,-1.6115596294403076,84200.0,1.974265933036804,-9.578323364257812,0.7269020676612854,84200.0,2.6366145610809326,-9.481637001037598,0.32022446393966675
1583,84300.0,-10.366000175476074,-0.4709999859333038,-29.457000732421875,84300.0,-0.0916297882795334,0.3799581825733185,-0.4068362414836884,84300.0,1000.780029296875,84300.0,0.20326054096221924,-2.1562576293945317,-1.6115596294403076,84300.0,1.974265933036804,-9.578323364257812,0.7269020676612854,84300.0,2.6366145610809326,-9.481637001037598,0.32022446393966675
1584,84400.0,-9.904000282287598,-0.1340000033378601,-30.847000122070323,84400.0,1.0106765031814575,0.8982773423194885,-0.03451388701796532,84400.0,1000.77001953125,84400.0,2.275320291519165,-0.6583242416381836,-1.288098692893982,84400.0,1.2956316471099854,-9.293773651123047,2.8491182327270512,84400.0,2.1775264739990234,-11.734580993652346,-0.8846575021743774
1585,84500.0,-9.218999862670898,-3.056999921798706,-30.847000122070323,84500.0,0.12767083942890167,0.384845107793808,0.4599815309047699,84500.0,1000.77001953125,84500.0,0.39163410663604736,-1.305866241455078,2.6359071731567383,84500.0,0.560659646987915,-9.679329872131348,1.4719442129135132,84500.0,2.1775264739990234,-11.734580993652346,-0.8846575021743774
1586,84600.0,-8.35200023651123,-5.890999794006348,-31.54999923706055,84600.0,0.12767083942890167,0.384845107793808,0.4599815309047699,84600.0,1000.719970703125,84600.0,0.39163410663604736,-1.305866241455078,2.6359071731567383,84600.0,0.560659646987915,-9.679329872131348,1.4719442129135132,84600.0,3.5709519386291504,-9.95209789276123,1.5610195398330688
1587,84700.0,-8.041999816894531,-6.6579999923706055,-32.327999114990234,84700.0,0.5424483418464661,0.3735440969467163,1.634369969367981,84700.0,1000.719970703125,84700.0,1.120780348777771,0.4359245300292969,-0.6826322078704834,84700.0,-1.7205278873443604,-9.408195495605467,2.1670372486114498,84700.0,0.9522937536239624,-10.985196113586426,4.107851505279541
1588,84800.0,-8.041999816894531,-6.9679999351501465,-32.97999954223633,84800.0,0.5424483418464661,0.3735440969467163,1.634369969367981,84800.0,1000.719970703125,84800.0,1.120780348777771,0.4359245300292969,-0.6826322078704834,84800.0,-1.7205278873443604,-9.408195495605467,2.1670372486114498,84800.0,0.9522937536239624,-10.985196113586426,4.107851505279541
1589,84900.0,-12.612000465393065,-7.473000049591064,-33.312000274658196,84900.0,-0.08521570265293121,0.1615738570690155,0.19883663952350614,84900.0,1000.7100219726564,84900.0,-2.2769598960876465,3.8164196014404297,0.9743821620941162,84900.0,0.576478123664856,-9.706155776977539,1.276167392730713,84900.0,-0.5997475385665894,-8.972270965576172,1.4844050407409668
1590,84500.0,-9.218999862670898,-3.056999921798706,-30.847000122070323,84500.0,0.12767083942890167,0.384845107793808,0.4599815309047699,84500.0,1000.77001953125,84500.0,0.39163410663604736,-1.305866241455078,2.6359071731567383,84500.0,0.560659646987915,-9.679329872131348,1.4719442129135132,84500.0,2.1775264739990234,-11.734580993652346,-0.8846575021743774
1591,84600.0,-8.35200023651123,-5.890999794006348,-31.54999923706055,84600.0,0.12767083942890167,0.384845107793808,0.4599815309047699,84600.0,1000.719970703125,84600.0,0.39163410663604736,-1.305866241455078,2.6359071731567383,84600.0,0.560659646987915,-9.679329872131348,1.4719442129135132,84600.0,3.5709519386291504,-9.95209789276123,1.5610195398330688
1592,84700.0,-8.041999816894531,-6.6579999923706055,-32.327999114990234,84700.0,0.5424483418464661,0.3735440969467163,1.634369969367981,84700.0,1000.719970703125,84700.0,1.120780348777771,0.4359245300292969,-0.6826322078704834,84700.0,-1.7205278873443604,-9.408195495605467,2.1670372486114498,84700.0,0.9522937536239624,-10.985196113586426,4.107851505279541
1593,84800.0,-8.041999816894531,-6.9679999351501465,-32.97999954223633,84800.0,0.5424483418464661,0.3735440969467163,1.634369969367981,84800.0,1000.719970703125,84800.0,1.120780348777771,0.4359245300292969,-0.6826322078704834,84800.0,-1.7205278873443604,-9.408195495605467,2.1670372486114498,84800.0,0.9522937536239624,-10.985196113586426,4.107851505279541
1594,84900.0,-12.612000465393065,-7.473000049591064,-33.312000274658196,84900.0,-0.08521570265293121,0.1615738570690155,0.19883663952350614,84900.0,1000.7100219726564,84900.0,-2.2769598960876465,3.8164196014404297,0.9743821620941162,84900.0,0.576478123664856,-9.706155776977539,1.276167392730713,84900.0,-0.5997475385665894,-8.972270965576172,1.4844050407409668
1595,85000.0,-14.70300006866455,-8.215999603271483,-33.61600112915039,85000.0,-0.08521570265293121,0.1615738570690155,0.19883663952350614,85000.0,1000.7100219726564,85000.0,-2.2769598960876465,3.8164196014404297,0.9743821620941162,85000.0,0.576478123664856,-9.706155776977539,1.276167392730713,85000.0,-0.5997475385665894,-8.972270965576172,1.4844050407409668
1596,85100.0,-13.32800006866455,-8.215999603271483,-33.61600112915039,85100.0,-0.6707300543785095,-0.22479841113090515,-0.7422012686729431,85100.0,1000.739990234375,85100.0,-1.6516437530517578,-4.265070915222168,5.838327407836914,85100.0,1.604956865310669,-9.65781021118164,0.5667605996131897,85100.0,-1.7004817724227903,-5.8897361755371085,2.250549554824829
1597,85200.0,-13.36299991607666,-4.0929999351501465,-35.237998962402344,85200.0,-0.6707300543785095,-0.22479841113090515,-0.7422012686729431,85200.0,1000.739990234375,85200.0,-1.6516437530517578,-4.265070915222168,5.838327407836914,85200.0,1.604956865310669,-9.65781021118164,0.5667605996131897,85200.0,-1.7004817724227903,-5.8897361755371085,2.250549554824829
1598,85300.0,-11.857000350952148,-0.4950000047683716,-37.07500076293945,85300.0,-0.5039638280868529,0.24953845143318176,-1.4782938957214355,85300.0,1000.7000122070312,85300.0,-1.7815294265747068,-0.7299156188964844,-0.45023733377456665,85300.0,4.030881881713866,-8.939067840576172,-0.12437105923891068,85300.0,-0.04668693244457245,-13.922881126403807,6.405087947845459
1599,85400.0,-12.590999603271484,0.9819999933242798,-37.44599914550781,85400.0,0.0858265683054924,-0.6285803318023682,-0.4853324294090271,85400.0,1000.7000122070312,85400.0,-2.5101981163024902,0.03629779815673828,-0.5579226613044739,85400.0,4.52791166305542,-8.689540863037111,-0.4003565907478333,85400.0,-0.04668693244457245,-13.922881126403807,6.405087947845459
1600,85000.0,-14.70300006866455,-8.215999603271483,-33.61600112915039,85000.0,-0.08521570265293121,0.1615738570690155,0.19883663952350614,85000.0,1000.7100219726564,85000.0,-2.2769598960876465,3.8164196014404297,0.9743821620941162,85000.0,0.576478123664856,-9.706155776977539,1.276167392730713,85000.0,-0.5997475385665894,-8.972270965576172,1.4844050407409668
1601,85100.0,-13.32800006866455,-8.215999603271483,-33.61600112915039,85100.0,-0.6707300543785095,-0.22479841113090515,-0.7422012686729431,85100.0,1000.739990234375,85100.0,-1.6516437530517578,-4.265070915222168,5.838327407836914,85100.0,1.604956865310669,-9.65781021118164,0.5667605996131897,85100.0,-1.7004817724227903,-5.8897361755371085,2.250549554824829
1602,85200.0,-13.36299991607666,-4.0929999351501465,-35.237998962402344,85200.0,-0.6707300543785095,-0.22479841113090515,-0.7422012686729431,85200.0,1000.739990234375,85200.0,-1.6516437530517578,-4.265070915222168,5.838327407836914,85200.0,1.604956865310669,-9.65781021118164,0.5667605996131897,85200.0,-1.7004817724227903,-5.8897361755371085,2.250549554824829
1603,85300.0,-11.857000350952148,-0.4950000047683716,-37.07500076293945,85300.0,-0.5039638280868529,0.24953845143318176,-1.4782938957214355,85300.0,1000.7000122070312,85300.0,-1.7815294265747068,-0.7299156188964844,-0.45023733377456665,85300.0,4.030881881713866,-8.939067840576172,-0.12437105923891068,85300.0,-0.04668693244457245,-13.922881126403807,6.405087947845459
1604,85400.0,-12.590999603271484,0.9819999933242798,-37.44599914550781,85400.0,0.0858265683054924,-0.6285803318023682,-0.4853324294090271,85400.0,1000.7000122070312,85400.0,-2.5101981163024902,0.03629779815673828,-0.5579226613044739,85400.0,4.52791166305542,-8.689540863037111,-0.4003565907478333,85400.0,-0.04668693244457245,-13.922881126403807,6.405087947845459
1605,85500.0,-15.241999626159668,0.550000011920929,-37.44599914550781,85500.0,0.0858265683054924,-0.6285803318023682,-0.4853324294090271,85500.0,1000.760009765625,85500.0,-2.5101981163024902,0.03629779815673828,-0.5579226613044739,85500.0,4.52791166305542,-8.689540863037111,-0.4003565907478333,85500.0,2.24935245513916,-9.668983459472656,-0.5746083855628967
1606,85600.0,-17.389999389648438,0.9409999847412108,-37.44599914550781,85600.0,-0.5366451144218445,-0.7263187766075134,0.036651913076639175,85600.0,1000.7899780273438,85600.0,-1.1994705200195312,-0.263427734375,1.0953543186187744,85600.0,4.098848819732666,-8.742960929870605,-1.711861252784729,85600.0,2.0177135467529297,-8.653243064880371,-0.9582792520523072
1607,85700.0,-19.08699989318848,1.5770000219345093,-37.44599914550781,85700.0,-0.5366451144218445,-0.7263187766075134,0.036651913076639175,85700.0,1000.7899780273438,85700.0,-1.1994705200195312,-0.263427734375,1.0953543186187744,85700.0,4.098848819732666,-8.742960929870605,-1.711861252784729,85700.0,2.0177135467529297,-8.653243064880371,-0.9582792520523072
1608,85800.0,-18.621000289916992,3.5169999599456787,-37.14099884033203,85800.0,-0.19486601650714874,0.048258353024721146,-0.5158756971359253,85800.0,1000.7000122070312,85800.0,-2.860458374023437,-1.2471895217895508,1.346996784210205,85800.0,4.614211082458496,-8.463093757629395,-1.8042893409729004,85800.0,2.8993782997131348,-9.006388664245605,-0.6165069341659546
1609,85900.0,-18.621000289916992,4.1409997940063485,-37.14099884033203,85900.0,-0.19486601650714874,0.048258353024721146,-0.5158756971359253,85900.0,1000.7000122070312,85900.0,-2.860458374023437,-1.2471895217895508,1.346996784210205,85900.0,4.614211082458496,-8.463093757629395,-1.8042893409729004,85900.0,2.8993782997131348,-9.006388664245605,-0.6165069341659546
1610,85500.0,-15.241999626159668,0.550000011920929,-37.44599914550781,85500.0,0.0858265683054924,-0.6285803318023682,-0.4853324294090271,85500.0,1000.760009765625,85500.0,-2.5101981163024902,0.03629779815673828,-0.5579226613044739,85500.0,4.52791166305542,-8.689540863037111,-0.4003565907478333,85500.0,2.24935245513916,-9.668983459472656,-0.5746083855628967
1611,85600.0,-17.389999389648438,0.9409999847412108,-37.44599914550781,85600.0,-0.5366451144218445,-0.7263187766075134,0.036651913076639175,85600.0,1000.7899780273438,85600.0,-1.1994705200195312,-0.263427734375,1.0953543186187744,85600.0,4.098848819732666,-8.742960929870605,-1.711861252784729,85600.0,2.0177135467529297,-8.653243064880371,-0.9582792520523072
1612,85700.0,-19.08699989318848,1.5770000219345093,-37.44599914550781,85700.0,-0.5366451144218445,-0.7263187766075134,0.036651913076639175,85700.0,1000.7899780273438,85700.0,-1.1994705200195312,-0.263427734375,1.0953543186187744,85700.0,4.098848819732666,-8.742960929870605,-1.711861252784729,85700.0,2.0177135467529297,-8.653243064880371,-0.9582792520523072
1613,85800.0,-18.621000289916992,3.5169999599456787,-37.14099884033203,85800.0,-0.19486601650714874,0.048258353024721146,-0.5158756971359253,85800.0,1000.7000122070312,85800.0,-2.860458374023437,-1.2471895217895508,1.346996784210205,85800.0,4.614211082458496,-8.463093757629395,-1.8042893409729004,85800.0,2.8993782997131348,-9.006388664245605,-0.6165069341659546
1614,85900.0,-18.621000289916992,4.1409997940063485,-37.14099884033203,85900.0,-0.19486601650714874,0.048258353024721146,-0.5158756971359253,85900.0,1000.7000122070312,85900.0,-2.860458374023437,-1.2471895217895508,1.346996784210205,85900.0,4.614211082458496,-8.463093757629395,-1.8042893409729004,85900.0,2.8993782997131348,-9.006388664245605,-0.6165069341659546
1615,86000.0,-18.95400047302246,4.449999809265137,-37.89500045776367,86000.0,0.6084218025207521,0.1270599663257599,-0.17501288652420044,86000.0,1000.8499755859376,86000.0,-1.9139299392700195,-3.4193897247314453,2.765160322189331,86000.0,4.458367824554443,-8.727592468261719,-0.35000938177108765,86000.0,1.7537527084350586,-9.710283279418944,-0.4572925269603729
1616,86100.0,-19.2549991607666,4.873000144958496,-38.266998291015625,86100.0,0.6084218025207521,0.1270599663257599,-0.17501288652420044,86100.0,1000.8499755859376,86100.0,-1.9139299392700195,-3.4193897247314453,2.765160322189331,86100.0,4.458367824554443,-8.727592468261719,-0.35000938177108765,86100.0,1.7537527084350586,-9.710283279418944,-0.4572925269603729
1617,86200.0,-20.395999908447266,1.3029999732971191,-38.571998596191406,86200.0,0.7211264371871948,-0.03359758853912353,1.8939876556396484,86200.0,1000.760009765625,86200.0,-0.9448041915893556,-2.1836271286010738,-4.4264869689941415,86200.0,0.790378212928772,-9.738899230957033,0.8363812565803528,86200.0,2.544437885284424,-12.146982192993164,2.415150880813598
1618,86300.0,-27.631999969482425,4.849999904632568,-38.196998596191406,86300.0,0.7211264371871948,-0.03359758853912353,1.8939876556396484,86300.0,1000.6900024414064,86300.0,-0.9448041915893556,-2.1836271286010738,-4.4264869689941415,86300.0,0.790378212928772,-9.738899230957033,0.8363812565803528,86300.0,2.544437885284424,-12.146982192993164,2.415150880813598
1619,86400.0,-31.045000076293945,8.444999694824219,-37.07500076293945,86400.0,1.1395691633224487,-1.3662000894546509,2.668564796447754,86400.0,1000.6900024414064,86400.0,4.381794452667236,0.6898722648620605,-2.597719430923462,86400.0,-3.3271484375,-8.666753768920897,3.1603567600250244,86400.0,-0.15442600846290588,-11.922526359558105,-3.590105533599853
1620,86000.0,-18.95400047302246,4.449999809265137,-37.89500045776367,86000.0,0.6084218025207521,0.1270599663257599,-0.17501288652420044,86000.0,1000.8499755859376,86000.0,-1.9139299392700195,-3.4193897247314453,2.765160322189331,86000.0,4.458367824554443,-8.727592468261719,-0.35000938177108765,86000.0,1.7537527084350586,-9.710283279418944,-0.4572925269603729
1621,86100.0,-19.2549991607666,4.873000144958496,-38.266998291015625,86100.0,0.6084218025207521,0.1270599663257599,-0.17501288652420044,86100.0,1000.8499755859376,86100.0,-1.9139299392700195,-3.4193897247314453,2.765160322189331,86100.0,4.458367824554443,-8.727592468261719,-0.35000938177108765,86100.0,1.7537527084350586,-9.710283279418944,-0.4572925269603729
1622,86200.0,-20.395999908447266,1.3029999732971191,-38.571998596191406,86200.0,0.7211264371871948,-0.03359758853912353,1.8939876556396484,86200.0,1000.760009765625,86200.0,-0.9448041915893556,-2.1836271286010738,-4.4264869689941415,86200.0,0.790378212928772,-9.738899230957033,0.8363812565803528,86200.0,2.544437885284424,-12.146982192993164,2.415150880813598
1623,86300.0,-27.631999969482425,4.849999904632568,-38.196998596191406,86300.0,0.7211264371871948,-0.03359758853912353,1.8939876556396484,86300.0,1000.6900024414064,86300.0,-0.9448041915893556,-2.1836271286010738,-4.4264869689941415,86300.0,0.790378212928772,-9.738899230957033,0.8363812565803528,86300.0,2.544437885284424,-12.146982192993164,2.415150880813598
1624,86400.0,-31.045000076293945,8.444999694824219,-37.07500076293945,86400.0,1.1395691633224487,-1.3662000894546509,2.668564796447754,86400.0,1000.6900024414064,86400.0,4.381794452667236,0.6898722648620605,-2.597719430923462,86400.0,-3.3271484375,-8.666753768920897,3.1603567600250244,86400.0,-0.15442600846290588,-11.922526359558105,-3.590105533599853
1625,86500.0,-35.845001220703125,11.0649995803833,-34.044998168945305,86500.0,-0.2028072625398636,-1.084896683692932,0.7422012686729431,86500.0,1000.5399780273438,86500.0,0.6574311256408691,5.135757446289063,-0.36507010459899897,86500.0,-3.927312135696411,-8.205123901367188,3.663681507110596,86500.0,1.0546458959579468,-7.976881504058838,0.5626373887062073
1626,86600.0,-38.887001037597656,13.406999588012695,-32.04800033569336,86600.0,-0.2028072625398636,-1.084896683692932,0.7422012686729431,86600.0,1000.5399780273438,86600.0,0.6574311256408691,5.135757446289063,-0.36507010459899897,86600.0,-3.927312135696411,-8.205123901367188,3.663681507110596,86600.0,1.0546458959579468,-7.976881504058838,0.5626373887062073
1627,86700.0,-41.70899963378906,16.12299919128418,-29.43400001525879,86700.0,-1.5632041692733765,-0.6856962442398071,-1.2858713865280151,86700.0,1000.6799926757812,86700.0,-2.9023668766021733,3.829979419708252,12.622602462768555,86700.0,2.9275059700012207,-9.340234756469727,-0.6001186966896057,86700.0,-3.269881010055542,-3.0693666934967037,3.2986114025115967
1628,86800.0,-39.59600067138672,18.457000732421875,-30.90200042724609,86800.0,-1.5632041692733765,-0.6856962442398071,-1.2858713865280151,86800.0,1000.6799926757812,86800.0,-2.9023668766021733,3.829979419708252,12.622602462768555,86800.0,2.9275059700012207,-9.340234756469727,-0.6001186966896057,86800.0,-3.269881010055542,-3.0693666934967037,3.2986114025115967
1629,86900.0,-35.321998596191406,17.440000534057614,-34.04800033569336,86900.0,-1.436449646949768,-0.9187413454055786,-0.7174612283706665,86900.0,1000.75,86900.0,-2.258927345275879,-3.255620002746582,0.7830705642700195,86900.0,1.850117325782776,-9.603038787841797,-0.7274053692817688,86900.0,0.02513911761343479,-5.510255336761475,12.022483825683596
1630,86500.0,-35.845001220703125,11.0649995803833,-34.044998168945305,86500.0,-0.2028072625398636,-1.084896683692932,0.7422012686729431,86500.0,1000.5399780273438,86500.0,0.6574311256408691,5.135757446289063,-0.36507010459899897,86500.0,-3.927312135696411,-8.205123901367188,3.663681507110596,86500.0,1.0546458959579468,-7.976881504058838,0.5626373887062073
1631,86600.0,-38.887001037597656,13.406999588012695,-32.04800033569336,86600.0,-0.2028072625398636,-1.084896683692932,0.7422012686729431,86600.0,1000.5399780273438,86600.0,0.6574311256408691,5.135757446289063,-0.36507010459899897,86600.0,-3.927312135696411,-8.205123901367188,3.663681507110596,86600.0,1.0546458959579468,-7.976881504058838,0.5626373887062073
1632,86700.0,-41.70899963378906,16.12299919128418,-29.43400001525879,86700.0,-1.5632041692733765,-0.6856962442398071,-1.2858713865280151,86700.0,1000.6799926757812,86700.0,-2.9023668766021733,3.829979419708252,12.622602462768555,86700.0,2.9275059700012207,-9.340234756469727,-0.6001186966896057,86700.0,-3.269881010055542,-3.0693666934967037,3.2986114025115967
1633,86800.0,-39.59600067138672,18.457000732421875,-30.90200042724609,86800.0,-1.5632041692733765,-0.6856962442398071,-1.2858713865280151,86800.0,1000.6799926757812,86800.0,-2.9023668766021733,3.829979419708252,12.622602462768555,86800.0,2.9275059700012207,-9.340234756469727,-0.6001186966896057,86800.0,-3.269881010055542,-3.0693666934967037,3.2986114025115967
1634,86900.0,-35.321998596191406,17.440000534057614,-34.04800033569336,86900.0,-1.436449646949768,-0.9187413454055786,-0.7174612283706665,86900.0,1000.75,86900.0,-2.258927345275879,-3.255620002746582,0.7830705642700195,86900.0,1.850117325782776,-9.603038787841797,-0.7274053692817688,86900.0,0.02513911761343479,-5.510255336761475,12.022483825683596
1635,87000.0,-30.27899932861328,18.268999099731445,-36.93199920654297,87000.0,-1.436449646949768,-0.9187413454055786,-0.7174612283706665,87000.0,1000.75,87000.0,-2.258927345275879,-3.255620002746582,0.7830705642700195,87000.0,1.850117325782776,-9.603038787841797,-0.7274053692817688,87000.0,0.02513911761343479,-5.510255336761475,12.022483825683596
1636,87100.0,-30.011999130249023,18.33099937438965,-36.33700180053711,87100.0,0.9367618560791016,1.1078041791915894,-1.1359039545059204,87100.0,1000.739990234375,87100.0,-2.429805278778076,2.0442247390747066,-4.070905685424806,87100.0,1.7713998556137085,-8.947905540466309,3.601043701171875,87100.0,-0.4088099300861359,-12.85865879058838,0.055665191262960434
1637,87200.0,-37.861000061035156,10.406000137329102,-29.87899971008301,87200.0,0.9367618560791016,1.1078041791915894,-1.1359039545059204,87200.0,1000.739990234375,87200.0,-2.429805278778076,2.0442247390747066,-4.070905685424806,87200.0,1.7713998556137085,-8.947905540466309,3.601043701171875,87200.0,-0.4088099300861359,-12.85865879058838,0.055665191262960434
1638,87300.0,-40.680999755859375,10.406000137329102,-27.322999954223643,87300.0,-0.5528330206871033,-2.272724151611328,-0.33169981837272644,87300.0,1000.6900024414064,87300.0,1.1958255767822266,0.7066593170166016,-1.0885949134826658,87300.0,1.5066297054290771,-9.689703941345217,0.10038813203573227,87300.0,-0.6584054827690125,-6.9036808013916025,-0.4698620736598969
1639,87400.0,-42.88999938964844,9.555999755859377,-22.479000091552734,87400.0,0.7996225953102112,-1.3148874044418335,-0.9685268402099608,87400.0,1000.6599731445312,87400.0,-4.555436611175537,-3.895185470581055,-1.9317972660064693,87400.0,2.395268201828003,-9.19870376586914,2.411834716796875,87400.0,2.702455282211304,-8.983044624328613,-0.9882067441940308
1640,87000.0,-30.27899932861328,18.268999099731445,-36.93199920654297,87000.0,-1.436449646949768,-0.9187413454055786,-0.7174612283706665,87000.0,1000.75,87000.0,-2.258927345275879,-3.255620002746582,0.7830705642700195,87000.0,1.850117325782776,-9.603038787841797,-0.7274053692817688,87000.0,0.02513911761343479,-5.510255336761475,12.022483825683596
1641,87100.0,-30.011999130249023,18.33099937438965,-36.33700180053711,87100.0,0.9367618560791016,1.1078041791915894,-1.1359039545059204,87100.0,1000.739990234375,87100.0,-2.429805278778076,2.0442247390747066,-4.070905685424806,87100.0,1.7713998556137085,-8.947905540466309,3.601043701171875,87100.0,-0.4088099300861359,-12.85865879058838,0.055665191262960434
1642,87200.0,-37.861000061035156,10.406000137329102,-29.87899971008301,87200.0,0.9367618560791016,1.1078041791915894,-1.1359039545059204,87200.0,1000.739990234375,87200.0,-2.429805278778076,2.0442247390747066,-4.070905685424806,87200.0,1.7713998556137085,-8.947905540466309,3.601043701171875,87200.0,-0.4088099300861359,-12.85865879058838,0.055665191262960434
1643,87300.0,-40.680999755859375,10.406000137329102,-27.322999954223643,87300.0,-0.5528330206871033,-2.272724151611328,-0.33169981837272644,87300.0,1000.6900024414064,87300.0,1.1958255767822266,0.7066593170166016,-1.0885949134826658,87300.0,1.5066297054290771,-9.689703941345217,0.10038813203573227,87300.0,-0.6584054827690125,-6.9036808013916025,-0.4698620736598969
1644,87400.0,-42.88999938964844,9.555999755859377,-22.479000091552734,87400.0,0.7996225953102112,-1.3148874044418335,-0.9685268402099608,87400.0,1000.6599731445312,87400.0,-4.555436611175537,-3.895185470581055,-1.9317972660064693,87400.0,2.395268201828003,-9.19870376586914,2.411834716796875,87400.0,2.702455282211304,-8.983044624328613,-0.9882067441940308
1645,87500.0,-42.06999969482422,5.554999828338623,-19.427000045776367,87500.0,0.7996225953102112,-1.3148874044418335,-0.9685268402099608,87500.0,1000.6599731445312,87500.0,-4.555436611175537,-3.895185470581055,-1.9317972660064693,87500.0,2.395268201828003,-9.19870376586914,2.411834716796875,87500.0,2.702455282211304,-8.983044624328613,-0.9882067441940308
1646,87600.0,-42.06999969482422,5.860000133514402,-10.366000175476074,87600.0,2.069000482559204,-1.0430524349212646,1.9727892875671396,87600.0,1000.77001953125,87600.0,3.4738340377807617,-3.6669998168945312,-4.5894927978515625,87600.0,-2.253389596939087,-8.292037963867188,4.725962162017822,87600.0,-2.160168409347534,-13.093889236450195,0.4800374507904053
1647,87700.0,-42.875,10.35099983215332,4.379000186920166,87700.0,2.069000482559204,-1.0430524349212646,1.9727892875671396,87700.0,1000.77001953125,87700.0,3.4738340377807617,-3.6669998168945312,-4.5894927978515625,87700.0,-2.253389596939087,-8.292037963867188,4.725962162017822,87700.0,-2.160168409347534,-13.093889236450195,0.4800374507904053
1648,87800.0,-43.63199996948242,20.70400047302246,16.075000762939453,87800.0,1.2971723079681396,-2.4477369785308842,3.3457088470458984,87800.0,1000.6599731445312,87800.0,5.811307907104492,-2.480391502380371,-4.394056320190431,87800.0,-3.827113389968872,-8.164827346801758,3.854762315750122,87800.0,1.2204443216323853,-11.95903778076172,0.1364694982767105
1649,87900.0,-37.861000061035156,36.35699844360352,27.00300025939941,87900.0,1.2971723079681396,-2.4477369785308842,3.3457088470458984,87900.0,1000.6599731445312,87900.0,5.811307907104492,-2.480391502380371,-4.394056320190431,87900.0,-3.827113389968872,-8.164827346801758,3.854762315750122,87900.0,1.2204443216323853,-11.95903778076172,0.1364694982767105
1650,87500.0,-42.06999969482422,5.554999828338623,-19.427000045776367,87500.0,0.7996225953102112,-1.3148874044418335,-0.9685268402099608,87500.0,1000.6599731445312,87500.0,-4.555436611175537,-3.895185470581055,-1.9317972660064693,87500.0,2.395268201828003,-9.19870376586914,2.411834716796875,87500.0,2.702455282211304,-8.983044624328613,-0.9882067441940308
1651,87600.0,-42.06999969482422,5.860000133514402,-10.366000175476074,87600.0,2.069000482559204,-1.0430524349212646,1.9727892875671396,87600.0,1000.77001953125,87600.0,3.4738340377807617,-3.6669998168945312,-4.5894927978515625,87600.0,-2.253389596939087,-8.292037963867188,4.725962162017822,87600.0,-2.160168409347534,-13.093889236450195,0.4800374507904053
1652,87700.0,-42.875,10.35099983215332,4.379000186920166,87700.0,2.069000482559204,-1.0430524349212646,1.9727892875671396,87700.0,1000.77001953125,87700.0,3.4738340377807617,-3.6669998168945312,-4.5894927978515625,87700.0,-2.253389596939087,-8.292037963867188,4.725962162017822,87700.0,-2.160168409347534,-13.093889236450195,0.4800374507904053
1653,87800.0,-43.63199996948242,20.70400047302246,16.075000762939453,87800.0,1.2971723079681396,-2.4477369785308842,3.3457088470458984,87800.0,1000.6599731445312,87800.0,5.811307907104492,-2.480391502380371,-4.394056320190431,87800.0,-3.827113389968872,-8.164827346801758,3.854762315750122,87800.0,1.2204443216323853,-11.95903778076172,0.1364694982767105
1654,87900.0,-37.861000061035156,36.35699844360352,27.00300025939941,87900.0,1.2971723079681396,-2.4477369785308842,3.3457088470458984,87900.0,1000.6599731445312,87900.0,5.811307907104492,-2.480391502380371,-4.394056320190431,87900.0,-3.827113389968872,-8.164827346801758,3.854762315750122,87900.0,1.2204443216323853,-11.95903778076172,0.1364694982767105
1655,88000.0,-25.43000030517578,44.48199844360352,33.63100051879883,88000.0,-0.6185010671615601,-2.9501736164093018,1.4501941204071045,88000.0,1000.719970703125,88000.0,1.268056869506836,2.6340723037719727,-2.794442653656006,88000.0,-3.637717962265015,-7.565529346466064,5.069532871246338,88000.0,1.9841946363449097,-10.645218849182127,-0.5392939448356628
1656,88100.0,-16.615999221801758,46.24599838256836,39.77199935913086,88100.0,-0.6185010671615601,-2.9501736164093018,1.4501941204071045,88100.0,1000.719970703125,88100.0,1.268056869506836,2.6340723037719727,-2.794442653656006,88100.0,-3.637717962265015,-7.565529346466064,5.069532871246338,88100.0,1.9841946363449097,-10.645218849182127,-0.5392939448356628
1657,88200.0,-12.878000259399414,45.26599884033203,41.92100143432617,88200.0,-0.14782938361167908,-1.263574719429016,-0.6860016584396362,88200.0,1000.7100219726564,88200.0,2.727972507476806,5.847722053527832,-1.4535666704177856,88200.0,2.0813803672790527,-9.570107460021973,0.5012729167938232,88200.0,-2.3696610927581787,-4.931457042694092,2.275090217590332
1658,88300.0,-15.413999557495115,39.64899826049805,46.09600067138672,88300.0,-1.0867292881011963,-1.3252722024917605,-1.5436564683914185,88300.0,1000.7000122070312,88300.0,2.0306673049926762,0.3195362091064453,0.9799808859825134,88300.0,3.814177513122559,-8.89975643157959,-1.5545892715454102,88300.0,4.8093528747558585,-3.7223851680755615,-0.9522937536239624
1659,88400.0,-15.008000373840332,34.34999847412109,48.68600082397461,88400.0,-1.0867292881011963,-1.3252722024917605,-1.5436564683914185,88400.0,1000.7000122070312,88400.0,2.0306673049926762,0.3195362091064453,0.9799808859825134,88400.0,3.814177513122559,-8.89975643157959,-1.5545892715454102,88400.0,4.8093528747558585,-3.7223851680755615,-0.9522937536239624
1660,88000.0,-25.43000030517578,44.48199844360352,33.63100051879883,88000.0,-0.6185010671615601,-2.9501736164093018,1.4501941204071045,88000.0,1000.719970703125,88000.0,1.268056869506836,2.6340723037719727,-2.794442653656006,88000.0,-3.637717962265015,-7.565529346466064,5.069532871246338,88000.0,1.9841946363449097,-10.645218849182127,-0.5392939448356628
1661,88100.0,-16.615999221801758,46.24599838256836,39.77199935913086,88100.0,-0.6185010671615601,-2.9501736164093018,1.4501941204071045,88100.0,1000.719970703125,88100.0,1.268056869506836,2.6340723037719727,-2.794442653656006,88100.0,-3.637717962265015,-7.565529346466064,5.069532871246338,88100.0,1.9841946363449097,-10.645218849182127,-0.5392939448356628
1662,88200.0,-12.878000259399414,45.26599884033203,41.92100143432617,88200.0,-0.14782938361167908,-1.263574719429016,-0.6860016584396362,88200.0,1000.7100219726564,88200.0,2.727972507476806,5.847722053527832,-1.4535666704177856,88200.0,2.0813803672790527,-9.570107460021973,0.5012729167938232,88200.0,-2.3696610927581787,-4.931457042694092,2.275090217590332
1663,88300.0,-15.413999557495115,39.64899826049805,46.09600067138672,88300.0,-1.0867292881011963,-1.3252722024917605,-1.5436564683914185,88300.0,1000.7000122070312,88300.0,2.0306673049926762,0.3195362091064453,0.9799808859825134,88300.0,3.814177513122559,-8.89975643157959,-1.5545892715454102,88300.0,4.8093528747558585,-3.7223851680755615,-0.9522937536239624
1664,88400.0,-15.008000373840332,34.34999847412109,48.68600082397461,88400.0,-1.0867292881011963,-1.3252722024917605,-1.5436564683914185,88400.0,1000.7000122070312,88400.0,2.0306673049926762,0.3195362091064453,0.9799808859825134,88400.0,3.814177513122559,-8.89975643157959,-1.5545892715454102,88400.0,4.8093528747558585,-3.7223851680755615,-0.9522937536239624
1665,88500.0,-15.487000465393065,25.988000869750977,50.3759994506836,88500.0,0.46089783310890203,-0.389426589012146,-0.6817256212234497,88500.0,1000.6900024414064,88500.0,-1.3841681480407717,-0.029471397399902344,-1.7968075275421145,88500.0,2.494479179382324,-9.37375545501709,1.4424656629562378,88500.0,5.8448448181152335,-8.580220222473145,-0.5746083855628967
1666,88600.0,-14.89799976348877,25.44700050354004,49.95399856567383,88600.0,0.46089783310890203,-0.389426589012146,-0.6817256212234497,88600.0,1000.6900024414064,88600.0,-1.3841681480407717,-0.029471397399902344,-1.7968075275421145,88600.0,2.494479179382324,-9.37375545501709,1.4424656629562378,88600.0,5.8448448181152335,-8.580220222473145,-0.5746083855628967
1667,88700.0,-15.80799961090088,2.4560000896453857,49.32400131225586,88700.0,-0.5064072608947754,-1.1420125961303709,-0.323147714138031,88700.0,1000.6900024414064,88700.0,0.1751464605331421,0.15093040466308594,-0.29005593061447144,88700.0,1.8820713758468628,-9.605632781982422,-0.599988579750061,88700.0,1.1103110313415527,-9.403226852416992,-0.3543418645858765
1668,88800.0,-16.75200080871582,0.31200000643730164,49.66400146484375,88800.0,-0.5064072608947754,-1.1420125961303709,-0.323147714138031,88800.0,1000.6900024414064,88800.0,0.1751464605331421,0.15093040466308594,-0.29005593061447144,88800.0,1.8820713758468628,-9.605632781982422,-0.599988579750061,88800.0,1.1103110313415527,-9.403226852416992,-0.3543418645858765
1669,88900.0,-16.75200080871582,-0.7609999775886536,49.66400146484375,88900.0,0.03298672288656235,0.16371189057826996,-0.192422553896904,88900.0,1000.5999755859376,88900.0,2.1844475269317627,-2.1167211532592773,-2.191344738006592,88900.0,1.8880894184112549,-9.610677719116213,0.4902645349502564,88900.0,2.057217836380005,-9.454702377319336,-0.8900445103645325
1670,88500.0,-15.487000465393065,25.988000869750977,50.3759994506836,88500.0,0.46089783310890203,-0.389426589012146,-0.6817256212234497,88500.0,1000.6900024414064,88500.0,-1.3841681480407717,-0.029471397399902344,-1.7968075275421145,88500.0,2.494479179382324,-9.37375545501709,1.4424656629562378,88500.0,5.8448448181152335,-8.580220222473145,-0.5746083855628967
1671,88600.0,-14.89799976348877,25.44700050354004,49.95399856567383,88600.0,0.46089783310890203,-0.389426589012146,-0.6817256212234497,88600.0,1000.6900024414064,88600.0,-1.3841681480407717,-0.029471397399902344,-1.7968075275421145,88600.0,2.494479179382324,-9.37375545501709,1.4424656629562378,88600.0,5.8448448181152335,-8.580220222473145,-0.5746083855628967
1672,88700.0,-15.80799961090088,2.4560000896453857,49.32400131225586,88700.0,-0.5064072608947754,-1.1420125961303709,-0.323147714138031,88700.0,1000.6900024414064,88700.0,0.1751464605331421,0.15093040466308594,-0.29005593061447144,88700.0,1.8820713758468628,-9.605632781982422,-0.599988579750061,88700.0,1.1103110313415527,-9.403226852416992,-0.3543418645858765
1673,88800.0,-16.75200080871582,0.31200000643730164,49.66400146484375,88800.0,-0.5064072608947754,-1.1420125961303709,-0.323147714138031,88800.0,1000.6900024414064,88800.0,0.1751464605331421,0.15093040466308594,-0.29005593061447144,88800.0,1.8820713758468628,-9.605632781982422,-0.599988579750061,88800.0,1.1103110313415527,-9.403226852416992,-0.3543418645858765
1674,88900.0,-16.75200080871582,-0.7609999775886536,49.66400146484375,88900.0,0.03298672288656235,0.16371189057826996,-0.192422553896904,88900.0,1000.5999755859376,88900.0,2.1844475269317627,-2.1167211532592773,-2.191344738006592,88900.0,1.8880894184112549,-9.610677719116213,0.4902645349502564,88900.0,2.057217836380005,-9.454702377319336,-0.8900445103645325
1675,89000.0,-16.75200080871582,0.4850000143051148,49.36199951171875,89000.0,0.03298672288656235,0.16371189057826996,-0.192422553896904,89000.0,1000.5999755859376,89000.0,2.1844475269317627,-2.1167211532592773,-2.191344738006592,89000.0,1.8880894184112549,-9.610677719116213,0.4902645349502564,89000.0,2.057217836380005,-9.454702377319336,-0.8900445103645325
1676,89100.0,-16.75200080871582,2.0079998970031743,48.99399948120117,89100.0,1.4367550611495972,-0.09712757170200348,0.03176499158143997,89100.0,1000.739990234375,89100.0,1.0193222761154177,1.6370539665222168,-2.3601725101470947,89100.0,1.6837314367294312,-9.249418258666992,2.7899317741394043,89100.0,4.0725369453430185,-11.727398872375488,-1.701080322265625
1677,89200.0,-14.836000442504885,12.800000190734865,48.32699966430664,89200.0,-0.3830125033855438,-0.4819726645946503,1.3478741645812988,89200.0,1000.6500244140624,89200.0,3.8838319778442383,1.3686580657958984,2.7896413803100586,89200.0,-0.4457584023475647,-9.79624843597412,-0.07222241163253784,89200.0,2.7030537128448486,-7.612364292144775,0.4297592043876648
1678,89300.0,-13.850000381469727,15.623000144958494,46.91299819946289,89300.0,-0.3830125033855438,-0.4819726645946503,1.3478741645812988,89300.0,1000.6500244140624,89300.0,3.8838319778442383,1.3686580657958984,2.7896413803100586,89300.0,-0.4457584023475647,-9.79624843597412,-0.07222241163253784,89300.0,2.7030537128448486,-7.612364292144775,0.4297592043876648
1679,89400.0,-11.263999938964846,19.63500022888184,44.92699813842773,89400.0,0.5510004758834839,2.8124237060546875,1.4034628868103027,89400.0,1000.6199951171876,89400.0,1.3826982975006104,0.8064136505126953,-0.4846686124801636,89400.0,-1.394070744514465,-9.530884742736816,1.8409838676452643,89400.0,3.4380736351013184,-8.427590370178223,2.717418909072876
1680,89000.0,-16.75200080871582,0.4850000143051148,49.36199951171875,89000.0,0.03298672288656235,0.16371189057826996,-0.192422553896904,89000.0,1000.5999755859376,89000.0,2.1844475269317627,-2.1167211532592773,-2.191344738006592,89000.0,1.8880894184112549,-9.610677719116213,0.4902645349502564,89000.0,2.057217836380005,-9.454702377319336,-0.8900445103645325
1681,89100.0,-16.75200080871582,2.0079998970031743,48.99399948120117,89100.0,1.4367550611495972,-0.09712757170200348,0.03176499158143997,89100.0,1000.739990234375,89100.0,1.0193222761154177,1.6370539665222168,-2.3601725101470947,89100.0,1.6837314367294312,-9.249418258666992,2.7899317741394043,89100.0,4.0725369453430185,-11.727398872375488,-1.701080322265625
1682,89200.0,-14.836000442504885,12.800000190734865,48.32699966430664,89200.0,-0.3830125033855438,-0.4819726645946503,1.3478741645812988,89200.0,1000.6500244140624,89200.0,3.8838319778442383,1.3686580657958984,2.7896413803100586,89200.0,-0.4457584023475647,-9.79624843597412,-0.07222241163253784,89200.0,2.7030537128448486,-7.612364292144775,0.4297592043876648
1683,89300.0,-13.850000381469727,15.623000144958494,46.91299819946289,89300.0,-0.3830125033855438,-0.4819726645946503,1.3478741645812988,89300.0,1000.6500244140624,89300.0,3.8838319778442383,1.3686580657958984,2.7896413803100586,89300.0,-0.4457584023475647,-9.79624843597412,-0.07222241163253784,89300.0,2.7030537128448486,-7.612364292144775,0.4297592043876648
1684,89400.0,-11.263999938964846,19.63500022888184,44.92699813842773,89400.0,0.5510004758834839,2.8124237060546875,1.4034628868103027,89400.0,1000.6199951171876,89400.0,1.3826982975006104,0.8064136505126953,-0.4846686124801636,89400.0,-1.394070744514465,-9.530884742736816,1.8409838676452643,89400.0,3.4380736351013184,-8.427590370178223,2.717418909072876
1685,89500.0,-7.822999954223633,22.270000457763672,43.93299865722656,89500.0,0.5510004758834839,2.8124237060546875,1.4034628868103027,89500.0,1000.6199951171876,89500.0,1.3826982975006104,0.8064136505126953,-0.4846686124801636,89500.0,-1.394070744514465,-9.530884742736816,1.8409838676452643,89500.0,3.4380736351013184,-8.427590370178223,2.717418909072876
1686,89600.0,-5.061999797821045,23.20000076293945,43.08300018310547,89600.0,-0.5714644193649292,0.5198463201522827,-0.1832595765590668,89600.0,1000.6300048828124,89600.0,-0.01196908950805664,3.072709560394287,1.7261919975280762,89600.0,-1.3820548057556152,-9.67112922668457,0.8541588783264159,89600.0,-0.011372458189725876,-8.724471092224121,1.3563152551651
1687,89700.0,-6.005000114440918,20.979999542236328,43.08300018310547,89700.0,-0.5714644193649292,0.5198463201522827,-0.1832595765590668,89700.0,1000.6300048828124,89700.0,-0.01196908950805664,3.072709560394287,1.7261919975280762,89700.0,-1.3820548057556152,-9.67112922668457,0.8541588783264159,89700.0,-0.011372458189725876,-8.724471092224121,1.3563152551651
1688,89800.0,-8.173999786376951,19.226999282836914,42.7239990234375,89800.0,-0.4050036668777466,0.4813618063926697,-0.6985244154930115,89800.0,1000.6500244140624,89800.0,0.4534028172492981,2.536433696746826,1.5659688711166382,89800.0,-0.3384811282157898,-9.798645973205566,0.20574036240577687,89800.0,-1.394023895263672,-6.598419666290282,2.5803508758544917
1689,89900.0,-9.98799991607666,14.48799991607666,44.27099990844727,89900.0,-0.4050036668777466,0.4813618063926697,-0.6985244154930115,89900.0,1000.6500244140624,89900.0,0.4534028172492981,2.536433696746826,1.5659688711166382,89900.0,-0.3384811282157898,-9.798645973205566,0.20574036240577687,89900.0,-1.394023895263672,-6.598419666290282,2.5803508758544917
1690,89500.0,-7.822999954223633,22.270000457763672,43.93299865722656,89500.0,0.5510004758834839,2.8124237060546875,1.4034628868103027,89500.0,1000.6199951171876,89500.0,1.3826982975006104,0.8064136505126953,-0.4846686124801636,89500.0,-1.394070744514465,-9.530884742736816,1.8409838676452643,89500.0,3.4380736351013184,-8.427590370178223,2.717418909072876
1691,89600.0,-5.061999797821045,23.20000076293945,43.08300018310547,89600.0,-0.5714644193649292,0.5198463201522827,-0.1832595765590668,89600.0,1000.6300048828124,89600.0,-0.01196908950805664,3.072709560394287,1.7261919975280762,89600.0,-1.3820548057556152,-9.67112922668457,0.8541588783264159,89600.0,-0.011372458189725876,-8.724471092224121,1.3563152551651
1692,89700.0,-6.005000114440918,20.979999542236328,43.08300018310547,89700.0,-0.5714644193649292,0.5198463201522827,-0.1832595765590668,89700.0,1000.6300048828124,89700.0,-0.01196908950805664,3.072709560394287,1.7261919975280762,89700.0,-1.3820548057556152,-9.67112922668457,0.8541588783264159,89700.0,-0.011372458189725876,-8.724471092224121,1.3563152551651
1693,89800.0,-8.173999786376951,19.226999282836914,42.7239990234375,89800.0,-0.4050036668777466,0.4813618063926697,-0.6985244154930115,89800.0,1000.6500244140624,89800.0,0.4534028172492981,2.536433696746826,1.5659688711166382,89800.0,-0.3384811282157898,-9.798645973205566,0.20574036240577687,89800.0,-1.394023895263672,-6.598419666290282,2.5803508758544917
1694,89900.0,-9.98799991607666,14.48799991607666,44.27099990844727,89900.0,-0.4050036668777466,0.4813618063926697,-0.6985244154930115,89900.0,1000.6500244140624,89900.0,0.4534028172492981,2.536433696746826,1.5659688711166382,89900.0,-0.3384811282157898,-9.798645973205566,0.20574036240577687,89900.0,-1.394023895263672,-6.598419666290282,2.5803508758544917
1695,90000.0,-9.98799991607666,12.555999755859375,45.63100051879883,90000.0,-0.3237585723400116,-0.007941247895359993,-1.217149019241333,90000.0,1000.6699829101564,90000.0,1.893659234046936,0.13437938690185547,-0.4598044455051422,90000.0,1.7658780813217163,-9.642951011657717,-0.2560618817806244,90000.0,0.1149216815829277,-7.26221227645874,1.7717092037200928
1696,90100.0,-9.598999977111816,11.08199977874756,46.73699951171875,90100.0,0.03726277872920036,-0.4346306324005127,-0.25992316007614136,90100.0,1000.6400146484376,90100.0,-0.2619335651397705,0.8910026550292969,-1.3315975666046145,90100.0,2.0228688716888428,-9.592129707336426,-0.26353931427001953,90100.0,3.659537315368652,-9.50857162475586,-0.7158663272857666
1697,90200.0,-9.598999977111816,11.038999557495117,46.73699951171875,90200.0,0.03726277872920036,-0.4346306324005127,-0.25992316007614136,90200.0,1000.6400146484376,90200.0,-0.2619335651397705,0.8910026550292969,-1.3315975666046145,90200.0,2.0228688716888428,-9.592129707336426,-0.26353931427001953,90200.0,3.659537315368652,-9.50857162475586,-0.7158663272857666
1698,90300.0,-5.901999950408936,10.720000267028807,47.11600112915039,90300.0,-0.3549126982688904,-0.8927795290946959,0.025961773470044136,90300.0,1000.6599731445312,90300.0,1.3693411350250244,0.916224479675293,0.4526700973510742,90300.0,1.737135648727417,-9.59041690826416,-1.0847393274307249,90300.0,1.7609353065490725,-8.701127052307129,-1.5951368808746338
1699,90400.0,-4.913000106811523,9.979000091552734,47.42699813842773,90400.0,-0.3549126982688904,-0.8927795290946959,0.025961773470044136,90400.0,1000.6599731445312,90400.0,1.3693411350250244,0.916224479675293,0.4526700973510742,90400.0,1.737135648727417,-9.59041690826416,-1.0847393274307249,90400.0,1.7609353065490725,-8.701127052307129,-1.5951368808746338
1700,90000.0,-9.98799991607666,12.555999755859375,45.63100051879883,90000.0,-0.3237585723400116,-0.007941247895359993,-1.217149019241333,90000.0,1000.6699829101564,90000.0,1.893659234046936,0.13437938690185547,-0.4598044455051422,90000.0,1.7658780813217163,-9.642951011657717,-0.2560618817806244,90000.0,0.1149216815829277,-7.26221227645874,1.7717092037200928
1701,90100.0,-9.598999977111816,11.08199977874756,46.73699951171875,90100.0,0.03726277872920036,-0.4346306324005127,-0.25992316007614136,90100.0,1000.6400146484376,90100.0,-0.2619335651397705,0.8910026550292969,-1.3315975666046145,90100.0,2.0228688716888428,-9.592129707336426,-0.26353931427001953,90100.0,3.659537315368652,-9.50857162475586,-0.7158663272857666
1702,90200.0,-9.598999977111816,11.038999557495117,46.73699951171875,90200.0,0.03726277872920036,-0.4346306324005127,-0.25992316007614136,90200.0,1000.6400146484376,90200.0,-0.2619335651397705,0.8910026550292969,-1.3315975666046145,90200.0,2.0228688716888428,-9.592129707336426,-0.26353931427001953,90200.0,3.659537315368652,-9.50857162475586,-0.7158663272857666
1703,90300.0,-5.901999950408936,10.720000267028807,47.11600112915039,90300.0,-0.3549126982688904,-0.8927795290946959,0.025961773470044136,90300.0,1000.6599731445312,90300.0,1.3693411350250244,0.916224479675293,0.4526700973510742,90300.0,1.737135648727417,-9.59041690826416,-1.0847393274307249,90300.0,1.7609353065490725,-8.701127052307129,-1.5951368808746338
1704,90400.0,-4.913000106811523,9.979000091552734,47.42699813842773,90400.0,-0.3549126982688904,-0.8927795290946959,0.025961773470044136,90400.0,1000.6599731445312,90400.0,1.3693411350250244,0.916224479675293,0.4526700973510742,90400.0,1.737135648727417,-9.59041690826416,-1.0847393274307249,90400.0,1.7609353065490725,-8.701127052307129,-1.5951368808746338
1705,90500.0,-4.913000106811523,9.215999603271484,47.72900009155274,90500.0,-0.04245513305068016,0.1621847152709961,-0.27458393573760986,90500.0,1000.5700073242188,90500.0,0.8739879131317139,-1.1624813079833984,0.2833948135375977,90500.0,2.1091873645782457,-9.526432037353516,-0.9842973351478576,90500.0,3.1064767837524414,-8.674192428588867,-0.6320692300796509
1706,90600.0,-4.913000106811523,8.456999778747559,47.72900009155274,90600.0,-0.04245513305068016,0.1621847152709961,-0.27458393573760986,90600.0,1000.5700073242188,90600.0,0.8739879131317139,-1.1624813079833984,0.2833948135375977,90600.0,2.1091873645782457,-9.526432037353516,-0.9842973351478576,90600.0,3.1064767837524414,-8.674192428588867,-0.6320692300796509
1707,90700.0,-4.570000171661377,8.456999778747559,47.72900009155274,90700.0,0.7568620443344116,-0.15760323405265808,-0.0003054326225537807,90700.0,1000.6699829101564,90700.0,1.5152089595794678,0.4935598373413086,-0.19461914896965027,90700.0,1.985113859176636,-9.596314430236816,0.3747828304767609,90700.0,2.9831752777099614,-10.688913345336914,-0.70090252161026
1708,90800.0,-4.2189998626708975,12.831000328063965,47.72900009155274,90800.0,0.7568620443344116,-0.15760323405265808,-0.0003054326225537807,90800.0,1000.6699829101564,90800.0,1.5152089595794678,0.4935598373413086,-0.19461914896965027,90800.0,1.985113859176636,-9.596314430236816,0.3747828304767609,90800.0,2.9831752777099614,-10.688913345336914,-0.70090252161026
1709,90900.0,-3.865999937057495,17.25,47.07699966430664,90900.0,1.081536889076233,0.1316414624452591,0.6890559792518616,90900.0,1000.6900024414064,90900.0,1.2016167640686035,0.4755783081054688,-3.2470717430114746,90900.0,0.5814650058746338,-9.49872589111328,2.3678011894226074,90900.0,3.5003228187561035,-9.102754592895508,0.1801636815071106
1710,90500.0,-4.913000106811523,9.215999603271484,47.72900009155274,90500.0,-0.04245513305068016,0.1621847152709961,-0.27458393573760986,90500.0,1000.5700073242188,90500.0,0.8739879131317139,-1.1624813079833984,0.2833948135375977,90500.0,2.1091873645782457,-9.526432037353516,-0.9842973351478576,90500.0,3.1064767837524414,-8.674192428588867,-0.6320692300796509
1711,90600.0,-4.913000106811523,8.456999778747559,47.72900009155274,90600.0,-0.04245513305068016,0.1621847152709961,-0.27458393573760986,90600.0,1000.5700073242188,90600.0,0.8739879131317139,-1.1624813079833984,0.2833948135375977,90600.0,2.1091873645782457,-9.526432037353516,-0.9842973351478576,90600.0,3.1064767837524414,-8.674192428588867,-0.6320692300796509
1712,90700.0,-4.570000171661377,8.456999778747559,47.72900009155274,90700.0,0.7568620443344116,-0.15760323405265808,-0.0003054326225537807,90700.0,1000.6699829101564,90700.0,1.5152089595794678,0.4935598373413086,-0.19461914896965027,90700.0,1.985113859176636,-9.596314430236816,0.3747828304767609,90700.0,2.9831752777099614,-10.688913345336914,-0.70090252161026
1713,90800.0,-4.2189998626708975,12.831000328063965,47.72900009155274,90800.0,0.7568620443344116,-0.15760323405265808,-0.0003054326225537807,90800.0,1000.6699829101564,90800.0,1.5152089595794678,0.4935598373413086,-0.19461914896965027,90800.0,1.985113859176636,-9.596314430236816,0.3747828304767609,90800.0,2.9831752777099614,-10.688913345336914,-0.70090252161026
1714,90900.0,-3.865999937057495,17.25,47.07699966430664,90900.0,1.081536889076233,0.1316414624452591,0.6890559792518616,90900.0,1000.6900024414064,90900.0,1.2016167640686035,0.4755783081054688,-3.2470717430114746,90900.0,0.5814650058746338,-9.49872589111328,2.3678011894226074,90900.0,3.5003228187561035,-9.102754592895508,0.1801636815071106
1715,91000.0,0.6420000195503235,18.48600006103516,44.9640007019043,91000.0,0.3839288055896759,-0.8692612648010254,1.4230105876922607,91000.0,1000.5599975585938,91000.0,2.3952572345733643,-0.10926151275634766,-0.9275684356689452,91000.0,-1.5219721794128418,-9.147320747375488,3.190687656402588,91000.0,1.7830817699432373,-9.023147583007812,-0.8792705535888672
1716,91100.0,7.696000099182129,18.371000289916992,43.88399887084961,91100.0,0.3839288055896759,-0.8692612648010254,1.4230105876922607,91100.0,1000.5599975585938,91100.0,2.3952572345733643,-0.10926151275634766,-0.9275684356689452,91100.0,-1.5219721794128418,-9.147320747375488,3.190687656402588,91100.0,1.7830817699432373,-9.023147583007812,-0.8792705535888672
1717,91200.0,11.869000434875488,18.16200065612793,43.5620002746582,91200.0,0.2938261926174164,0.12767083942890167,0.4163046777248383,91200.0,1000.5700073242188,91200.0,2.194043636322021,2.5539679527282715,-1.6082413196563718,91200.0,-2.3933608531951904,-8.753154754638674,3.7181315422058105,91200.0,0.8732850551605225,-9.256582260131836,2.2631192207336426
1718,91300.0,15.295999526977539,18.479000091552734,41.13399887084961,91300.0,0.2938261926174164,0.12767083942890167,0.4163046777248383,91300.0,1000.5700073242188,91300.0,2.194043636322021,2.5539679527282715,-1.6082413196563718,91300.0,-2.3933608531951904,-8.753154754638674,3.7181315422058105,91300.0,0.8732850551605225,-9.256582260131836,2.2631192207336426
1719,91400.0,16.937000274658207,17.625,40.50899887084961,91400.0,-1.0989465713500977,-0.16829337179660794,-0.7828238010406494,91400.0,1000.6500244140624,91400.0,0.5937061905860901,-3.1742095947265625,-0.4463050365447998,91400.0,-1.0168813467025757,-9.560548782348633,1.9319071769714355,91400.0,-0.1993172913789749,-6.1991868019104,2.1098902225494385
1720,91000.0,0.6420000195503235,18.48600006103516,44.9640007019043,91000.0,0.3839288055896759,-0.8692612648010254,1.4230105876922607,91000.0,1000.5599975585938,91000.0,2.3952572345733643,-0.10926151275634766,-0.9275684356689452,91000.0,-1.5219721794128418,-9.147320747375488,3.190687656402588,91000.0,1.7830817699432373,-9.023147583007812,-0.8792705535888672
1721,91100.0,7.696000099182129,18.371000289916992,43.88399887084961,91100.0,0.3839288055896759,-0.8692612648010254,1.4230105876922607,91100.0,1000.5599975585938,91100.0,2.3952572345733643,-0.10926151275634766,-0.9275684356689452,91100.0,-1.5219721794128418,-9.147320747375488,3.190687656402588,91100.0,1.7830817699432373,-9.023147583007812,-0.8792705535888672
1722,91200.0,11.869000434875488,18.16200065612793,43.5620002746582,91200.0,0.2938261926174164,0.12767083942890167,0.4163046777248383,91200.0,1000.5700073242188,91200.0,2.194043636322021,2.5539679527282715,-1.6082413196563718,91200.0,-2.3933608531951904,-8.753154754638674,3.7181315422058105,91200.0,0.8732850551605225,-9.256582260131836,2.2631192207336426
1723,91300.0,15.295999526977539,18.479000091552734,41.13399887084961,91300.0,0.2938261926174164,0.12767083942890167,0.4163046777248383,91300.0,1000.5700073242188,91300.0,2.194043636322021,2.5539679527282715,-1.6082413196563718,91300.0,-2.3933608531951904,-8.753154754638674,3.7181315422058105,91300.0,0.8732850551605225,-9.256582260131836,2.2631192207336426
1724,91400.0,16.937000274658207,17.625,40.50899887084961,91400.0,-1.0989465713500977,-0.16829337179660794,-0.7828238010406494,91400.0,1000.6500244140624,91400.0,0.5937061905860901,-3.1742095947265625,-0.4463050365447998,91400.0,-1.0168813467025757,-9.560548782348633,1.9319071769714355,91400.0,-0.1993172913789749,-6.1991868019104,2.1098902225494385
1725,91500.0,14.84000015258789,14.8100004196167,40.50899887084961,91500.0,-1.0989465713500977,-0.16829337179660794,-0.7828238010406494,91500.0,1000.6500244140624,91500.0,0.5937061905860901,-3.1742095947265625,-0.4463050365447998,91500.0,-1.0168813467025757,-9.560548782348633,1.9319071769714355,91500.0,-0.1993172913789749,-6.1991868019104,2.1098902225494385
1726,91600.0,15.595999717712402,12.982000350952148,40.50899887084961,91600.0,-0.6939429044723511,0.683863639831543,-1.1368201971054075,91600.0,1000.6599731445312,91600.0,1.801724195480347,-1.103799819946289,-2.402331113815308,91600.0,0.8169338703155518,-9.746722221374512,0.7102290391921997,91600.0,-0.4231751561164856,-12.734758377075195,1.4856021404266355
1727,91700.0,15.595999717712402,12.204999923706055,40.93299865722656,91700.0,-0.6939429044723511,0.683863639831543,-1.1368201971054075,91700.0,1000.6599731445312,91700.0,1.801724195480347,-1.103799819946289,-2.402331113815308,91700.0,0.8169338703155518,-9.746722221374512,0.7102290391921997,91700.0,-0.4231751561164856,-12.734758377075195,1.4856021404266355
1728,91800.0,15.595999717712402,12.204999923706055,41.27299880981445,91800.0,-0.1609629988670349,-0.5467243790626526,-0.4932736754417419,91800.0,1000.5900268554688,91800.0,0.5977543592453003,2.2354063987731934,-1.345608830451965,91800.0,1.612093806266785,-9.665811538696287,0.3789498507976532,91800.0,2.6186580657958984,-10.8505220413208,-1.6921020746231081
1729,91900.0,16.003000259399414,11.80500030517578,41.63600158691406,91900.0,-0.25503623485565186,-0.206777885556221,-0.06200282275676727,91900.0,1000.6199951171876,91900.0,1.1484462022781372,0.524226188659668,-0.9736971259117126,91900.0,1.6150611639022827,-9.672471046447754,-0.07256904989480972,91900.0,2.209848165512085,-7.430405139923098,-0.9666589498519896
1730,91500.0,14.84000015258789,14.8100004196167,40.50899887084961,91500.0,-1.0989465713500977,-0.16829337179660794,-0.7828238010406494,91500.0,1000.6500244140624,91500.0,0.5937061905860901,-3.1742095947265625,-0.4463050365447998,91500.0,-1.0168813467025757,-9.560548782348633,1.9319071769714355,91500.0,-0.1993172913789749,-6.1991868019104,2.1098902225494385
1731,91600.0,15.595999717712402,12.982000350952148,40.50899887084961,91600.0,-0.6939429044723511,0.683863639831543,-1.1368201971054075,91600.0,1000.6599731445312,91600.0,1.801724195480347,-1.103799819946289,-2.402331113815308,91600.0,0.8169338703155518,-9.746722221374512,0.7102290391921997,91600.0,-0.4231751561164856,-12.734758377075195,1.4856021404266355
1732,91700.0,15.595999717712402,12.204999923706055,40.93299865722656,91700.0,-0.6939429044723511,0.683863639831543,-1.1368201971054075,91700.0,1000.6599731445312,91700.0,1.801724195480347,-1.103799819946289,-2.402331113815308,91700.0,0.8169338703155518,-9.746722221374512,0.7102290391921997,91700.0,-0.4231751561164856,-12.734758377075195,1.4856021404266355
1733,91800.0,15.595999717712402,12.204999923706055,41.27299880981445,91800.0,-0.1609629988670349,-0.5467243790626526,-0.4932736754417419,91800.0,1000.5900268554688,91800.0,0.5977543592453003,2.2354063987731934,-1.345608830451965,91800.0,1.612093806266785,-9.665811538696287,0.3789498507976532,91800.0,2.6186580657958984,-10.8505220413208,-1.6921020746231081
1734,91900.0,16.003000259399414,11.80500030517578,41.63600158691406,91900.0,-0.25503623485565186,-0.206777885556221,-0.06200282275676727,91900.0,1000.6199951171876,91900.0,1.1484462022781372,0.524226188659668,-0.9736971259117126,91900.0,1.6150611639022827,-9.672471046447754,-0.07256904989480972,91900.0,2.209848165512085,-7.430405139923098,-0.9666589498519896
1735,92000.0,18.121999740600586,11.80500030517578,40.8759994506836,92000.0,-0.25503623485565186,-0.206777885556221,-0.06200282275676727,92000.0,1000.6199951171876,92000.0,1.1484462022781372,0.524226188659668,-0.9736971259117126,92000.0,1.6150611639022827,-9.672471046447754,-0.07256904989480972,92000.0,2.209848165512085,-7.430405139923098,-0.9666589498519896
1736,92100.0,18.121999740600586,11.80500030517578,40.17599868774414,92100.0,-0.03940080851316452,0.054367005825042725,-0.4019493460655213,92100.0,1000.6599731445312,92100.0,0.3707776069641113,-0.24933624267578125,-0.9279190301895142,92100.0,2.194010972976685,-9.557912826538086,-0.054900780320167535,92100.0,2.76350736618042,-9.148244857788086,-1.0462661981582642
1737,92200.0,18.898000717163086,11.470999717712402,39.86600112915039,92200.0,-0.03940080851316452,0.054367005825042725,-0.4019493460655213,92200.0,1000.6599731445312,92200.0,0.3707776069641113,-0.24933624267578125,-0.9279190301895142,92200.0,2.194010972976685,-9.557912826538086,-0.054900780320167535,92200.0,2.76350736618042,-9.148244857788086,-1.0462661981582642
1738,92300.0,19.19799995422364,11.470999717712402,39.54999923706055,92300.0,0.2770273983478546,0.08704829961061478,-0.2590068578720093,92300.0,1000.5800170898438,92300.0,0.5012447834014893,-1.3035669326782229,-0.5258562564849854,92300.0,2.499886989593506,-9.46674919128418,0.5491997003555298,92300.0,2.564788579940796,-9.807249069213867,-0.9828197956085204
1739,92400.0,19.19799995422364,11.170000076293944,39.54999923706055,92400.0,0.2770273983478546,0.08704829961061478,-0.2590068578720093,92400.0,1000.5800170898438,92400.0,0.5012447834014893,-1.3035669326782229,-0.5258562564849854,92400.0,2.499886989593506,-9.46674919128418,0.5491997003555298,92400.0,2.564788579940796,-9.807249069213867,-0.9828197956085204
1740,92000.0,18.121999740600586,11.80500030517578,40.8759994506836,92000.0,-0.25503623485565186,-0.206777885556221,-0.06200282275676727,92000.0,1000.6199951171876,92000.0,1.1484462022781372,0.524226188659668,-0.9736971259117126,92000.0,1.6150611639022827,-9.672471046447754,-0.07256904989480972,92000.0,2.209848165512085,-7.430405139923098,-0.9666589498519896
1741,92100.0,18.121999740600586,11.80500030517578,40.17599868774414,92100.0,-0.03940080851316452,0.054367005825042725,-0.4019493460655213,92100.0,1000.6599731445312,92100.0,0.3707776069641113,-0.24933624267578125,-0.9279190301895142,92100.0,2.194010972976685,-9.557912826538086,-0.054900780320167535,92100.0,2.76350736618042,-9.148244857788086,-1.0462661981582642
1742,92200.0,18.898000717163086,11.470999717712402,39.86600112915039,92200.0,-0.03940080851316452,0.054367005825042725,-0.4019493460655213,92200.0,1000.6599731445312,92200.0,0.3707776069641113,-0.24933624267578125,-0.9279190301895142,92200.0,2.194010972976685,-9.557912826538086,-0.054900780320167535,92200.0,2.76350736618042,-9.148244857788086,-1.0462661981582642
1743,92300.0,19.19799995422364,11.470999717712402,39.54999923706055,92300.0,0.2770273983478546,0.08704829961061478,-0.2590068578720093,92300.0,1000.5800170898438,92300.0,0.5012447834014893,-1.3035669326782229,-0.5258562564849854,92300.0,2.499886989593506,-9.46674919128418,0.5491997003555298,92300.0,2.564788579940796,-9.807249069213867,-0.9828197956085204
1744,92400.0,19.19799995422364,11.170000076293944,39.54999923706055,92400.0,0.2770273983478546,0.08704829961061478,-0.2590068578720093,92400.0,1000.5800170898438,92400.0,0.5012447834014893,-1.3035669326782229,-0.5258562564849854,92400.0,2.499886989593506,-9.46674919128418,0.5491997003555298,92400.0,2.564788579940796,-9.807249069213867,-0.9828197956085204
1745,92500.0,18.86899948120117,11.82699966430664,39.90399932861328,92500.0,1.2092077732086182,0.3203988075256348,0.6386595964431763,92500.0,1000.6500244140624,92500.0,0.8830268383026123,0.025595664978027344,-2.8902740478515625,92500.0,1.1532416343688965,-9.330660820007324,2.789119005203247,92500.0,3.001131772994995,-10.770316123962402,0.023343466222286224
1746,92600.0,18.551000595092773,14.11400032043457,40.2130012512207,92600.0,1.2092077732086182,0.3203988075256348,0.6386595964431763,92600.0,1000.6500244140624,92600.0,0.8830268383026123,0.025595664978027344,-2.8902740478515625,92600.0,1.1532416343688965,-9.330660820007324,2.789119005203247,92600.0,3.001131772994995,-10.770316123962402,0.023343466222286224
1747,92700.0,18.551000595092773,13.19200038909912,40.91600036621094,92700.0,0.6270532011985779,1.6032158136367798,1.472796082496643,92700.0,1000.530029296875,92700.0,4.4771156311035165,-0.3153619766235352,-1.9394418001174931,92700.0,-2.262479305267334,-8.786794662475586,3.7207279205322266,92700.0,2.0362684726715092,-9.305065155029297,-0.10115502029657364
1748,92800.0,20.39900016784668,10.13599967956543,43.928001403808594,92800.0,0.7052439451217651,0.5229006409645081,0.7376197576522827,92800.0,1000.4400024414064,92800.0,3.8487868309021,1.2758288383483891,-2.4905216693878174,92800.0,-3.8332245349884033,-7.780276298522949,4.576469898223877,92800.0,2.2146365642547607,-9.10215663909912,1.781286120414734
1749,92900.0,22.76300048828125,8.423999786376951,44.26100158691406,92900.0,0.7052439451217651,0.5229006409645081,0.7376197576522827,92900.0,1000.4400024414064,92900.0,3.8487868309021,1.2758288383483891,-2.4905216693878174,92900.0,-3.8332245349884033,-7.780276298522949,4.576469898223877,92900.0,2.2146365642547607,-9.10215663909912,1.781286120414734
1750,92500.0,18.86899948120117,11.82699966430664,39.90399932861328,92500.0,1.2092077732086182,0.3203988075256348,0.6386595964431763,92500.0,1000.6500244140624,92500.0,0.8830268383026123,0.025595664978027344,-2.8902740478515625,92500.0,1.1532416343688965,-9.330660820007324,2.789119005203247,92500.0,3.001131772994995,-10.770316123962402,0.023343466222286224
1751,92600.0,18.551000595092773,14.11400032043457,40.2130012512207,92600.0,1.2092077732086182,0.3203988075256348,0.6386595964431763,92600.0,1000.6500244140624,92600.0,0.8830268383026123,0.025595664978027344,-2.8902740478515625,92600.0,1.1532416343688965,-9.330660820007324,2.789119005203247,92600.0,3.001131772994995,-10.770316123962402,0.023343466222286224
1752,92700.0,18.551000595092773,13.19200038909912,40.91600036621094,92700.0,0.6270532011985779,1.6032158136367798,1.472796082496643,92700.0,1000.530029296875,92700.0,4.4771156311035165,-0.3153619766235352,-1.9394418001174931,92700.0,-2.262479305267334,-8.786794662475586,3.7207279205322266,92700.0,2.0362684726715092,-9.305065155029297,-0.10115502029657364
1753,92800.0,20.39900016784668,10.13599967956543,43.928001403808594,92800.0,0.7052439451217651,0.5229006409645081,0.7376197576522827,92800.0,1000.4400024414064,92800.0,3.8487868309021,1.2758288383483891,-2.4905216693878174,92800.0,-3.8332245349884033,-7.780276298522949,4.576469898223877,92800.0,2.2146365642547607,-9.10215663909912,1.781286120414734
1754,92900.0,22.76300048828125,8.423999786376951,44.26100158691406,92900.0,0.7052439451217651,0.5229006409645081,0.7376197576522827,92900.0,1000.4400024414064,92900.0,3.8487868309021,1.2758288383483891,-2.4905216693878174,92900.0,-3.8332245349884033,-7.780276298522949,4.576469898223877,92900.0,2.2146365642547607,-9.10215663909912,1.781286120414734
1755,93000.0,23.99900054931641,7.110000133514402,44.26100158691406,93000.0,-0.8503243923187256,0.002748893573880196,-0.8936958312988281,93000.0,1000.5499877929688,93000.0,-0.7890126705169678,-0.593623161315918,2.1711888313293457,93000.0,-2.5604755878448486,-8.832947731018066,3.404906749725342,93000.0,0.015562310814857485,-6.5044474601745605,2.08594822883606
1756,93100.0,25.17700004577637,4.385000228881837,44.71699905395508,93100.0,-0.8503243923187256,0.002748893573880196,-0.8936958312988281,93100.0,1000.5499877929688,93100.0,-0.7890126705169678,-0.593623161315918,2.1711888313293457,93100.0,-2.5604755878448486,-8.832947731018066,3.404906749725342,93100.0,0.015562310814857485,-6.5044474601745605,2.08594822883606
1757,93200.0,25.68199920654297,-0.1080000028014183,45.07099914550781,93200.0,-0.845132052898407,-0.057726766914129264,-1.0293079614639282,93200.0,1000.5599975585938,93200.0,3.0386886596679688,-0.4734601974487305,-0.8897316455841064,93200.0,-0.7294812798500061,-9.561237335205078,2.0545108318328857,93200.0,-3.3494882583618164,-9.426570892333984,5.576095581054688
1758,93300.0,30.22599983215332,-2.3970000743865967,44.77199935913086,93300.0,-0.845132052898407,-0.057726766914129264,-1.0293079614639282,93300.0,1000.5599975585938,93300.0,3.0386886596679688,-0.4734601974487305,-0.8897316455841064,93300.0,-0.7294812798500061,-9.561237335205078,2.0545108318328857,93300.0,-3.3494882583618164,-9.426570892333984,5.576095581054688
1759,93400.0,31.93600082397461,-0.5109999775886536,44.20899963378906,93400.0,0.1982257664203644,-0.6774495840072632,-0.9450085163116456,93400.0,1000.6199951171876,93400.0,-0.4440978169441223,-0.2224168777465821,-2.4718377590179443,93400.0,1.1138757467269895,-9.443573951721193,2.3976175785064697,93400.0,2.3092074394226074,-10.034697532653807,1.1647791862487793
1760,93000.0,23.99900054931641,7.110000133514402,44.26100158691406,93000.0,-0.8503243923187256,0.002748893573880196,-0.8936958312988281,93000.0,1000.5499877929688,93000.0,-0.7890126705169678,-0.593623161315918,2.1711888313293457,93000.0,-2.5604755878448486,-8.832947731018066,3.404906749725342,93000.0,0.015562310814857485,-6.5044474601745605,2.08594822883606
1761,93100.0,25.17700004577637,4.385000228881837,44.71699905395508,93100.0,-0.8503243923187256,0.002748893573880196,-0.8936958312988281,93100.0,1000.5499877929688,93100.0,-0.7890126705169678,-0.593623161315918,2.1711888313293457,93100.0,-2.5604755878448486,-8.832947731018066,3.404906749725342,93100.0,0.015562310814857485,-6.5044474601745605,2.08594822883606
1762,93200.0,25.68199920654297,-0.1080000028014183,45.07099914550781,93200.0,-0.845132052898407,-0.057726766914129264,-1.0293079614639282,93200.0,1000.5599975585938,93200.0,3.0386886596679688,-0.4734601974487305,-0.8897316455841064,93200.0,-0.7294812798500061,-9.561237335205078,2.0545108318328857,93200.0,-3.3494882583618164,-9.426570892333984,5.576095581054688
1763,93300.0,30.22599983215332,-2.3970000743865967,44.77199935913086,93300.0,-0.845132052898407,-0.057726766914129264,-1.0293079614639282,93300.0,1000.5599975585938,93300.0,3.0386886596679688,-0.4734601974487305,-0.8897316455841064,93300.0,-0.7294812798500061,-9.561237335205078,2.0545108318328857,93300.0,-3.3494882583618164,-9.426570892333984,5.576095581054688
1764,93400.0,31.93600082397461,-0.5109999775886536,44.20899963378906,93400.0,0.1982257664203644,-0.6774495840072632,-0.9450085163116456,93400.0,1000.6199951171876,93400.0,-0.4440978169441223,-0.2224168777465821,-2.4718377590179443,93400.0,1.1138757467269895,-9.443573951721193,2.3976175785064697,93400.0,2.3092074394226074,-10.034697532653807,1.1647791862487793
1765,93500.0,34.498001098632805,0.5149999856948853,40.104000091552734,93500.0,0.1982257664203644,-0.6774495840072632,-0.9450085163116456,93500.0,1000.6199951171876,93500.0,-0.4440978169441223,-0.2224168777465821,-2.4718377590179443,93500.0,1.1138757467269895,-9.443573951721193,2.3976175785064697,93500.0,2.3092074394226074,-10.034697532653807,1.1647791862487793
1766,93600.0,36.25600051879883,0.5149999856948853,38.98699951171875,93600.0,-0.3032945990562439,-0.9468411207199096,-0.3307835161685944,93600.0,1000.52001953125,93600.0,-0.5717991590499878,0.2927207946777344,-2.2365646362304688,93600.0,1.9083622694015503,-9.481666564941406,1.620656132698059,93600.0,0.6697779297828674,-9.665990829467773,-0.07422025501728058
1767,93700.0,39.09299850463867,0.5149999856948853,34.94499969482422,93700.0,-0.4474588036537169,-0.7470881938934326,-0.4331034719944,93700.0,1000.5499877929688,93700.0,-0.8851306438446045,-0.19519901275634768,-0.930611789226532,93700.0,2.660431146621704,-9.421710968017578,0.5690873265266418,93700.0,1.3365631103515625,-9.188945770263672,-0.6159083843231201
1768,93800.0,38.749000549316406,0.5149999856948853,34.94499969482422,93800.0,-0.4474588036537169,-0.7470881938934326,-0.4331034719944,93800.0,1000.5499877929688,93800.0,-0.8851306438446045,-0.19519901275634768,-0.930611789226532,93800.0,2.660431146621704,-9.421710968017578,0.5690873265266418,93800.0,1.3365631103515625,-9.188945770263672,-0.6159083843231201
1769,93900.0,38.749000549316406,0.5149999856948853,34.94499969482422,93900.0,0.02871066704392433,0.03878994286060333,-0.16432274878025055,93900.0,1000.5700073242188,93900.0,0.03575611114501953,-1.444192886352539,-1.9381630420684808,93900.0,2.8151395320892334,-9.372810363769533,0.6291332244873047,93900.0,1.7753005027770996,-9.616909980773926,-0.3615244626998901
1770,93500.0,34.498001098632805,0.5149999856948853,40.104000091552734,93500.0,0.1982257664203644,-0.6774495840072632,-0.9450085163116456,93500.0,1000.6199951171876,93500.0,-0.4440978169441223,-0.2224168777465821,-2.4718377590179443,93500.0,1.1138757467269895,-9.443573951721193,2.3976175785064697,93500.0,2.3092074394226074,-10.034697532653807,1.1647791862487793
1771,93600.0,36.25600051879883,0.5149999856948853,38.98699951171875,93600.0,-0.3032945990562439,-0.9468411207199096,-0.3307835161685944,93600.0,1000.52001953125,93600.0,-0.5717991590499878,0.2927207946777344,-2.2365646362304688,93600.0,1.9083622694015503,-9.481666564941406,1.620656132698059,93600.0,0.6697779297828674,-9.665990829467773,-0.07422025501728058
1772,93700.0,39.09299850463867,0.5149999856948853,34.94499969482422,93700.0,-0.4474588036537169,-0.7470881938934326,-0.4331034719944,93700.0,1000.5499877929688,93700.0,-0.8851306438446045,-0.19519901275634768,-0.930611789226532,93700.0,2.660431146621704,-9.421710968017578,0.5690873265266418,93700.0,1.3365631103515625,-9.188945770263672,-0.6159083843231201
1773,93800.0,38.749000549316406,0.5149999856948853,34.94499969482422,93800.0,-0.4474588036537169,-0.7470881938934326,-0.4331034719944,93800.0,1000.5499877929688,93800.0,-0.8851306438446045,-0.19519901275634768,-0.930611789226532,93800.0,2.660431146621704,-9.421710968017578,0.5690873265266418,93800.0,1.3365631103515625,-9.188945770263672,-0.6159083843231201
1774,93900.0,38.749000549316406,0.5149999856948853,34.94499969482422,93900.0,0.02871066704392433,0.03878994286060333,-0.16432274878025055,93900.0,1000.5700073242188,93900.0,0.03575611114501953,-1.444192886352539,-1.9381630420684808,93900.0,2.8151395320892334,-9.372810363769533,0.6291332244873047,93900.0,1.7753005027770996,-9.616909980773926,-0.3615244626998901
1775,94000.0,39.05699920654297,0.2039999961853028,34.94499969482422,94000.0,0.02871066704392433,0.03878994286060333,-0.16432274878025055,94000.0,1000.5700073242188,94000.0,0.03575611114501953,-1.444192886352539,-1.9381630420684808,94000.0,2.8151395320892334,-9.372810363769533,0.6291332244873047,94000.0,1.7753005027770996,-9.616909980773926,-0.3615244626998901
1776,94100.0,39.05699920654297,0.2039999961853028,34.94499969482422,94100.0,0.6685920357704163,0.5940664410591125,-0.14416420459747314,94100.0,1000.6099853515624,94100.0,1.1551308631896973,0.5383462905883789,-1.4980581998825069,94100.0,2.8312149047851562,-9.150888442993164,2.1013970375061035,94100.0,2.850895643234253,-10.81700325012207,-1.3090298175811768
1777,94200.0,38.70500183105469,0.2039999961853028,38.722999572753906,94200.0,0.6685920357704163,0.5940664410591125,-0.14416420459747314,94200.0,1000.6099853515624,94200.0,1.1551308631896973,0.5383462905883789,-1.4980581998825069,94200.0,2.8312149047851562,-9.150888442993164,2.1013970375061035,94200.0,2.850895643234253,-10.81700325012207,-1.3090298175811768
1778,94300.0,37.87200164794922,0.984000027179718,44.257999420166016,94300.0,0.6905831694602966,0.16798794269561768,0.4712825417518616,94300.0,1000.6799926757812,94300.0,0.49857497215271,0.006139755249023438,-1.8782325983047483,94300.0,1.8513340950012207,-9.029287338256836,3.3488709926605225,94300.0,3.9863457679748535,-8.612542152404785,0.6033388376235962
1779,94400.0,33.55199813842773,1.3960000276565552,50.11399841308594,94400.0,0.6905831694602966,0.16798794269561768,0.4712825417518616,94400.0,1000.6799926757812,94400.0,0.49857497215271,0.006139755249023438,-1.8782325983047483,94400.0,1.8513340950012207,-9.029287338256836,3.3488709926605225,94400.0,3.9863457679748535,-8.612542152404785,0.6033388376235962
1780,94000.0,39.05699920654297,0.2039999961853028,34.94499969482422,94000.0,0.02871066704392433,0.03878994286060333,-0.16432274878025055,94000.0,1000.5700073242188,94000.0,0.03575611114501953,-1.444192886352539,-1.9381630420684808,94000.0,2.8151395320892334,-9.372810363769533,0.6291332244873047,94000.0,1.7753005027770996,-9.616909980773926,-0.3615244626998901
1781,94100.0,39.05699920654297,0.2039999961853028,34.94499969482422,94100.0,0.6685920357704163,0.5940664410591125,-0.14416420459747314,94100.0,1000.6099853515624,94100.0,1.1551308631896973,0.5383462905883789,-1.4980581998825069,94100.0,2.8312149047851562,-9.150888442993164,2.1013970375061035,94100.0,2.850895643234253,-10.81700325012207,-1.3090298175811768
1782,94200.0,38.70500183105469,0.2039999961853028,38.722999572753906,94200.0,0.6685920357704163,0.5940664410591125,-0.14416420459747314,94200.0,1000.6099853515624,94200.0,1.1551308631896973,0.5383462905883789,-1.4980581998825069,94200.0,2.8312149047851562,-9.150888442993164,2.1013970375061035,94200.0,2.850895643234253,-10.81700325012207,-1.3090298175811768
1783,94300.0,37.87200164794922,0.984000027179718,44.257999420166016,94300.0,0.6905831694602966,0.16798794269561768,0.4712825417518616,94300.0,1000.6799926757812,94300.0,0.49857497215271,0.006139755249023438,-1.8782325983047483,94300.0,1.8513340950012207,-9.029287338256836,3.3488709926605225,94300.0,3.9863457679748535,-8.612542152404785,0.6033388376235962
1784,94400.0,33.55199813842773,1.3960000276565552,50.11399841308594,94400.0,0.6905831694602966,0.16798794269561768,0.4712825417518616,94400.0,1000.6799926757812,94400.0,0.49857497215271,0.006139755249023438,-1.8782325983047483,94400.0,1.8513340950012207,-9.029287338256836,3.3488709926605225,94400.0,3.9863457679748535,-8.612542152404785,0.6033388376235962
1785,94500.0,31.07699966430664,-1.0650000572204592,54.05500030517578,94500.0,0.4853324294090271,0.2373211532831192,1.3674218654632568,94500.0,1000.5599975585938,94500.0,1.8193244934082031,0.14835357666015625,-1.930999755859375,94500.0,-0.6719033718109131,-8.8273344039917,4.218659400939941,94500.0,2.3499090671539307,-9.023147583007812,1.4706383943557741
1786,94600.0,27.8700008392334,-5.477000236511231,57.8489990234375,94600.0,0.7327328324317932,0.6236934065818787,0.9718865752220154,94600.0,1000.5,94600.0,1.744667410850525,1.6536359786987305,-2.1983809471130367,94600.0,-2.7873423099517822,-7.830077648162843,5.204899787902832,94600.0,1.14742112159729,-8.678980827331543,2.2876596450805664
1787,94700.0,27.8700008392334,-5.9670000076293945,58.946998596191406,94700.0,0.7327328324317932,0.6236934065818787,0.9718865752220154,94700.0,1000.5,94700.0,1.744667410850525,1.6536359786987305,-2.1983809471130367,94700.0,-2.7873423099517822,-7.830077648162843,5.204899787902832,94700.0,1.14742112159729,-8.678980827331543,2.2876596450805664
1788,94800.0,28.17499923706055,-5.9670000076293945,58.59299850463867,94800.0,-0.864679753780365,-0.20799961686134336,-0.17409659922122955,94800.0,1000.4299926757812,94800.0,0.7985950708389282,3.297001838684082,-0.5510854721069336,94800.0,-2.4559812545776367,-8.561252593994139,4.104080677032472,94800.0,-1.042674899101257,-6.176441669464111,3.006518840789795
1789,94900.0,29.718000411987305,-10.177000045776367,57.34199905395508,94900.0,-0.864679753780365,-0.20799961686134336,-0.17409659922122955,94900.0,1000.4299926757812,94900.0,0.7985950708389282,3.297001838684082,-0.5510854721069336,94900.0,-2.4559812545776367,-8.561252593994139,4.104080677032472,94900.0,-1.042674899101257,-6.176441669464111,3.006518840789795
1790,94500.0,31.07699966430664,-1.0650000572204592,54.05500030517578,94500.0,0.4853324294090271,0.2373211532831192,1.3674218654632568,94500.0,1000.5599975585938,94500.0,1.8193244934082031,0.14835357666015625,-1.930999755859375,94500.0,-0.6719033718109131,-8.8273344039917,4.218659400939941,94500.0,2.3499090671539307,-9.023147583007812,1.4706383943557741
1791,94600.0,27.8700008392334,-5.477000236511231,57.8489990234375,94600.0,0.7327328324317932,0.6236934065818787,0.9718865752220154,94600.0,1000.5,94600.0,1.744667410850525,1.6536359786987305,-2.1983809471130367,94600.0,-2.7873423099517822,-7.830077648162843,5.204899787902832,94600.0,1.14742112159729,-8.678980827331543,2.2876596450805664
1792,94700.0,27.8700008392334,-5.9670000076293945,58.946998596191406,94700.0,0.7327328324317932,0.6236934065818787,0.9718865752220154,94700.0,1000.5,94700.0,1.744667410850525,1.6536359786987305,-2.1983809471130367,94700.0,-2.7873423099517822,-7.830077648162843,5.204899787902832,94700.0,1.14742112159729,-8.678980827331543,2.2876596450805664
1793,94800.0,28.17499923706055,-5.9670000076293945,58.59299850463867,94800.0,-0.864679753780365,-0.20799961686134336,-0.17409659922122955,94800.0,1000.4299926757812,94800.0,0.7985950708389282,3.297001838684082,-0.5510854721069336,94800.0,-2.4559812545776367,-8.561252593994139,4.104080677032472,94800.0,-1.042674899101257,-6.176441669464111,3.006518840789795
1794,94900.0,29.718000411987305,-10.177000045776367,57.34199905395508,94900.0,-0.864679753780365,-0.20799961686134336,-0.17409659922122955,94900.0,1000.4299926757812,94900.0,0.7985950708389282,3.297001838684082,-0.5510854721069336,94900.0,-2.4559812545776367,-8.561252593994139,4.104080677032472,94900.0,-1.042674899101257,-6.176441669464111,3.006518840789795
1795,95000.0,32.102001190185554,-17.91900062561035,54.46099853515625,95000.0,-1.436449646949768,-0.43737950921058655,-0.9074403047561646,95000.0,1000.5900268554688,95000.0,0.24154841899871826,-1.3113374710083008,-0.11337172985076906,95000.0,-0.6832786202430725,-9.618791580200195,1.783926010131836,95000.0,-1.6573861837387085,-5.264250755310059,3.552995204925537
1796,95100.0,34.160999298095696,-22.70800018310547,51.20600128173828,95100.0,-1.436449646949768,-0.43737950921058655,-0.9074403047561646,95100.0,1000.5900268554688,95100.0,0.24154841899871826,-1.3113374710083008,-0.11337172985076906,95100.0,-0.6832786202430725,-9.618791580200195,1.783926010131836,95100.0,-1.6573861837387085,-5.264250755310059,3.552995204925537
1797,95200.0,39.75899887084961,-23.03899955749512,46.69900131225586,95200.0,-0.4902193546295166,-0.13011430203914642,-1.4996742010116575,95200.0,1000.530029296875,95200.0,-0.5055394172668457,-4.0768632888793945,-0.6793928742408752,95200.0,1.99353575706482,-9.566494941711426,0.8236435055732727,95200.0,-0.4417302012443543,-10.930129051208496,1.670554280281067
1798,95300.0,46.00899887084961,-19.3129997253418,42.28499984741211,95300.0,-0.4902193546295166,-0.13011430203914642,-1.4996742010116575,95300.0,1000.530029296875,95300.0,-0.5055394172668457,-4.0768632888793945,-0.6793928742408752,95300.0,1.99353575706482,-9.566494941711426,0.8236435055732727,95300.0,-0.4417302012443543,-10.930129051208496,1.670554280281067
1799,95400.0,52.98899841308594,-15.767999649047852,33.958999633789055,95400.0,-0.5717698931694031,-1.1954632997512815,-0.19425514340400696,95400.0,1000.5,95400.0,-0.7692217826843262,0.7226047515869141,0.7310150861740112,95400.0,2.2213051319122314,-9.535062789916992,-0.5646180510520935,95400.0,1.4879963397979736,-13.64335823059082,0.14425064623355865
1800,95000.0,32.102001190185554,-17.91900062561035,54.46099853515625,95000.0,-1.436449646949768,-0.43737950921058655,-0.9074403047561646,95000.0,1000.5900268554688,95000.0,0.24154841899871826,-1.3113374710083008,-0.11337172985076906,95000.0,-0.6832786202430725,-9.618791580200195,1.783926010131836,95000.0,-1.6573861837387085,-5.264250755310059,3.552995204925537
1801,95100.0,34.160999298095696,-22.70800018310547,51.20600128173828,95100.0,-1.436449646949768,-0.43737950921058655,-0.9074403047561646,95100.0,1000.5900268554688,95100.0,0.24154841899871826,-1.3113374710083008,-0.11337172985076906,95100.0,-0.6832786202430725,-9.618791580200195,1.783926010131836,95100.0,-1.6573861837387085,-5.264250755310059,3.552995204925537
1802,95200.0,39.75899887084961,-23.03899955749512,46.69900131225586,95200.0,-0.4902193546295166,-0.13011430203914642,-1.4996742010116575,95200.0,1000.530029296875,95200.0,-0.5055394172668457,-4.0768632888793945,-0.6793928742408752,95200.0,1.99353575706482,-9.566494941711426,0.8236435055732727,95200.0,-0.4417302012443543,-10.930129051208496,1.670554280281067
1803,95300.0,46.00899887084961,-19.3129997253418,42.28499984741211,95300.0,-0.4902193546295166,-0.13011430203914642,-1.4996742010116575,95300.0,1000.530029296875,95300.0,-0.5055394172668457,-4.0768632888793945,-0.6793928742408752,95300.0,1.99353575706482,-9.566494941711426,0.8236435055732727,95300.0,-0.4417302012443543,-10.930129051208496,1.670554280281067
1804,95400.0,52.98899841308594,-15.767999649047852,33.958999633789055,95400.0,-0.5717698931694031,-1.1954632997512815,-0.19425514340400696,95400.0,1000.5,95400.0,-0.7692217826843262,0.7226047515869141,0.7310150861740112,95400.0,2.2213051319122314,-9.535062789916992,-0.5646180510520935,95400.0,1.4879963397979736,-13.64335823059082,0.14425064623355865
1805,95500.0,55.02099990844727,-16.53700065612793,29.091999053955078,95500.0,-0.5516113042831421,-0.5161811113357544,-0.3182607889175415,95500.0,1000.530029296875,95500.0,-0.2197117805480957,0.4833040237426758,0.9475786685943604,95500.0,2.5432844161987305,-9.319704055786133,-1.6867884397506714,95500.0,1.4520833492279053,-8.812458038330078,0.16639702022075653
1806,95600.0,55.84099960327149,-18.00200080871582,26.910999298095703,95600.0,-0.5516113042831421,-0.5161811113357544,-0.3182607889175415,95600.0,1000.530029296875,95600.0,-0.2197117805480957,0.4833040237426758,0.9475786685943604,95600.0,2.5432844161987305,-9.319704055786133,-1.6867884397506714,95600.0,1.4520833492279053,-8.812458038330078,0.16639702022075653
1807,95700.0,56.22800064086914,-17.086000442504886,25.80500030517578,95700.0,-0.14844025671482086,-0.01466076634824276,-0.3433062732219696,95700.0,1000.4500122070312,95700.0,-0.45723080635070795,-1.2220544815063477,1.1623075008392334,95700.0,2.9448063373565674,-9.177759170532227,-1.8075448274612436,95700.0,2.3235726356506348,-8.836400032043457,-0.7392097711563109
1808,95800.0,55.91999816894531,-17.086000442504886,24.94899940490723,95800.0,-0.14844025671482086,-0.01466076634824276,-0.3433062732219696,95800.0,1000.4500122070312,95800.0,-0.45723080635070795,-1.2220544815063477,1.1623075008392334,95800.0,2.9448063373565674,-9.177759170532227,-1.8075448274612436,95800.0,2.3235726356506348,-8.836400032043457,-0.7392097711563109
1809,95900.0,56.25299835205078,-17.80500030517578,25.79800033569336,95900.0,1.3258830308914185,0.13958270847797394,-0.12492194026708606,95900.0,1000.6199951171876,95900.0,-0.4627261161804199,-1.0386743545532229,1.4024875164031982,95900.0,2.9461119174957275,-9.321036338806152,0.7804258465766907,95900.0,2.48757553100586,-10.399813652038574,-0.6452373862266539
1810,95500.0,55.02099990844727,-16.53700065612793,29.091999053955078,95500.0,-0.5516113042831421,-0.5161811113357544,-0.3182607889175415,95500.0,1000.530029296875,95500.0,-0.2197117805480957,0.4833040237426758,0.9475786685943604,95500.0,2.5432844161987305,-9.319704055786133,-1.6867884397506714,95500.0,1.4520833492279053,-8.812458038330078,0.16639702022075653
1811,95600.0,55.84099960327149,-18.00200080871582,26.910999298095703,95600.0,-0.5516113042831421,-0.5161811113357544,-0.3182607889175415,95600.0,1000.530029296875,95600.0,-0.2197117805480957,0.4833040237426758,0.9475786685943604,95600.0,2.5432844161987305,-9.319704055786133,-1.6867884397506714,95600.0,1.4520833492279053,-8.812458038330078,0.16639702022075653
1812,95700.0,56.22800064086914,-17.086000442504886,25.80500030517578,95700.0,-0.14844025671482086,-0.01466076634824276,-0.3433062732219696,95700.0,1000.4500122070312,95700.0,-0.45723080635070795,-1.2220544815063477,1.1623075008392334,95700.0,2.9448063373565674,-9.177759170532227,-1.8075448274612436,95700.0,2.3235726356506348,-8.836400032043457,-0.7392097711563109
1813,95800.0,55.91999816894531,-17.086000442504886,24.94899940490723,95800.0,-0.14844025671482086,-0.01466076634824276,-0.3433062732219696,95800.0,1000.4500122070312,95800.0,-0.45723080635070795,-1.2220544815063477,1.1623075008392334,95800.0,2.9448063373565674,-9.177759170532227,-1.8075448274612436,95800.0,2.3235726356506348,-8.836400032043457,-0.7392097711563109
1814,95900.0,56.25299835205078,-17.80500030517578,25.79800033569336,95900.0,1.3258830308914185,0.13958270847797394,-0.12492194026708606,95900.0,1000.6199951171876,95900.0,-0.4627261161804199,-1.0386743545532229,1.4024875164031982,95900.0,2.9461119174957275,-9.321036338806152,0.7804258465766907,95900.0,2.48757553100586,-10.399813652038574,-0.6452373862266539
1815,96000.0,56.25299835205078,-16.766000747680664,28.447999954223643,96000.0,1.3258830308914185,0.13958270847797394,-0.12492194026708606,96000.0,1000.6199951171876,96000.0,-0.4627261161804199,-1.0386743545532229,1.4024875164031982,96000.0,2.9461119174957275,-9.321036338806152,0.7804258465766907,96000.0,2.48757553100586,-10.399813652038574,-0.6452373862266539
1816,96100.0,51.5009994506836,-16.594999313354492,40.46599960327149,96100.0,0.5907067060470581,-0.4007275998592377,1.1826350688934326,96100.0,1000.5900268554688,96100.0,-1.5879613161087036,-3.9492158889770512,-2.320607185363769,96100.0,0.6715806126594543,-9.628301620483398,1.736421823501587,96100.0,2.483385801315308,-10.359710693359377,2.182913303375244
1817,96200.0,42.31999969482422,-23.80599975585937,46.28400039672852,96200.0,0.5907067060470581,-0.4007275998592377,1.1826350688934326,96200.0,1000.5900268554688,96200.0,-1.5879613161087036,-3.9492158889770512,-2.320607185363769,96200.0,0.6715806126594543,-9.628301620483398,1.736421823501587,96200.0,2.483385801315308,-10.359710693359377,2.182913303375244
1818,96300.0,37.78799819946289,-27.37400054931641,50.57799911499024,96300.0,1.4682146310806274,-0.4175263941287993,2.792876005172729,96300.0,1000.4600219726564,96300.0,5.1975274085998535,2.3765769004821777,-3.0442018508911133,96300.0,-3.6113688945770255,-8.076572418212889,4.230528831481934,96300.0,-0.9163807034492492,-13.57751750946045,-0.5841852426528931
1819,96400.0,37.89500045776367,-28.15699958801269,53.50400161743164,96400.0,-0.8191702961921692,-0.9581421613693236,-0.18478673696517944,96400.0,1000.530029296875,96400.0,-0.9766507148742676,3.534287929534912,1.2593414783477783,96400.0,-2.790027141571045,-8.635134696960451,3.717605352401733,96400.0,1.5861586332321167,-5.699995517730713,1.1863269805908203
1820,96000.0,56.25299835205078,-16.766000747680664,28.447999954223643,96000.0,1.3258830308914185,0.13958270847797394,-0.12492194026708606,96000.0,1000.6199951171876,96000.0,-0.4627261161804199,-1.0386743545532229,1.4024875164031982,96000.0,2.9461119174957275,-9.321036338806152,0.7804258465766907,96000.0,2.48757553100586,-10.399813652038574,-0.6452373862266539
1821,96100.0,51.5009994506836,-16.594999313354492,40.46599960327149,96100.0,0.5907067060470581,-0.4007275998592377,1.1826350688934326,96100.0,1000.5900268554688,96100.0,-1.5879613161087036,-3.9492158889770512,-2.320607185363769,96100.0,0.6715806126594543,-9.628301620483398,1.736421823501587,96100.0,2.483385801315308,-10.359710693359377,2.182913303375244
1822,96200.0,42.31999969482422,-23.80599975585937,46.28400039672852,96200.0,0.5907067060470581,-0.4007275998592377,1.1826350688934326,96200.0,1000.5900268554688,96200.0,-1.5879613161087036,-3.9492158889770512,-2.320607185363769,96200.0,0.6715806126594543,-9.628301620483398,1.736421823501587,96200.0,2.483385801315308,-10.359710693359377,2.182913303375244
1823,96300.0,37.78799819946289,-27.37400054931641,50.57799911499024,96300.0,1.4682146310806274,-0.4175263941287993,2.792876005172729,96300.0,1000.4600219726564,96300.0,5.1975274085998535,2.3765769004821777,-3.0442018508911133,96300.0,-3.6113688945770255,-8.076572418212889,4.230528831481934,96300.0,-0.9163807034492492,-13.57751750946045,-0.5841852426528931
1824,96400.0,37.89500045776367,-28.15699958801269,53.50400161743164,96400.0,-0.8191702961921692,-0.9581421613693236,-0.18478673696517944,96400.0,1000.530029296875,96400.0,-0.9766507148742676,3.534287929534912,1.2593414783477783,96400.0,-2.790027141571045,-8.635134696960451,3.717605352401733,96400.0,1.5861586332321167,-5.699995517730713,1.1863269805908203
1825,96500.0,39.89099884033203,-25.593000411987305,51.34700012207031,96500.0,-0.8191702961921692,-0.9581421613693236,-0.18478673696517944,96500.0,1000.530029296875,96500.0,-0.9766507148742676,3.534287929534912,1.2593414783477783,96500.0,-2.790027141571045,-8.635134696960451,3.717605352401733,96500.0,1.5861586332321167,-5.699995517730713,1.1863269805908203
1826,96600.0,40.24599838256836,-26.65099906921387,45.4020004272461,96600.0,-1.4862351417541504,-0.6734789609909058,1.0399980545043943,96600.0,1000.469970703125,96600.0,8.436553955078125,-3.58107852935791,9.788779258728027,96600.0,-3.822329044342041,-8.720330238342285,2.348625898361206,96600.0,-3.766677856445313,-5.100846767425537,4.976946830749512
1827,96700.0,37.75899887084961,-27.341999053955078,44.152000427246094,96700.0,-1.4862351417541504,-0.6734789609909058,1.0399980545043943,96700.0,1000.469970703125,96700.0,8.436553955078125,-3.58107852935791,9.788779258728027,96700.0,-3.822329044342041,-8.720330238342285,2.348625898361206,96700.0,-3.766677856445313,-5.100846767425537,4.976946830749512
1828,96800.0,32.705001831054695,-28.43000030517578,44.6619987487793,96800.0,-1.2067643404006958,0.6954700946807861,-0.5849034786224365,96800.0,1000.4099731445312,96800.0,0.03097844123840332,2.364330768585205,-0.8206743001937866,96800.0,-3.129075527191162,-9.29374885559082,-0.07415862381458282,96800.0,4.614225387573242,-12.301408767700195,12.137405395507812
1829,96900.0,29.750999450683594,-34.080001831054695,42.124000549316406,96900.0,-1.2067643404006958,0.6954700946807861,-0.5849034786224365,96900.0,1000.4099731445312,96900.0,0.03097844123840332,2.364330768585205,-0.8206743001937866,96900.0,-3.129075527191162,-9.29374885559082,-0.07415862381458282,96900.0,4.614225387573242,-12.301408767700195,12.137405395507812
1830,96500.0,39.89099884033203,-25.593000411987305,51.34700012207031,96500.0,-0.8191702961921692,-0.9581421613693236,-0.18478673696517944,96500.0,1000.530029296875,96500.0,-0.9766507148742676,3.534287929534912,1.2593414783477783,96500.0,-2.790027141571045,-8.635134696960451,3.717605352401733,96500.0,1.5861586332321167,-5.699995517730713,1.1863269805908203
1831,96600.0,40.24599838256836,-26.65099906921387,45.4020004272461,96600.0,-1.4862351417541504,-0.6734789609909058,1.0399980545043943,96600.0,1000.469970703125,96600.0,8.436553955078125,-3.58107852935791,9.788779258728027,96600.0,-3.822329044342041,-8.720330238342285,2.348625898361206,96600.0,-3.766677856445313,-5.100846767425537,4.976946830749512
1832,96700.0,37.75899887084961,-27.341999053955078,44.152000427246094,96700.0,-1.4862351417541504,-0.6734789609909058,1.0399980545043943,96700.0,1000.469970703125,96700.0,8.436553955078125,-3.58107852935791,9.788779258728027,96700.0,-3.822329044342041,-8.720330238342285,2.348625898361206,96700.0,-3.766677856445313,-5.100846767425537,4.976946830749512
1833,96800.0,32.705001831054695,-28.43000030517578,44.6619987487793,96800.0,-1.2067643404006958,0.6954700946807861,-0.5849034786224365,96800.0,1000.4099731445312,96800.0,0.03097844123840332,2.364330768585205,-0.8206743001937866,96800.0,-3.129075527191162,-9.29374885559082,-0.07415862381458282,96800.0,4.614225387573242,-12.301408767700195,12.137405395507812
1834,96900.0,29.750999450683594,-34.080001831054695,42.124000549316406,96900.0,-1.2067643404006958,0.6954700946807861,-0.5849034786224365,96900.0,1000.4099731445312,96900.0,0.03097844123840332,2.364330768585205,-0.8206743001937866,96900.0,-3.129075527191162,-9.29374885559082,-0.07415862381458282,96900.0,4.614225387573242,-12.301408767700195,12.137405395507812
1835,97000.0,38.77799987792969,-27.184999465942386,35.16299819946289,97000.0,1.1676689386367798,0.056505035609006875,-0.8191702961921692,97000.0,1000.5,97000.0,2.3245923519134517,-0.35748291015625,-3.754279613494873,97000.0,-1.7757216691970823,-9.462335586547852,1.865853190422058,97000.0,-3.098097085952759,-6.929418087005615,-0.8948329091072083
1836,97100.0,45.55199813842773,-21.982999801635746,22.482999801635746,97100.0,1.1676689386367798,0.056505035609006875,-0.8191702961921692,97100.0,1000.5,97100.0,2.3245923519134517,-0.35748291015625,-3.754279613494873,97100.0,-1.7757216691970823,-9.462335586547852,1.865853190422058,97100.0,-3.098097085952759,-6.929418087005615,-0.8948329091072083
1837,97200.0,45.86999893188477,-19.940000534057614,17.482999801635742,97200.0,-0.11850785464048386,-2.870150327682495,-1.0225883722305298,97200.0,1000.469970703125,97200.0,-0.6204597353935242,0.5810718536376953,-3.1199820041656494,97200.0,0.8485074639320374,-9.594642639160156,1.8420768976211548,97200.0,0.5488707423210144,-9.819818496704102,-1.8884265422821045
1838,97300.0,46.196998596191406,-15.618000030517578,15.355999946594238,97300.0,1.834733724594116,-0.9471465349197388,0.5974262356758118,97300.0,1000.5599975585938,97300.0,-3.0576331615448,-2.52212905883789,-6.721550941467285,97300.0,0.1827954947948456,-8.640237808227539,4.635004043579102,97300.0,0.228047713637352,-9.013570785522461,-1.2779051065444946
1839,97400.0,45.10100173950195,-13.145000457763672,15.190999984741213,97400.0,1.834733724594116,-0.9471465349197388,0.5974262356758118,97400.0,1000.5599975585938,97400.0,-3.0576331615448,-2.52212905883789,-6.721550941467285,97400.0,0.1827954947948456,-8.640237808227539,4.635004043579102,97400.0,0.228047713637352,-9.013570785522461,-1.2779051065444946
1840,97000.0,38.77799987792969,-27.184999465942386,35.16299819946289,97000.0,1.1676689386367798,0.056505035609006875,-0.8191702961921692,97000.0,1000.5,97000.0,2.3245923519134517,-0.35748291015625,-3.754279613494873,97000.0,-1.7757216691970823,-9.462335586547852,1.865853190422058,97000.0,-3.098097085952759,-6.929418087005615,-0.8948329091072083
1841,97100.0,45.55199813842773,-21.982999801635746,22.482999801635746,97100.0,1.1676689386367798,0.056505035609006875,-0.8191702961921692,97100.0,1000.5,97100.0,2.3245923519134517,-0.35748291015625,-3.754279613494873,97100.0,-1.7757216691970823,-9.462335586547852,1.865853190422058,97100.0,-3.098097085952759,-6.929418087005615,-0.8948329091072083
1842,97200.0,45.86999893188477,-19.940000534057614,17.482999801635742,97200.0,-0.11850785464048386,-2.870150327682495,-1.0225883722305298,97200.0,1000.469970703125,97200.0,-0.6204597353935242,0.5810718536376953,-3.1199820041656494,97200.0,0.8485074639320374,-9.594642639160156,1.8420768976211548,97200.0,0.5488707423210144,-9.819818496704102,-1.8884265422821045
1843,97300.0,46.196998596191406,-15.618000030517578,15.355999946594238,97300.0,1.834733724594116,-0.9471465349197388,0.5974262356758118,97300.0,1000.5599975585938,97300.0,-3.0576331615448,-2.52212905883789,-6.721550941467285,97300.0,0.1827954947948456,-8.640237808227539,4.635004043579102,97300.0,0.228047713637352,-9.013570785522461,-1.2779051065444946
1844,97400.0,45.10100173950195,-13.145000457763672,15.190999984741213,97400.0,1.834733724594116,-0.9471465349197388,0.5974262356758118,97400.0,1000.5599975585938,97400.0,-3.0576331615448,-2.52212905883789,-6.721550941467285,97400.0,0.1827954947948456,-8.640237808227539,4.635004043579102,97400.0,0.228047713637352,-9.013570785522461,-1.2779051065444946
1845,97500.0,38.04700088500977,-20.99099922180176,11.854000091552734,97500.0,1.7730363607406616,-0.9098837971687316,2.325563907623291,97500.0,1000.5499877929688,97500.0,2.631279468536377,-10.541919708251953,-6.189394474029541,97500.0,-2.2721493244171143,-6.621513366699219,6.867552280426025,97500.0,-2.874837636947632,-11.16236686706543,-2.086546897888184
1846,97600.0,28.423999786376953,-28.55599975585937,7.903999805450439,97600.0,1.7730363607406616,-0.9098837971687316,2.325563907623291,97600.0,1000.5499877929688,97600.0,2.631279468536377,-10.541919708251953,-6.189394474029541,97600.0,-2.2721493244171143,-6.621513366699219,6.867552280426025,97600.0,-2.874837636947632,-11.16236686706543,-2.086546897888184
1847,97700.0,18.624000549316406,-32.9010009765625,8.772000312805176,97700.0,0.3005456924438477,-4.0662245750427255,2.2681427001953125,97700.0,1000.3200073242188,97700.0,0.0010140538215637207,1.1235203742980957,-6.6177616119384775,97700.0,0.5191262364387512,-5.801191806793213,7.889681339263916,97700.0,0.35913026332855225,-17.163433074951172,0.67815762758255
1848,97800.0,13.348999977111815,-34.68600082397461,6.578000068664551,97800.0,0.3005456924438477,-4.0662245750427255,2.2681427001953125,97800.0,1000.3200073242188,97800.0,0.0010140538215637207,1.1235203742980957,-6.6177616119384775,97800.0,0.5191262364387512,-5.801191806793213,7.889681339263916,97800.0,0.35913026332855225,-17.163433074951172,0.67815762758255
1849,97900.0,10.442999839782717,-34.34600067138672,0.8280000090599059,97900.0,-0.5925393104553223,-1.8390097618103027,0.5885686874389648,97900.0,1000.47998046875,97900.0,-4.614802837371826,-4.8567237854003915,6.100063800811768,97900.0,-1.0373086929321291,-9.723365783691406,0.7419663667678833,97900.0,0.5201402902603149,-4.677671432495117,1.27191960811615
1850,97500.0,38.04700088500977,-20.99099922180176,11.854000091552734,97500.0,1.7730363607406616,-0.9098837971687316,2.325563907623291,97500.0,1000.5499877929688,97500.0,2.631279468536377,-10.541919708251953,-6.189394474029541,97500.0,-2.2721493244171143,-6.621513366699219,6.867552280426025,97500.0,-2.874837636947632,-11.16236686706543,-2.086546897888184
1851,97600.0,28.423999786376953,-28.55599975585937,7.903999805450439,97600.0,1.7730363607406616,-0.9098837971687316,2.325563907623291,97600.0,1000.5499877929688,97600.0,2.631279468536377,-10.541919708251953,-6.189394474029541,97600.0,-2.2721493244171143,-6.621513366699219,6.867552280426025,97600.0,-2.874837636947632,-11.16236686706543,-2.086546897888184
1852,97700.0,18.624000549316406,-32.9010009765625,8.772000312805176,97700.0,0.3005456924438477,-4.0662245750427255,2.2681427001953125,97700.0,1000.3200073242188,97700.0,0.0010140538215637207,1.1235203742980957,-6.6177616119384775,97700.0,0.5191262364387512,-5.801191806793213,7.889681339263916,97700.0,0.35913026332855225,-17.163433074951172,0.67815762758255
1853,97800.0,13.348999977111815,-34.68600082397461,6.578000068664551,97800.0,0.3005456924438477,-4.0662245750427255,2.2681427001953125,97800.0,1000.3200073242188,97800.0,0.0010140538215637207,1.1235203742980957,-6.6177616119384775,97800.0,0.5191262364387512,-5.801191806793213,7.889681339263916,97800.0,0.35913026332855225,-17.163433074951172,0.67815762758255
1854,97900.0,10.442999839782717,-34.34600067138672,0.8280000090599059,97900.0,-0.5925393104553223,-1.8390097618103027,0.5885686874389648,97900.0,1000.47998046875,97900.0,-4.614802837371826,-4.8567237854003915,6.100063800811768,97900.0,-1.0373086929321291,-9.723365783691406,0.7419663667678833,97900.0,0.5201402902603149,-4.677671432495117,1.27191960811615
1855,98000.0,9.795999526977539,-33.573001861572266,-2.25,98000.0,-0.5925393104553223,-1.8390097618103027,0.5885686874389648,98000.0,1000.47998046875,98000.0,-4.614802837371826,-4.8567237854003915,6.100063800811768,98000.0,-1.0373086929321291,-9.723365783691406,0.7419663667678833,98000.0,0.5201402902603149,-4.677671432495117,1.27191960811615
1856,98100.0,11.58899974822998,-28.88400077819824,-7.217999935150146,98100.0,-0.6313292384147644,-0.712574303150177,-0.5955936312675476,98100.0,1000.469970703125,98100.0,0.4880439639091492,2.5201621055603027,-0.4055804610252381,98100.0,0.9412944912910458,-9.757235527038574,0.2840747237205505,98100.0,-5.652111530303955,-14.580089569091795,6.842030048370361
1857,98200.0,11.071000099182127,-22.00900077819824,-10.736000061035156,98200.0,-0.4508185386657715,-0.8048149347305298,-1.2223412990570068,98200.0,1000.4299926757812,98200.0,-0.8721252679824829,-0.2931699752807617,1.5503567457199097,98200.0,2.1721768379211426,-9.54520320892334,0.5840741395950317,98200.0,1.429338455200195,-7.237073421478271,-0.1215057373046875
1858,98300.0,13.449999809265135,-16.88599967956543,-12.633999824523926,98300.0,-0.4508185386657715,-0.8048149347305298,-1.2223412990570068,98300.0,1000.4299926757812,98300.0,-0.8721252679824829,-0.2931699752807617,1.5503567457199097,98300.0,2.1721768379211426,-9.54520320892334,0.5840741395950317,98300.0,1.429338455200195,-7.237073421478271,-0.1215057373046875
1859,98400.0,13.13700008392334,-14.682000160217285,-14.022000312805176,98400.0,-0.8316930532455444,-0.8961393237113953,-0.22327125072479248,98400.0,1000.47998046875,98400.0,0.7558624148368835,0.30472373962402344,1.013839840888977,98400.0,0.5585543513298035,-9.79055118560791,-0.059151861816644676,98400.0,1.3000515699386597,-9.838373184204102,2.1344308853149414
1860,98000.0,9.795999526977539,-33.573001861572266,-2.25,98000.0,-0.5925393104553223,-1.8390097618103027,0.5885686874389648,98000.0,1000.47998046875,98000.0,-4.614802837371826,-4.8567237854003915,6.100063800811768,98000.0,-1.0373086929321291,-9.723365783691406,0.7419663667678833,98000.0,0.5201402902603149,-4.677671432495117,1.27191960811615
1861,98100.0,11.58899974822998,-28.88400077819824,-7.217999935150146,98100.0,-0.6313292384147644,-0.712574303150177,-0.5955936312675476,98100.0,1000.469970703125,98100.0,0.4880439639091492,2.5201621055603027,-0.4055804610252381,98100.0,0.9412944912910458,-9.757235527038574,0.2840747237205505,98100.0,-5.652111530303955,-14.580089569091795,6.842030048370361
1862,98200.0,11.071000099182127,-22.00900077819824,-10.736000061035156,98200.0,-0.4508185386657715,-0.8048149347305298,-1.2223412990570068,98200.0,1000.4299926757812,98200.0,-0.8721252679824829,-0.2931699752807617,1.5503567457199097,98200.0,2.1721768379211426,-9.54520320892334,0.5840741395950317,98200.0,1.429338455200195,-7.237073421478271,-0.1215057373046875
1863,98300.0,13.449999809265135,-16.88599967956543,-12.633999824523926,98300.0,-0.4508185386657715,-0.8048149347305298,-1.2223412990570068,98300.0,1000.4299926757812,98300.0,-0.8721252679824829,-0.2931699752807617,1.5503567457199097,98300.0,2.1721768379211426,-9.54520320892334,0.5840741395950317,98300.0,1.429338455200195,-7.237073421478271,-0.1215057373046875
1864,98400.0,13.13700008392334,-14.682000160217285,-14.022000312805176,98400.0,-0.8316930532455444,-0.8961393237113953,-0.22327125072479248,98400.0,1000.47998046875,98400.0,0.7558624148368835,0.30472373962402344,1.013839840888977,98400.0,0.5585543513298035,-9.79055118560791,-0.059151861816644676,98400.0,1.3000515699386597,-9.838373184204102,2.1344308853149414
1865,98500.0,13.13700008392334,-12.477999687194824,-15.36400032043457,98500.0,-0.8316930532455444,-0.8961393237113953,-0.22327125072479248,98500.0,1000.47998046875,98500.0,0.7558624148368835,0.30472373962402344,1.013839840888977,98500.0,0.5585543513298035,-9.79055118560791,-0.059151861816644676,98500.0,1.3000515699386597,-9.838373184204102,2.1344308853149414
1866,98600.0,13.13700008392334,-11.770000457763672,-16.885000228881836,98600.0,-0.14385876059532166,-0.6747006773948669,-0.4938845634460449,98600.0,1000.4600219726564,98600.0,0.1868488788604737,-0.5407028198242188,-1.473957896232605,98600.0,1.167670726776123,-9.691516876220703,0.9388538002967834,98600.0,1.314416766166687,-9.485827445983887,0.9546879529953004
1867,98700.0,12.425999641418455,-10.51099967956543,-17.57200050354004,98700.0,-0.14385876059532166,-0.6747006773948669,-0.4938845634460449,98700.0,1000.4600219726564,98700.0,0.1868488788604737,-0.5407028198242188,-1.473957896232605,98700.0,1.167670726776123,-9.691516876220703,0.9388538002967834,98700.0,1.314416766166687,-9.485827445983887,0.9546879529953004
1868,98800.0,11.993000030517578,-10.51099967956543,-18.516000747680664,98800.0,0.7275404930114746,0.008246680721640587,-0.15057829022407532,98800.0,1000.469970703125,98800.0,3.1509282588958736,-0.7857990264892578,-1.4174666404724119,98800.0,0.7923219203948975,-9.449413299560547,2.500244379043579,98800.0,1.354519605636597,-10.232219696044922,-0.5351040959358215
1869,98900.0,11.263999938964846,-10.51099967956543,-20.60300064086914,98900.0,0.7275404930114746,0.008246680721640587,-0.15057829022407532,98900.0,1000.469970703125,98900.0,3.1509282588958736,-0.7857990264892578,-1.4174666404724119,98900.0,0.7923219203948975,-9.449413299560547,2.500244379043579,98900.0,1.354519605636597,-10.232219696044922,-0.5351040959358215
1870,98500.0,13.13700008392334,-12.477999687194824,-15.36400032043457,98500.0,-0.8316930532455444,-0.8961393237113953,-0.22327125072479248,98500.0,1000.47998046875,98500.0,0.7558624148368835,0.30472373962402344,1.013839840888977,98500.0,0.5585543513298035,-9.79055118560791,-0.059151861816644676,98500.0,1.3000515699386597,-9.838373184204102,2.1344308853149414
1871,98600.0,13.13700008392334,-11.770000457763672,-16.885000228881836,98600.0,-0.14385876059532166,-0.6747006773948669,-0.4938845634460449,98600.0,1000.4600219726564,98600.0,0.1868488788604737,-0.5407028198242188,-1.473957896232605,98600.0,1.167670726776123,-9.691516876220703,0.9388538002967834,98600.0,1.314416766166687,-9.485827445983887,0.9546879529953004
1872,98700.0,12.425999641418455,-10.51099967956543,-17.57200050354004,98700.0,-0.14385876059532166,-0.6747006773948669,-0.4938845634460449,98700.0,1000.4600219726564,98700.0,0.1868488788604737,-0.5407028198242188,-1.473957896232605,98700.0,1.167670726776123,-9.691516876220703,0.9388538002967834,98700.0,1.314416766166687,-9.485827445983887,0.9546879529953004
1873,98800.0,11.993000030517578,-10.51099967956543,-18.516000747680664,98800.0,0.7275404930114746,0.008246680721640587,-0.15057829022407532,98800.0,1000.469970703125,98800.0,3.1509282588958736,-0.7857990264892578,-1.4174666404724119,98800.0,0.7923219203948975,-9.449413299560547,2.500244379043579,98800.0,1.354519605636597,-10.232219696044922,-0.5351040959358215
1874,98900.0,11.263999938964846,-10.51099967956543,-20.60300064086914,98900.0,0.7275404930114746,0.008246680721640587,-0.15057829022407532,98900.0,1000.469970703125,98900.0,3.1509282588958736,-0.7857990264892578,-1.4174666404724119,98900.0,0.7923219203948975,-9.449413299560547,2.500244379043579,98900.0,1.354519605636597,-10.232219696044922,-0.5351040959358215
1875,99000.0,10.95199966430664,-14.484999656677244,-22.488000869750977,99000.0,1.3634512424468994,-0.2235766798257828,0.7629706859588623,99000.0,1000.530029296875,99000.0,2.0942366123199463,0.5804424285888672,-3.340449571609497,99000.0,-0.5828967690467834,-9.137319564819336,3.5128321647644043,99000.0,3.943250179290772,-10.235212326049805,1.082777738571167
1876,99100.0,10.116000175476074,-19.020999908447266,-24.44599914550781,99100.0,0.8753699064254761,-0.17409659922122955,1.6242907047271729,99100.0,1000.4400024414064,99100.0,3.5063252449035645,0.20608234405517573,-0.6180267333984375,99100.0,-1.9806201457977293,-9.188529014587402,2.796151638031006,99100.0,1.511339783668518,-8.556877136230469,0.17238251864910126
1877,99200.0,8.911999702453613,-23.32699966430664,-25.367000579833984,99200.0,0.8753699064254761,-0.17409659922122955,1.6242907047271729,99200.0,1000.4400024414064,99200.0,3.5063252449035645,0.20608234405517573,-0.6180267333984375,99200.0,-1.9806201457977293,-9.188529014587402,2.796151638031006,99200.0,1.511339783668518,-8.556877136230469,0.17238251864910126
1878,99300.0,3.933000087738037,-29.312000274658203,-25.367000579833984,99300.0,0.580016553401947,0.09468411654233932,0.6096435189247131,99300.0,1000.3200073242188,99300.0,2.6919426918029785,2.6189537048339844,-1.210850477218628,99300.0,-3.0750150680541988,-8.517069816589355,3.7648651599884033,99300.0,1.5257049798965454,-8.982446670532227,2.1781249046325684
1879,99400.0,0.3919999897480011,-32.505001068115234,-25.708999633789066,99400.0,0.580016553401947,0.09468411654233932,0.6096435189247131,99400.0,1000.3200073242188,99400.0,2.6919426918029785,2.6189537048339844,-1.210850477218628,99400.0,-3.0750150680541988,-8.517069816589355,3.7648651599884033,99400.0,1.5257049798965454,-8.982446670532227,2.1781249046325684
1880,99000.0,10.95199966430664,-14.484999656677244,-22.488000869750977,99000.0,1.3634512424468994,-0.2235766798257828,0.7629706859588623,99000.0,1000.530029296875,99000.0,2.0942366123199463,0.5804424285888672,-3.340449571609497,99000.0,-0.5828967690467834,-9.137319564819336,3.5128321647644043,99000.0,3.943250179290772,-10.235212326049805,1.082777738571167
1881,99100.0,10.116000175476074,-19.020999908447266,-24.44599914550781,99100.0,0.8753699064254761,-0.17409659922122955,1.6242907047271729,99100.0,1000.4400024414064,99100.0,3.5063252449035645,0.20608234405517573,-0.6180267333984375,99100.0,-1.9806201457977293,-9.188529014587402,2.796151638031006,99100.0,1.511339783668518,-8.556877136230469,0.17238251864910126
1882,99200.0,8.911999702453613,-23.32699966430664,-25.367000579833984,99200.0,0.8753699064254761,-0.17409659922122955,1.6242907047271729,99200.0,1000.4400024414064,99200.0,3.5063252449035645,0.20608234405517573,-0.6180267333984375,99200.0,-1.9806201457977293,-9.188529014587402,2.796151638031006,99200.0,1.511339783668518,-8.556877136230469,0.17238251864910126
1883,99300.0,3.933000087738037,-29.312000274658203,-25.367000579833984,99300.0,0.580016553401947,0.09468411654233932,0.6096435189247131,99300.0,1000.3200073242188,99300.0,2.6919426918029785,2.6189537048339844,-1.210850477218628,99300.0,-3.0750150680541988,-8.517069816589355,3.7648651599884033,99300.0,1.5257049798965454,-8.982446670532227,2.1781249046325684
1884,99400.0,0.3919999897480011,-32.505001068115234,-25.708999633789066,99400.0,0.580016553401947,0.09468411654233932,0.6096435189247131,99400.0,1000.3200073242188,99400.0,2.6919426918029785,2.6189537048339844,-1.210850477218628,99400.0,-3.0750150680541988,-8.517069816589355,3.7648651599884033,99400.0,1.5257049798965454,-8.982446670532227,2.1781249046325684
1885,99500.0,0.3950000107288361,-32.505001068115234,-26.464000701904297,99500.0,-0.9529497623443604,0.03878994286060333,-0.7898487448692322,99500.0,1000.4199829101564,99500.0,-1.8270808458328247,-1.2937650680541992,1.4885125160217283,99500.0,-1.9024869203567505,-9.352651596069336,2.253624677658081,99500.0,-0.3830722570419312,-5.898116111755371,2.5540146827697754
1886,99600.0,2.6419999599456787,-29.65299987792969,-26.827999114990234,99600.0,-0.9529497623443604,0.03878994286060333,-0.7898487448692322,99600.0,1000.4199829101564,99600.0,-1.8270808458328247,-1.2937650680541992,1.4885125160217283,99600.0,-1.9024869203567505,-9.352651596069336,2.253624677658081,99600.0,-0.3830722570419312,-5.898116111755371,2.5540146827697754
1887,99700.0,2.6760001182556152,-26.89800071716309,-30.16900062561035,99700.0,-1.2767083644866943,0.6713408827781677,-1.0375546216964722,99700.0,1000.489990234375,99700.0,-0.3687975406646729,-3.8788433074951167,1.2526310682296753,99700.0,-0.2908050417900085,-9.802224159240724,-0.04715045914053917,99700.0,-3.729567766189575,-10.646416664123537,3.7421371936798096
1888,99800.0,4.826000213623047,-21.19700050354004,-32.625999450683594,99800.0,-1.2767083644866943,0.6713408827781677,-1.0375546216964722,99800.0,1000.489990234375,99800.0,-0.3687975406646729,-3.8788433074951167,1.2526310682296753,99800.0,-0.2908050417900085,-9.802224159240724,-0.04715045914053917,99800.0,-3.729567766189575,-10.646416664123537,3.7421371936798096
1889,99900.0,5.162000179290772,-17.101999282836914,-34.207000732421875,99900.0,-0.12247848510742188,0.18356500566005707,-1.1301007270812988,99900.0,1000.4600219726564,99900.0,-0.5002214908599854,-0.043892860412597656,-0.3565402626991272,99900.0,1.6290875673294067,-9.668785095214844,-0.17616963386535645,99900.0,-0.6596025824546814,-13.68106746673584,1.2054805755615234
1890,99500.0,0.3950000107288361,-32.505001068115234,-26.464000701904297,99500.0,-0.9529497623443604,0.03878994286060333,-0.7898487448692322,99500.0,1000.4199829101564,99500.0,-1.8270808458328247,-1.2937650680541992,1.4885125160217283,99500.0,-1.9024869203567505,-9.352651596069336,2.253624677658081,99500.0,-0.3830722570419312,-5.898116111755371,2.5540146827697754
1891,99600.0,2.6419999599456787,-29.65299987792969,-26.827999114990234,99600.0,-0.9529497623443604,0.03878994286060333,-0.7898487448692322,99600.0,1000.4199829101564,99600.0,-1.8270808458328247,-1.2937650680541992,1.4885125160217283,99600.0,-1.9024869203567505,-9.352651596069336,2.253624677658081,99600.0,-0.3830722570419312,-5.898116111755371,2.5540146827697754
1892,99700.0,2.6760001182556152,-26.89800071716309,-30.16900062561035,99700.0,-1.2767083644866943,0.6713408827781677,-1.0375546216964722,99700.0,1000.489990234375,99700.0,-0.3687975406646729,-3.8788433074951167,1.2526310682296753,99700.0,-0.2908050417900085,-9.802224159240724,-0.04715045914053917,99700.0,-3.729567766189575,-10.646416664123537,3.7421371936798096
1893,99800.0,4.826000213623047,-21.19700050354004,-32.625999450683594,99800.0,-1.2767083644866943,0.6713408827781677,-1.0375546216964722,99800.0,1000.489990234375,99800.0,-0.3687975406646729,-3.8788433074951167,1.2526310682296753,99800.0,-0.2908050417900085,-9.802224159240724,-0.04715045914053917,99800.0,-3.729567766189575,-10.646416664123537,3.7421371936798096
1894,99900.0,5.162000179290772,-17.101999282836914,-34.207000732421875,99900.0,-0.12247848510742188,0.18356500566005707,-1.1301007270812988,99900.0,1000.4600219726564,99900.0,-0.5002214908599854,-0.043892860412597656,-0.3565402626991272,99900.0,1.6290875673294067,-9.668785095214844,-0.17616963386535645,99900.0,-0.6596025824546814,-13.68106746673584,1.2054805755615234
1895,100000.0,4.765999794006348,-16.42300033569336,-34.152999877929695,100000.0,-0.3393356502056122,-0.3399465084075928,-0.1313360333442688,100000.0,1000.4400024414064,100000.0,0.4228242635726929,0.7318239212036133,-0.09442132711410522,100000.0,1.7313586473464966,-9.61790370941162,-0.8177695274353027,100000.0,1.1288660764694214,-9.71267795562744,-0.5327098965644836
1896,100100.0,0.5339999794960022,-16.42300033569336,-34.700000762939446,100100.0,-0.3393356502056122,-0.3399465084075928,-0.1313360333442688,100100.0,1000.4400024414064,100100.0,0.4228242635726929,0.7318239212036133,-0.09442132711410522,100100.0,1.7313586473464966,-9.61790370941162,-0.8177695274353027,100100.0,1.1288660764694214,-9.71267795562744,-0.5327098965644836
1897,100200.0,-1.5249999761581419,-15.506999969482422,-35.60300064086914,100200.0,-0.4379903674125672,-0.721737265586853,-0.2064724564552307,100200.0,1000.510009765625,100200.0,0.044765591621398926,-0.14691925048828125,1.4587860107421875,100200.0,1.8119378089904783,-9.486151695251463,-1.7029945850372314,100200.0,2.154182910919189,-8.886079788208008,-0.912190854549408
1898,100300.0,-1.128999948501587,-14.468999862670898,-36.27099990844727,100300.0,-0.4379903674125672,-0.721737265586853,-0.2064724564552307,100300.0,1000.510009765625,100300.0,0.044765591621398926,-0.14691925048828125,1.4587860107421875,100300.0,1.8119378089904783,-9.486151695251463,-1.7029945850372314,100300.0,2.154182910919189,-8.886079788208008,-0.912190854549408
1899,100400.0,-0.8339999914169312,-13.699999809265135,-37.08599853515625,100400.0,-0.02718350291252136,0.3478877544403076,-0.2626720666885376,100400.0,1000.4600219726564,100400.0,1.5418851375579834,-1.557870864868164,1.0956355333328247,100400.0,2.3002099990844727,-9.414755821228027,-1.4972628355026243,100400.0,1.8567034006118768,-9.633070945739746,-0.24420857429504395
1900,100000.0,4.765999794006348,-16.42300033569336,-34.152999877929695,100000.0,-0.3393356502056122,-0.3399465084075928,-0.1313360333442688,100000.0,1000.4400024414064,100000.0,0.4228242635726929,0.7318239212036133,-0.09442132711410522,100000.0,1.7313586473464966,-9.61790370941162,-0.8177695274353027,100000.0,1.1288660764694214,-9.71267795562744,-0.5327098965644836
1901,100100.0,0.5339999794960022,-16.42300033569336,-34.700000762939446,100100.0,-0.3393356502056122,-0.3399465084075928,-0.1313360333442688,100100.0,1000.4400024414064,100100.0,0.4228242635726929,0.7318239212036133,-0.09442132711410522,100100.0,1.7313586473464966,-9.61790370941162,-0.8177695274353027,100100.0,1.1288660764694214,-9.71267795562744,-0.5327098965644836
1902,100200.0,-1.5249999761581419,-15.506999969482422,-35.60300064086914,100200.0,-0.4379903674125672,-0.721737265586853,-0.2064724564552307,100200.0,1000.510009765625,100200.0,0.044765591621398926,-0.14691925048828125,1.4587860107421875,100200.0,1.8119378089904783,-9.486151695251463,-1.7029945850372314,100200.0,2.154182910919189,-8.886079788208008,-0.912190854549408
1903,100300.0,-1.128999948501587,-14.468999862670898,-36.27099990844727,100300.0,-0.4379903674125672,-0.721737265586853,-0.2064724564552307,100300.0,1000.510009765625,100300.0,0.044765591621398926,-0.14691925048828125,1.4587860107421875,100300.0,1.8119378089904783,-9.486151695251463,-1.7029945850372314,100300.0,2.154182910919189,-8.886079788208008,-0.912190854549408
1904,100400.0,-0.8339999914169312,-13.699999809265135,-37.08599853515625,100400.0,-0.02718350291252136,0.3478877544403076,-0.2626720666885376,100400.0,1000.4600219726564,100400.0,1.5418851375579834,-1.557870864868164,1.0956355333328247,100400.0,2.3002099990844727,-9.414755821228027,-1.4972628355026243,100400.0,1.8567034006118768,-9.633070945739746,-0.24420857429504395
1905,100500.0,-0.8339999914169312,-13.315999984741213,-37.448001861572266,100500.0,-0.02718350291252136,0.3478877544403076,-0.2626720666885376,100500.0,1000.4600219726564,100500.0,1.5418851375579834,-1.557870864868164,1.0956355333328247,100500.0,2.3002099990844727,-9.414755821228027,-1.4972628355026243,100500.0,1.8567034006118768,-9.633070945739746,-0.24420857429504395
1906,100600.0,0.4339999854564667,-13.005000114440918,-37.77899932861328,100600.0,1.1798862218856812,0.3304781019687653,-0.04184427112340927,100600.0,1000.489990234375,100600.0,0.8987374305725098,0.9073724746704102,-0.4079740643501282,100600.0,2.309492826461792,-9.499564170837402,0.7712941765785217,100600.0,3.842095136642456,-10.972626686096193,-0.4016273319721222
1907,100700.0,0.8489999771118164,-18.974000930786133,-37.77899932861328,100700.0,1.1798862218856812,0.3304781019687653,-0.04184427112340927,100700.0,1000.489990234375,100700.0,0.8987374305725098,0.9073724746704102,-0.4079740643501282,100700.0,2.309492826461792,-9.499564170837402,0.7712941765785217,100700.0,3.842095136642456,-10.972626686096193,-0.4016273319721222
1908,100800.0,2.351999998092652,-27.26099967956543,-37.77899932861328,100800.0,0.8045095205307007,-0.1310305893421173,0.43249258399009705,100800.0,1000.489990234375,100800.0,0.3897140026092529,0.681767463684082,-0.9789836406707764,100800.0,1.5058951377868652,-9.443946838378906,2.1712961196899414,100800.0,3.2082302570343018,-8.592191696166992,0.3633201122283936
1909,100900.0,2.3910000324249268,-31.0049991607666,-37.44900131225586,100900.0,0.2339613884687424,-1.0742065906524658,1.5467108488082886,100900.0,1000.3599853515624,100900.0,1.0168493986129759,0.25690269470214844,-1.0264326333999634,100900.0,-0.8043639659881592,-9.42849063873291,2.574284076690674,100900.0,1.8956091403961184,-8.762179374694824,1.192312479019165
1910,100500.0,-0.8339999914169312,-13.315999984741213,-37.448001861572266,100500.0,-0.02718350291252136,0.3478877544403076,-0.2626720666885376,100500.0,1000.4600219726564,100500.0,1.5418851375579834,-1.557870864868164,1.0956355333328247,100500.0,2.3002099990844727,-9.414755821228027,-1.4972628355026243,100500.0,1.8567034006118768,-9.633070945739746,-0.24420857429504395
1911,100600.0,0.4339999854564667,-13.005000114440918,-37.77899932861328,100600.0,1.1798862218856812,0.3304781019687653,-0.04184427112340927,100600.0,1000.489990234375,100600.0,0.8987374305725098,0.9073724746704102,-0.4079740643501282,100600.0,2.309492826461792,-9.499564170837402,0.7712941765785217,100600.0,3.842095136642456,-10.972626686096193,-0.4016273319721222
1912,100700.0,0.8489999771118164,-18.974000930786133,-37.77899932861328,100700.0,1.1798862218856812,0.3304781019687653,-0.04184427112340927,100700.0,1000.489990234375,100700.0,0.8987374305725098,0.9073724746704102,-0.4079740643501282,100700.0,2.309492826461792,-9.499564170837402,0.7712941765785217,100700.0,3.842095136642456,-10.972626686096193,-0.4016273319721222
1913,100800.0,2.351999998092652,-27.26099967956543,-37.77899932861328,100800.0,0.8045095205307007,-0.1310305893421173,0.43249258399009705,100800.0,1000.489990234375,100800.0,0.3897140026092529,0.681767463684082,-0.9789836406707764,100800.0,1.5058951377868652,-9.443946838378906,2.1712961196899414,100800.0,3.2082302570343018,-8.592191696166992,0.3633201122283936
1914,100900.0,2.3910000324249268,-31.0049991607666,-37.44900131225586,100900.0,0.2339613884687424,-1.0742065906524658,1.5467108488082886,100900.0,1000.3599853515624,100900.0,1.0168493986129759,0.25690269470214844,-1.0264326333999634,100900.0,-0.8043639659881592,-9.42849063873291,2.574284076690674,100900.0,1.8956091403961184,-8.762179374694824,1.192312479019165
1915,101000.0,0.22200000286102287,-33.98099899291992,-35.92599868774414,101000.0,0.2339613884687424,-1.0742065906524658,1.5467108488082886,101000.0,1000.3599853515624,101000.0,1.0168493986129759,0.25690269470214844,-1.0264326333999634,101000.0,-0.8043639659881592,-9.42849063873291,2.574284076690674,101000.0,1.8956091403961184,-8.762179374694824,1.192312479019165
1916,101100.0,-6.61299991607666,-36.04399871826172,-35.51300048828125,101100.0,0.021991148591041558,0.4584543704986572,0.4022547602653504,101100.0,1000.3800048828124,101100.0,1.5313544273376465,4.073683738708496,-0.17467045783996582,101100.0,-1.8036948442459104,-9.28526210784912,2.5886242389678955,101100.0,0.2124854028224945,-9.171587944030762,1.5478514432907104
1917,101200.0,-10.628999710083008,-36.06499862670898,-34.81100082397461,101200.0,0.021991148591041558,0.4584543704986572,0.4022547602653504,101200.0,1000.3800048828124,101200.0,1.5313544273376465,4.073683738708496,-0.17467045783996582,101200.0,-1.8036948442459104,-9.28526210784912,2.5886242389678955,101200.0,0.2124854028224945,-9.171587944030762,1.5478514432907104
1918,101300.0,-9.645999908447266,-35.32400131225586,-34.389999389648445,101300.0,-2.325563907623291,-0.2278527319431305,-0.21105393767356875,101300.0,1000.3400268554688,101300.0,-0.9608019590377808,-9.983512878417967,4.936118125915527,101300.0,-1.5243793725967407,-9.61602020263672,-1.1742285490036009,101300.0,-0.2723404467105865,-5.211578369140625,2.4139537811279297
1919,101400.0,-7.11899995803833,-33.56100082397461,-35.66400146484375,101400.0,-2.325563907623291,-0.2278527319431305,-0.21105393767356875,101400.0,1000.3400268554688,101400.0,-0.9608019590377808,-9.983512878417967,4.936118125915527,101400.0,-1.5243793725967407,-9.61602020263672,-1.1742285490036009,101400.0,-0.2723404467105865,-5.211578369140625,2.4139537811279297
1920,101000.0,0.22200000286102287,-33.98099899291992,-35.92599868774414,101000.0,0.2339613884687424,-1.0742065906524658,1.5467108488082886,101000.0,1000.3599853515624,101000.0,1.0168493986129759,0.25690269470214844,-1.0264326333999634,101000.0,-0.8043639659881592,-9.42849063873291,2.574284076690674,101000.0,1.8956091403961184,-8.762179374694824,1.192312479019165
1921,101100.0,-6.61299991607666,-36.04399871826172,-35.51300048828125,101100.0,0.021991148591041558,0.4584543704986572,0.4022547602653504,101100.0,1000.3800048828124,101100.0,1.5313544273376465,4.073683738708496,-0.17467045783996582,101100.0,-1.8036948442459104,-9.28526210784912,2.5886242389678955,101100.0,0.2124854028224945,-9.171587944030762,1.5478514432907104
1922,101200.0,-10.628999710083008,-36.06499862670898,-34.81100082397461,101200.0,0.021991148591041558,0.4584543704986572,0.4022547602653504,101200.0,1000.3800048828124,101200.0,1.5313544273376465,4.073683738708496,-0.17467045783996582,101200.0,-1.8036948442459104,-9.28526210784912,2.5886242389678955,101200.0,0.2124854028224945,-9.171587944030762,1.5478514432907104
1923,101300.0,-9.645999908447266,-35.32400131225586,-34.389999389648445,101300.0,-2.325563907623291,-0.2278527319431305,-0.21105393767356875,101300.0,1000.3400268554688,101300.0,-0.9608019590377808,-9.983512878417967,4.936118125915527,101300.0,-1.5243793725967407,-9.61602020263672,-1.1742285490036009,101300.0,-0.2723404467105865,-5.211578369140625,2.4139537811279297
1924,101400.0,-7.11899995803833,-33.56100082397461,-35.66400146484375,101400.0,-2.325563907623291,-0.2278527319431305,-0.21105393767356875,101400.0,1000.3400268554688,101400.0,-0.9608019590377808,-9.983512878417967,4.936118125915527,101400.0,-1.5243793725967407,-9.61602020263672,-1.1742285490036009,101400.0,-0.2723404467105865,-5.211578369140625,2.4139537811279297
1925,101500.0,-7.011000156402588,-29.957000732421875,-38.53099822998047,101500.0,-0.3995058834552765,0.8912523984909058,-1.2226468324661257,101500.0,1000.3800048828124,101500.0,0.10924601554870604,1.3009977340698242,-2.328012228012085,101500.0,2.715912103652954,-9.399385452270508,0.6676332950592041,101500.0,-2.485181331634521,-19.599533081054688,3.7618894577026367
1926,101600.0,-6.526999950408936,-26.79400062561035,-39.29199981689453,101600.0,-0.3995058834552765,0.8912523984909058,-1.2226468324661257,101600.0,1000.3800048828124,101600.0,0.10924601554870604,1.3009977340698242,-2.328012228012085,101600.0,2.715912103652954,-9.399385452270508,0.6676332950592041,101600.0,-2.485181331634521,-19.599533081054688,3.7618894577026367
1927,101700.0,-6.526999950408936,-25.09900093078613,-39.45100021362305,101700.0,0.3827070891857147,-0.38026362657547,-0.637132465839386,101700.0,1000.4000244140624,101700.0,0.9331917762756348,1.0616044998168943,-2.360898494720459,101700.0,2.120013952255249,-9.465252876281738,1.44391930103302,101700.0,2.82515811920166,-8.098387718200684,-1.6603789329528809
1928,101800.0,-6.84499979019165,-24.74900054931641,-39.85900115966797,101800.0,-0.5174028873443604,-1.0244209766387942,-0.004886921960860491,101800.0,1000.3499755859376,101800.0,2.131121635437012,0.8471174240112305,0.5426596403121948,101800.0,1.2369215488433838,-9.723620414733887,-0.3026408851146698,101800.0,3.053205728530884,-8.403648376464844,-0.9169792532920836
1929,101900.0,-8.673000335693361,-23.391000747680664,-40.16999816894531,101900.0,-0.5174028873443604,-1.0244209766387942,-0.004886921960860491,101900.0,1000.3499755859376,101900.0,2.131121635437012,0.8471174240112305,0.5426596403121948,101900.0,1.2369215488433838,-9.723620414733887,-0.3026408851146698,101900.0,3.053205728530884,-8.403648376464844,-0.9169792532920836
1930,101500.0,-7.011000156402588,-29.957000732421875,-38.53099822998047,101500.0,-0.3995058834552765,0.8912523984909058,-1.2226468324661257,101500.0,1000.3800048828124,101500.0,0.10924601554870604,1.3009977340698242,-2.328012228012085,101500.0,2.715912103652954,-9.399385452270508,0.6676332950592041,101500.0,-2.485181331634521,-19.599533081054688,3.7618894577026367
1931,101600.0,-6.526999950408936,-26.79400062561035,-39.29199981689453,101600.0,-0.3995058834552765,0.8912523984909058,-1.2226468324661257,101600.0,1000.3800048828124,101600.0,0.10924601554870604,1.3009977340698242,-2.328012228012085,101600.0,2.715912103652954,-9.399385452270508,0.6676332950592041,101600.0,-2.485181331634521,-19.599533081054688,3.7618894577026367
1932,101700.0,-6.526999950408936,-25.09900093078613,-39.45100021362305,101700.0,0.3827070891857147,-0.38026362657547,-0.637132465839386,101700.0,1000.4000244140624,101700.0,0.9331917762756348,1.0616044998168943,-2.360898494720459,101700.0,2.120013952255249,-9.465252876281738,1.44391930103302,101700.0,2.82515811920166,-8.098387718200684,-1.6603789329528809
1933,101800.0,-6.84499979019165,-24.74900054931641,-39.85900115966797,101800.0,-0.5174028873443604,-1.0244209766387942,-0.004886921960860491,101800.0,1000.3499755859376,101800.0,2.131121635437012,0.8471174240112305,0.5426596403121948,101800.0,1.2369215488433838,-9.723620414733887,-0.3026408851146698,101800.0,3.053205728530884,-8.403648376464844,-0.9169792532920836
1934,101900.0,-8.673000335693361,-23.391000747680664,-40.16999816894531,101900.0,-0.5174028873443604,-1.0244209766387942,-0.004886921960860491,101900.0,1000.3499755859376,101900.0,2.131121635437012,0.8471174240112305,0.5426596403121948,101900.0,1.2369215488433838,-9.723620414733887,-0.3026408851146698,101900.0,3.053205728530884,-8.403648376464844,-0.9169792532920836
1935,102000.0,-8.673000335693361,-22.386999130249023,-40.16999816894531,102000.0,-0.15241087973117828,0.0021380283869802947,-0.2788599729537964,102000.0,1000.3699951171876,102000.0,0.29922258853912354,-0.4860420227050781,-1.4530197381973269,102000.0,1.741235852241516,-9.64262866973877,0.3977753221988678,102000.0,3.3680431842803955,-8.876502990722656,0.24001872539520264
1936,102100.0,-8.673000335693361,-20.47100067138672,-40.50199890136719,102100.0,-0.15241087973117828,0.0021380283869802947,-0.2788599729537964,102100.0,1000.3699951171876,102100.0,0.29922258853912354,-0.4860420227050781,-1.4530197381973269,102100.0,1.741235852241516,-9.64262866973877,0.3977753221988678,102100.0,3.3680431842803955,-8.876502990722656,0.24001872539520264
1937,102200.0,-8.347999572753906,-20.47100067138672,-40.84600067138672,102200.0,0.23060162365436554,0.11942415684461595,-0.2513710558414459,102200.0,1000.3400268554688,102200.0,1.1955678462982178,-1.0428895950317385,-1.097163438796997,102200.0,1.8235204219818115,-9.580781936645508,1.0265344381332395,102200.0,2.04045844078064,-10.128670692443848,-1.0552444458007812
1938,102300.0,-7.278999805450439,-20.47100067138672,-41.15900039672852,102300.0,0.23060162365436554,0.11942415684461595,-0.2513710558414459,102300.0,1000.3400268554688,102300.0,1.1955678462982178,-1.0428895950317385,-1.097163438796997,102300.0,1.8235204219818115,-9.580781936645508,1.0265344381332395,102300.0,2.04045844078064,-10.128670692443848,-1.0552444458007812
1939,102400.0,-6.564000129699707,-22.090999603271484,-41.15900039672852,102400.0,1.6102408170700069,0.05406157299876213,0.35705074667930603,102400.0,1000.4600219726564,102400.0,1.1086740493774414,-0.4169769287109375,-3.57068419456482,102400.0,0.8258408904075623,-9.21070671081543,3.263627767562866,102400.0,3.0190882682800293,-10.623671531677246,-0.07062894850969315
1940,102000.0,-8.673000335693361,-22.386999130249023,-40.16999816894531,102000.0,-0.15241087973117828,0.0021380283869802947,-0.2788599729537964,102000.0,1000.3699951171876,102000.0,0.29922258853912354,-0.4860420227050781,-1.4530197381973269,102000.0,1.741235852241516,-9.64262866973877,0.3977753221988678,102000.0,3.3680431842803955,-8.876502990722656,0.24001872539520264
1941,102100.0,-8.673000335693361,-20.47100067138672,-40.50199890136719,102100.0,-0.15241087973117828,0.0021380283869802947,-0.2788599729537964,102100.0,1000.3699951171876,102100.0,0.29922258853912354,-0.4860420227050781,-1.4530197381973269,102100.0,1.741235852241516,-9.64262866973877,0.3977753221988678,102100.0,3.3680431842803955,-8.876502990722656,0.24001872539520264
1942,102200.0,-8.347999572753906,-20.47100067138672,-40.84600067138672,102200.0,0.23060162365436554,0.11942415684461595,-0.2513710558414459,102200.0,1000.3400268554688,102200.0,1.1955678462982178,-1.0428895950317385,-1.097163438796997,102200.0,1.8235204219818115,-9.580781936645508,1.0265344381332395,102200.0,2.04045844078064,-10.128670692443848,-1.0552444458007812
1943,102300.0,-7.278999805450439,-20.47100067138672,-41.15900039672852,102300.0,0.23060162365436554,0.11942415684461595,-0.2513710558414459,102300.0,1000.3400268554688,102300.0,1.1955678462982178,-1.0428895950317385,-1.097163438796997,102300.0,1.8235204219818115,-9.580781936645508,1.0265344381332395,102300.0,2.04045844078064,-10.128670692443848,-1.0552444458007812
1944,102400.0,-6.564000129699707,-22.090999603271484,-41.15900039672852,102400.0,1.6102408170700069,0.05406157299876213,0.35705074667930603,102400.0,1000.4600219726564,102400.0,1.1086740493774414,-0.4169769287109375,-3.57068419456482,102400.0,0.8258408904075623,-9.21070671081543,3.263627767562866,102400.0,3.0190882682800293,-10.623671531677246,-0.07062894850969315
1945,102500.0,-4.385000228881837,-30.47900009155273,-37.51800155639648,102500.0,1.6102408170700069,0.05406157299876213,0.35705074667930603,102500.0,1000.4600219726564,102500.0,1.1086740493774414,-0.4169769287109375,-3.57068419456482,102500.0,0.8258408904075623,-9.21070671081543,3.263627767562866,102500.0,3.0190882682800293,-10.623671531677246,-0.07062894850969315
1946,102600.0,-2.499000072479248,-32.34199905395508,-33.16299819946289,102600.0,0.703411340713501,1.4135421514511108,1.2293663024902344,102600.0,1000.3599853515624,102600.0,2.97625470161438,0.196528434753418,-0.4827431440353394,102600.0,-0.9441760182380676,-9.571024894714355,1.9168699979782104,102600.0,1.9345149993896484,-9.627683639526367,-0.30705636739730835
1947,102700.0,-3.5850000381469727,-33.580001831054695,-30.72599983215332,102700.0,0.7531968355178833,0.4743368625640869,0.9779952764511108,102700.0,1000.4199829101564,102700.0,0.5495046377182007,3.234017372131348,0.3930015563964844,102700.0,-0.38969168066978455,-9.55411148071289,2.1765754222869877,102700.0,2.0320787429809566,-9.374496459960938,1.4341268539428709
1948,102800.0,-7.583000183105469,-34.54199981689453,-29.856000900268555,102800.0,0.7531968355178833,0.4743368625640869,0.9779952764511108,102800.0,1000.4199829101564,102800.0,0.5495046377182007,3.234017372131348,0.3930015563964844,102800.0,-0.38969168066978455,-9.55411148071289,2.1765754222869877,102800.0,2.0320787429809566,-9.374496459960938,1.4341268539428709
1949,102900.0,-10.178999900817873,-34.189998626708984,-28.322999954223643,102900.0,-1.0888673067092896,-0.16432274878025055,-0.8848382830619812,102900.0,1000.4000244140624,102900.0,-2.87269926071167,3.4925875663757324,0.4514280259609222,102900.0,1.0261713266372678,-9.74743938446045,0.32369479537010193,102900.0,0.15981295704841614,-6.320094108581543,2.569576978683472
1950,102500.0,-4.385000228881837,-30.47900009155273,-37.51800155639648,102500.0,1.6102408170700069,0.05406157299876213,0.35705074667930603,102500.0,1000.4600219726564,102500.0,1.1086740493774414,-0.4169769287109375,-3.57068419456482,102500.0,0.8258408904075623,-9.21070671081543,3.263627767562866,102500.0,3.0190882682800293,-10.623671531677246,-0.07062894850969315
1951,102600.0,-2.499000072479248,-32.34199905395508,-33.16299819946289,102600.0,0.703411340713501,1.4135421514511108,1.2293663024902344,102600.0,1000.3599853515624,102600.0,2.97625470161438,0.196528434753418,-0.4827431440353394,102600.0,-0.9441760182380676,-9.571024894714355,1.9168699979782104,102600.0,1.9345149993896484,-9.627683639526367,-0.30705636739730835
1952,102700.0,-3.5850000381469727,-33.580001831054695,-30.72599983215332,102700.0,0.7531968355178833,0.4743368625640869,0.9779952764511108,102700.0,1000.4199829101564,102700.0,0.5495046377182007,3.234017372131348,0.3930015563964844,102700.0,-0.38969168066978455,-9.55411148071289,2.1765754222869877,102700.0,2.0320787429809566,-9.374496459960938,1.4341268539428709
1953,102800.0,-7.583000183105469,-34.54199981689453,-29.856000900268555,102800.0,0.7531968355178833,0.4743368625640869,0.9779952764511108,102800.0,1000.4199829101564,102800.0,0.5495046377182007,3.234017372131348,0.3930015563964844,102800.0,-0.38969168066978455,-9.55411148071289,2.1765754222869877,102800.0,2.0320787429809566,-9.374496459960938,1.4341268539428709
1954,102900.0,-10.178999900817873,-34.189998626708984,-28.322999954223643,102900.0,-1.0888673067092896,-0.16432274878025055,-0.8848382830619812,102900.0,1000.4000244140624,102900.0,-2.87269926071167,3.4925875663757324,0.4514280259609222,102900.0,1.0261713266372678,-9.74743938446045,0.32369479537010193,102900.0,0.15981295704841614,-6.320094108581543,2.569576978683472
1955,103000.0,-8.543999671936035,-34.51300048828125,-28.81599998474121,103000.0,-1.0888673067092896,-0.16432274878025055,-0.8848382830619812,103000.0,1000.4000244140624,103000.0,-2.87269926071167,3.4925875663757324,0.4514280259609222,103000.0,1.0261713266372678,-9.74743938446045,0.32369479537010193,103000.0,0.15981295704841614,-6.320094108581543,2.569576978683472
1956,103100.0,-7.8499999046325675,-30.183000564575195,-29.243999481201172,103100.0,-1.2229522466659546,0.33292156457901,-1.586722493171692,103100.0,1000.4000244140624,103100.0,-0.557675838470459,-6.129648208618164,3.858086585998535,103100.0,3.756927967071533,-8.94843578338623,-1.407621145248413,103100.0,-1.846528053283692,-6.254851818084718,0.7751228213310242
1957,103200.0,-7.0320000648498535,-25.95199966430664,-30.117000579833984,103200.0,-1.2229522466659546,0.33292156457901,-1.586722493171692,103200.0,1000.4000244140624,103200.0,-0.557675838470459,-6.129648208618164,3.858086585998535,103200.0,3.756927967071533,-8.94843578338623,-1.407621145248413,103200.0,-1.846528053283692,-6.254851818084718,0.7751228213310242
1958,103300.0,-6.52400016784668,-25.238000869750977,-30.117000579833984,103300.0,-0.09193521738052368,-0.17440202832221985,-0.9544769525527954,103300.0,1000.3599853515624,103300.0,-5.727035999298098,-1.461320877075195,1.1183090209960938,103300.0,4.830407619476318,-8.387228012084961,-1.5785943269729614,103300.0,3.1992521286010738,-15.078083992004395,2.450465440750122
1959,103400.0,-6.52400016784668,-24.867000579833984,-30.95000076293945,103400.0,-0.09193521738052368,-0.17440202832221985,-0.9544769525527954,103400.0,1000.3599853515624,103400.0,-5.727035999298098,-1.461320877075195,1.1183090209960938,103400.0,4.830407619476318,-8.387228012084961,-1.5785943269729614,103400.0,3.1992521286010738,-15.078083992004395,2.450465440750122
1960,103000.0,-8.543999671936035,-34.51300048828125,-28.81599998474121,103000.0,-1.0888673067092896,-0.16432274878025055,-0.8848382830619812,103000.0,1000.4000244140624,103000.0,-2.87269926071167,3.4925875663757324,0.4514280259609222,103000.0,1.0261713266372678,-9.74743938446045,0.32369479537010193,103000.0,0.15981295704841614,-6.320094108581543,2.569576978683472
1961,103100.0,-7.8499999046325675,-30.183000564575195,-29.243999481201172,103100.0,-1.2229522466659546,0.33292156457901,-1.586722493171692,103100.0,1000.4000244140624,103100.0,-0.557675838470459,-6.129648208618164,3.858086585998535,103100.0,3.756927967071533,-8.94843578338623,-1.407621145248413,103100.0,-1.846528053283692,-6.254851818084718,0.7751228213310242
1962,103200.0,-7.0320000648498535,-25.95199966430664,-30.117000579833984,103200.0,-1.2229522466659546,0.33292156457901,-1.586722493171692,103200.0,1000.4000244140624,103200.0,-0.557675838470459,-6.129648208618164,3.858086585998535,103200.0,3.756927967071533,-8.94843578338623,-1.407621145248413,103200.0,-1.846528053283692,-6.254851818084718,0.7751228213310242
1963,103300.0,-6.52400016784668,-25.238000869750977,-30.117000579833984,103300.0,-0.09193521738052368,-0.17440202832221985,-0.9544769525527954,103300.0,1000.3599853515624,103300.0,-5.727035999298098,-1.461320877075195,1.1183090209960938,103300.0,4.830407619476318,-8.387228012084961,-1.5785943269729614,103300.0,3.1992521286010738,-15.078083992004395,2.450465440750122
1964,103400.0,-6.52400016784668,-24.867000579833984,-30.95000076293945,103400.0,-0.09193521738052368,-0.17440202832221985,-0.9544769525527954,103400.0,1000.3599853515624,103400.0,-5.727035999298098,-1.461320877075195,1.1183090209960938,103400.0,4.830407619476318,-8.387228012084961,-1.5785943269729614,103400.0,3.1992521286010738,-15.078083992004395,2.450465440750122
1965,103500.0,-7.375999927520753,-23.96500015258789,-30.95000076293945,103500.0,-0.1915062516927719,-0.6075055003166199,-0.3591887652873993,103500.0,1000.3400268554688,103500.0,-2.8289012908935547,-0.4298515319824219,2.1307954788208012,103500.0,4.936995983123778,-8.156952857971191,-2.2936012744903564,103500.0,-0.8966285586357117,-9.848548889160156,-0.4602852761745453
1966,103600.0,-8.404000282287598,-22.499000549316406,-31.29199981689453,103600.0,-0.0607810914516449,-0.3237585723400116,-0.23090706765651706,103600.0,1000.3300170898438,103600.0,-3.0470759868621826,-1.4556026458740234,1.3502297401428225,103600.0,4.851705551147461,-8.133174896240233,-2.546133518218994,103600.0,2.1080946922302246,-8.586804389953612,-0.1628057211637497
1967,103700.0,-8.090999603271483,-20.77400016784668,-31.29199981689453,103700.0,-0.0607810914516449,-0.3237585723400116,-0.23090706765651706,103700.0,1000.3300170898438,103700.0,-3.0470759868621826,-1.4556026458740234,1.3502297401428225,103700.0,4.851705551147461,-8.133174896240233,-2.546133518218994,103700.0,2.1080946922302246,-8.586804389953612,-0.1628057211637497
1968,103800.0,-8.402999877929688,-19.892000198364254,-31.658000946044922,103800.0,0.16035212576389313,0.2284636050462723,-0.2015855312347412,103800.0,1000.3900146484376,103800.0,-1.7120494842529297,-3.358631134033203,-0.004155397415161133,103800.0,4.928061008453369,-8.245466232299805,-1.974053740501404,103800.0,1.8046295642852783,-9.588777542114258,-1.195903778076172
1969,103900.0,-7.046000003814697,-19.892000198364254,-31.658000946044922,103900.0,0.16035212576389313,0.2284636050462723,-0.2015855312347412,103900.0,1000.3900146484376,103900.0,-1.7120494842529297,-3.358631134033203,-0.004155397415161133,103900.0,4.928061008453369,-8.245466232299805,-1.974053740501404,103900.0,1.8046295642852783,-9.588777542114258,-1.195903778076172
1970,103500.0,-7.375999927520753,-23.96500015258789,-30.95000076293945,103500.0,-0.1915062516927719,-0.6075055003166199,-0.3591887652873993,103500.0,1000.3400268554688,103500.0,-2.8289012908935547,-0.4298515319824219,2.1307954788208012,103500.0,4.936995983123778,-8.156952857971191,-2.2936012744903564,103500.0,-0.8966285586357117,-9.848548889160156,-0.4602852761745453
1971,103600.0,-8.404000282287598,-22.499000549316406,-31.29199981689453,103600.0,-0.0607810914516449,-0.3237585723400116,-0.23090706765651706,103600.0,1000.3300170898438,103600.0,-3.0470759868621826,-1.4556026458740234,1.3502297401428225,103600.0,4.851705551147461,-8.133174896240233,-2.546133518218994,103600.0,2.1080946922302246,-8.586804389953612,-0.1628057211637497
1972,103700.0,-8.090999603271483,-20.77400016784668,-31.29199981689453,103700.0,-0.0607810914516449,-0.3237585723400116,-0.23090706765651706,103700.0,1000.3300170898438,103700.0,-3.0470759868621826,-1.4556026458740234,1.3502297401428225,103700.0,4.851705551147461,-8.133174896240233,-2.546133518218994,103700.0,2.1080946922302246,-8.586804389953612,-0.1628057211637497
1973,103800.0,-8.402999877929688,-19.892000198364254,-31.658000946044922,103800.0,0.16035212576389313,0.2284636050462723,-0.2015855312347412,103800.0,1000.3900146484376,103800.0,-1.7120494842529297,-3.358631134033203,-0.004155397415161133,103800.0,4.928061008453369,-8.245466232299805,-1.974053740501404,103800.0,1.8046295642852783,-9.588777542114258,-1.195903778076172
1974,103900.0,-7.046000003814697,-19.892000198364254,-31.658000946044922,103900.0,0.16035212576389313,0.2284636050462723,-0.2015855312347412,103900.0,1000.3900146484376,103900.0,-1.7120494842529297,-3.358631134033203,-0.004155397415161133,103900.0,4.928061008453369,-8.245466232299805,-1.974053740501404,103900.0,1.8046295642852783,-9.588777542114258,-1.195903778076172
1975,104000.0,-6.291999816894531,-19.136999130249023,-31.658000946044922,104000.0,0.9214902520179749,0.2138028293848037,0.11209376901388167,104000.0,1000.4099731445312,104000.0,-0.9954512119293212,-1.1492300033569336,3.023038625717163,104000.0,4.544855117797852,-8.689742088317871,-0.05542553588747978,104000.0,3.2160115242004395,-11.604097366333008,-1.978209137916565
1976,104100.0,-5.610000133514403,-19.136999130249023,-27.642000198364247,104100.0,0.9214902520179749,0.2138028293848037,0.11209376901388167,104100.0,1000.4099731445312,104100.0,-0.9954512119293212,-1.1492300033569336,3.023038625717163,104100.0,4.544855117797852,-8.689742088317871,-0.05542553588747978,104100.0,3.2160115242004395,-11.604097366333008,-1.978209137916565
1977,104200.0,-4.931000232696533,-22.43899917602539,-24.02400016784668,104200.0,0.05497787147760391,0.08674286305904387,0.970970332622528,104200.0,1000.3200073242188,104200.0,-0.4020860195159912,0.32323169708251953,2.9286382198333736,104200.0,2.678971767425537,-9.42778205871582,0.3322644531726837,104200.0,3.5494039058685303,-9.838972091674805,2.9676129817962646
1978,104300.0,-4.537000179290772,-23.81999969482422,-21.816999435424805,104300.0,0.05497787147760391,0.08674286305904387,0.970970332622528,104300.0,1000.3200073242188,104300.0,-0.4020860195159912,0.32323169708251953,2.9286382198333736,104300.0,2.678971767425537,-9.42778205871582,0.3322644531726837,104300.0,3.5494039058685303,-9.838972091674805,2.9676129817962646
1979,104400.0,-4.537000179290772,-23.81999969482422,-20.054000854492188,104400.0,0.5421429276466371,1.0726794004440308,1.6563611030578609,104400.0,1000.3499755859376,104400.0,0.26193079352378845,0.8769350051879883,0.010381698608398438,104400.0,-0.6683465242385864,-9.649290084838867,1.6170768737792969,104400.0,2.276885747909546,-9.1045503616333,3.2609026432037367
1980,104000.0,-6.291999816894531,-19.136999130249023,-31.658000946044922,104000.0,0.9214902520179749,0.2138028293848037,0.11209376901388167,104000.0,1000.4099731445312,104000.0,-0.9954512119293212,-1.1492300033569336,3.023038625717163,104000.0,4.544855117797852,-8.689742088317871,-0.05542553588747978,104000.0,3.2160115242004395,-11.604097366333008,-1.978209137916565
1981,104100.0,-5.610000133514403,-19.136999130249023,-27.642000198364247,104100.0,0.9214902520179749,0.2138028293848037,0.11209376901388167,104100.0,1000.4099731445312,104100.0,-0.9954512119293212,-1.1492300033569336,3.023038625717163,104100.0,4.544855117797852,-8.689742088317871,-0.05542553588747978,104100.0,3.2160115242004395,-11.604097366333008,-1.978209137916565
1982,104200.0,-4.931000232696533,-22.43899917602539,-24.02400016784668,104200.0,0.05497787147760391,0.08674286305904387,0.970970332622528,104200.0,1000.3200073242188,104200.0,-0.4020860195159912,0.32323169708251953,2.9286382198333736,104200.0,2.678971767425537,-9.42778205871582,0.3322644531726837,104200.0,3.5494039058685303,-9.838972091674805,2.9676129817962646
1983,104300.0,-4.537000179290772,-23.81999969482422,-21.816999435424805,104300.0,0.05497787147760391,0.08674286305904387,0.970970332622528,104300.0,1000.3200073242188,104300.0,-0.4020860195159912,0.32323169708251953,2.9286382198333736,104300.0,2.678971767425537,-9.42778205871582,0.3322644531726837,104300.0,3.5494039058685303,-9.838972091674805,2.9676129817962646
1984,104400.0,-4.537000179290772,-23.81999969482422,-20.054000854492188,104400.0,0.5421429276466371,1.0726794004440308,1.6563611030578609,104400.0,1000.3499755859376,104400.0,0.26193079352378845,0.8769350051879883,0.010381698608398438,104400.0,-0.6683465242385864,-9.649290084838867,1.6170768737792969,104400.0,2.276885747909546,-9.1045503616333,3.2609026432037367
1985,104500.0,-8.63599967956543,-24.165000915527344,-19.815000534057614,104500.0,-0.4199698567390442,0.20097467303276065,0.019547687843441963,104500.0,1000.25,104500.0,-0.5113071203231812,3.7419915199279785,1.6746078729629517,104500.0,-0.9521486759185792,-9.707743644714355,1.0116864442825315,104500.0,2.276885747909546,-9.1045503616333,3.2609026432037367
1986,104600.0,-11.083000183105467,-24.500999450683594,-19.815000534057614,104600.0,-0.4199698567390442,0.20097467303276065,0.019547687843441963,104600.0,1000.25,104600.0,-0.5113071203231812,3.7419915199279785,1.6746078729629517,104600.0,-0.9521486759185792,-9.707743644714355,1.0116864442825315,104600.0,-0.406415730714798,-8.772355079650879,1.627458572387695
1987,104700.0,-10.737000465393066,-24.038000106811523,-19.15399932861328,104700.0,-0.720820963382721,-0.21594086289405826,-0.7476990818977356,104700.0,1000.25,104700.0,1.6903640031814575,1.1313323974609375,2.9573073387146,104700.0,0.3979784548282623,-9.79834270477295,-0.06690730154514313,104700.0,-1.4634557962417605,-5.965752124786378,2.6862943172454834
1988,104800.0,-9.914999961853027,-20.677000045776367,-18.799999237060547,104800.0,-0.720820963382721,-0.21594086289405826,-0.7476990818977356,104800.0,1000.3400268554688,104800.0,1.6903640031814575,1.1313323974609375,2.9573073387146,104800.0,0.3979784548282623,-9.79834270477295,-0.06690730154514313,104800.0,-1.4634557962417605,-5.965752124786378,2.6862943172454834
1989,104900.0,-10.579999923706056,-16.804000854492188,-18.4379997253418,104900.0,-0.3436116874217987,0.16371189057826996,-1.4761558771133425,104900.0,1000.3300170898438,104900.0,-1.3488963842391968,-0.6496076583862305,-1.9767571687698364,104900.0,2.8919594287872314,-9.349177360534668,-0.6323240995407104,104900.0,2.088342428207397,-8.667010307312013,2.890399932861328
1990,104500.0,-8.63599967956543,-24.165000915527344,-19.815000534057614,104500.0,-0.4199698567390442,0.20097467303276065,0.019547687843441963,104500.0,1000.25,104500.0,-0.5113071203231812,3.7419915199279785,1.6746078729629517,104500.0,-0.9521486759185792,-9.707743644714355,1.0116864442825315,104500.0,2.276885747909546,-9.1045503616333,3.2609026432037367
1991,104600.0,-11.083000183105467,-24.500999450683594,-19.815000534057614,104600.0,-0.4199698567390442,0.20097467303276065,0.019547687843441963,104600.0,1000.25,104600.0,-0.5113071203231812,3.7419915199279785,1.6746078729629517,104600.0,-0.9521486759185792,-9.707743644714355,1.0116864442825315,104600.0,-0.406415730714798,-8.772355079650879,1.627458572387695
1992,104700.0,-10.737000465393066,-24.038000106811523,-19.15399932861328,104700.0,-0.720820963382721,-0.21594086289405826,-0.7476990818977356,104700.0,1000.25,104700.0,1.6903640031814575,1.1313323974609375,2.9573073387146,104700.0,0.3979784548282623,-9.79834270477295,-0.06690730154514313,104700.0,-1.4634557962417605,-5.965752124786378,2.6862943172454834
1993,104800.0,-9.914999961853027,-20.677000045776367,-18.799999237060547,104800.0,-0.720820963382721,-0.21594086289405826,-0.7476990818977356,104800.0,1000.3400268554688,104800.0,1.6903640031814575,1.1313323974609375,2.9573073387146,104800.0,0.3979784548282623,-9.79834270477295,-0.06690730154514313,104800.0,-1.4634557962417605,-5.965752124786378,2.6862943172454834
1994,104900.0,-10.579999923706056,-16.804000854492188,-18.4379997253418,104900.0,-0.3436116874217987,0.16371189057826996,-1.4761558771133425,104900.0,1000.3300170898438,104900.0,-1.3488963842391968,-0.6496076583862305,-1.9767571687698364,104900.0,2.8919594287872314,-9.349177360534668,-0.6323240995407104,104900.0,2.088342428207397,-8.667010307312013,2.890399932861328
1995,105000.0,-9.673999786376953,-16.468000411987305,-18.4379997253418,105000.0,-0.3436116874217987,0.16371189057826996,-1.4761558771133425,105000.0,1000.3300170898438,105000.0,-1.3488963842391968,-0.6496076583862305,-1.9767571687698364,105000.0,2.8919594287872314,-9.349177360534668,-0.6323240995407104,105000.0,2.088342428207397,-8.667010307312013,2.890399932861328
1996,105100.0,-9.361000061035156,-15.892999649047852,-18.4379997253418,105100.0,-0.048258353024721146,-0.4996877610683441,-0.2449569702148437,105100.0,1000.3900146484376,105100.0,-0.5684361457824707,0.55322265625,-0.8621090650558472,105100.0,3.081749439239502,-9.262131690979004,-0.9413233995437622,105100.0,1.543063044548035,-9.998785018920898,-2.609081268310547
1997,105200.0,-11.197999954223633,-15.824000358581545,-18.801000595092773,105200.0,-0.048258353024721146,-0.4996877610683441,-0.2449569702148437,105200.0,1000.3900146484376,105200.0,-0.5684361457824707,0.55322265625,-0.8621090650558472,105200.0,3.081749439239502,-9.262131690979004,-0.9413233995437622,105200.0,1.543063044548035,-9.998785018920898,-2.609081268310547
1998,105300.0,-11.607000350952148,-15.083999633789064,-19.121999740600586,105300.0,-0.06658431142568587,-1.151481032371521,-0.2806925773620605,105300.0,1000.4299926757812,105300.0,-1.987192153930664,-0.7597484588623047,1.7938153743743896,105300.0,3.0202901363372803,-9.208510398864746,-1.5005255937576294,105300.0,2.5133132934570317,-8.708909034729004,-1.8034324645996087
1999,105400.0,-11.607000350952148,-14.711999893188475,-19.121999740600586,105400.0,-0.06658431142568587,-1.151481032371521,-0.2806925773620605,105400.0,1000.27001953125,105400.0,-1.987192153930664,-0.7597484588623047,1.7938153743743896,105400.0,3.0202901363372803,-9.208510398864746,-1.5005255937576294,105400.0,1.0330979824066162,-9.96825885772705,0.2932897210121155
2000,105000.0,-9.673999786376953,-16.468000411987305,-18.4379997253418,105000.0,-0.3436116874217987,0.16371189057826996,-1.4761558771133425,105000.0,1000.3300170898438,105000.0,-1.3488963842391968,-0.6496076583862305,-1.9767571687698364,105000.0,2.8919594287872314,-9.349177360534668,-0.6323240995407104,105000.0,2.088342428207397,-8.667010307312013,2.890399932861328
2001,105100.0,-9.361000061035156,-15.892999649047852,-18.4379997253418,105100.0,-0.048258353024721146,-0.4996877610683441,-0.2449569702148437,105100.0,1000.3900146484376,105100.0,-0.5684361457824707,0.55322265625,-0.8621090650558472,105100.0,3.081749439239502,-9.262131690979004,-0.9413233995437622,105100.0,1.543063044548035,-9.998785018920898,-2.609081268310547
2002,105200.0,-11.197999954223633,-15.824000358581545,-18.801000595092773,105200.0,-0.048258353024721146,-0.4996877610683441,-0.2449569702148437,105200.0,1000.3900146484376,105200.0,-0.5684361457824707,0.55322265625,-0.8621090650558472,105200.0,3.081749439239502,-9.262131690979004,-0.9413233995437622,105200.0,1.543063044548035,-9.998785018920898,-2.609081268310547
2003,105300.0,-11.607000350952148,-15.083999633789064,-19.121999740600586,105300.0,-0.06658431142568587,-1.151481032371521,-0.2806925773620605,105300.0,1000.4299926757812,105300.0,-1.987192153930664,-0.7597484588623047,1.7938153743743896,105300.0,3.0202901363372803,-9.208510398864746,-1.5005255937576294,105300.0,2.5133132934570317,-8.708909034729004,-1.8034324645996087
2004,105400.0,-11.607000350952148,-14.711999893188475,-19.121999740600586,105400.0,-0.06658431142568587,-1.151481032371521,-0.2806925773620605,105400.0,1000.27001953125,105400.0,-1.987192153930664,-0.7597484588623047,1.7938153743743896,105400.0,3.0202901363372803,-9.208510398864746,-1.5005255937576294,105400.0,1.0330979824066162,-9.96825885772705,0.2932897210121155
2005,105500.0,-11.923999786376953,-14.340999603271484,-18.774999618530273,105500.0,-0.21349740028381348,-0.1820378452539444,-0.4074471294879913,105500.0,1000.27001953125,105500.0,-0.06622695922851562,-2.400890350341797,1.1314332485198977,105500.0,3.465394735336304,-8.996108055114746,-1.7976199388504028,105500.0,1.0330979824066162,-9.96825885772705,0.2932897210121155
2006,105600.0,-11.923999786376953,-14.02400016784668,-18.041000366210934,105600.0,1.5635095834732056,0.10323622822761536,-0.02718350291252136,105600.0,1000.52001953125,105600.0,-1.176576852798462,-1.3358650207519531,0.9562784433364868,105600.0,3.2373859882354736,-9.186651229858398,1.1380494832992554,105600.0,3.399167776107788,-11.396998405456545,-0.6661866307258606
2007,105700.0,-11.595999717712402,-14.02400016784668,-17.23699951171875,105700.0,1.5635095834732056,0.10323622822761536,-0.02718350291252136,105700.0,1000.52001953125,105700.0,-1.176576852798462,-1.3358650207519531,0.9562784433364868,105700.0,3.2373859882354736,-9.186651229858398,1.1380494832992554,105700.0,3.399167776107788,-11.396998405456545,-0.6661866307258606
2008,105800.0,-11.595999717712402,-16.21500015258789,-15.156000137329102,105800.0,0.30115658044815063,-0.4499022662639618,1.4294246435165403,105800.0,1000.3699951171876,105800.0,-3.2809159755706787,-5.283535957336426,0.6165653467178345,105800.0,0.12835107743740082,-9.640121459960938,1.7949942350387569,105800.0,2.060809135437012,-10.522516250610352,2.0943279266357417
2009,105900.0,-14.97599983215332,-16.731000900268555,-13.748000144958494,105900.0,0.30115658044815063,-0.4499022662639618,1.4294246435165403,105900.0,1000.3699951171876,105900.0,-3.2809159755706787,-5.283535957336426,0.6165653467178345,105900.0,0.12835107743740082,-9.640121459960938,1.7949942350387569,105900.0,2.060809135437012,-10.522516250610352,2.0943279266357417
2010,105500.0,-11.923999786376953,-14.340999603271484,-18.774999618530273,105500.0,-0.21349740028381348,-0.1820378452539444,-0.4074471294879913,105500.0,1000.27001953125,105500.0,-0.06622695922851562,-2.400890350341797,1.1314332485198977,105500.0,3.465394735336304,-8.996108055114746,-1.7976199388504028,105500.0,1.0330979824066162,-9.96825885772705,0.2932897210121155
2011,105600.0,-11.923999786376953,-14.02400016784668,-18.041000366210934,105600.0,1.5635095834732056,0.10323622822761536,-0.02718350291252136,105600.0,1000.52001953125,105600.0,-1.176576852798462,-1.3358650207519531,0.9562784433364868,105600.0,3.2373859882354736,-9.186651229858398,1.1380494832992554,105600.0,3.399167776107788,-11.396998405456545,-0.6661866307258606
2012,105700.0,-11.595999717712402,-14.02400016784668,-17.23699951171875,105700.0,1.5635095834732056,0.10323622822761536,-0.02718350291252136,105700.0,1000.52001953125,105700.0,-1.176576852798462,-1.3358650207519531,0.9562784433364868,105700.0,3.2373859882354736,-9.186651229858398,1.1380494832992554,105700.0,3.399167776107788,-11.396998405456545,-0.6661866307258606
2013,105800.0,-11.595999717712402,-16.21500015258789,-15.156000137329102,105800.0,0.30115658044815063,-0.4499022662639618,1.4294246435165403,105800.0,1000.3699951171876,105800.0,-3.2809159755706787,-5.283535957336426,0.6165653467178345,105800.0,0.12835107743740082,-9.640121459960938,1.7949942350387569,105800.0,2.060809135437012,-10.522516250610352,2.0943279266357417
2014,105900.0,-14.97599983215332,-16.731000900268555,-13.748000144958494,105900.0,0.30115658044815063,-0.4499022662639618,1.4294246435165403,105900.0,1000.3699951171876,105900.0,-3.2809159755706787,-5.283535957336426,0.6165653467178345,105900.0,0.12835107743740082,-9.640121459960938,1.7949942350387569,105900.0,2.060809135437012,-10.522516250610352,2.0943279266357417
2015,106000.0,-23.25399971008301,-17.045000076293945,-11.006999969482422,106000.0,0.9804387092590332,-0.702800452709198,2.688417911529541,106000.0,1000.260009765625,106000.0,4.049046516418457,0.12814903259277344,-1.898254156112671,106000.0,-4.05203914642334,-8.097847938537598,3.7651329040527344,106000.0,-3.1525650024414062,-14.923657417297365,2.411559581756592
2016,106100.0,-29.24900054931641,-17.361000061035153,-6.364999771118164,106100.0,0.9804387092590332,-0.702800452709198,2.688417911529541,106100.0,1000.260009765625,106100.0,4.049046516418457,0.12814903259277344,-1.898254156112671,106100.0,-4.05203914642334,-8.097847938537598,3.7651329040527344,106100.0,-3.1525650024414062,-14.923657417297365,2.411559581756592
2017,106200.0,-31.85099983215332,-16.183000564575195,-2.384000062942505,106200.0,-0.4578435122966766,-1.4019356966018677,0.32162055373191833,106200.0,1000.260009765625,106200.0,-0.5046067237854004,4.81612491607666,-0.2874577045440674,106200.0,-3.70499849319458,-8.017172813415527,4.262431144714356,106200.0,-0.002992752008140087,-7.969698905944824,1.8668787479400641
2018,106300.0,-31.52599906921387,-15.246000289916992,-0.3610000014305115,106300.0,-0.8637634515762329,0.035124752670526505,-0.7055493593215942,106300.0,1000.260009765625,106300.0,-3.4543254375457764,-8.560798645019531,10.29588222503662,106300.0,-2.819679975509644,-8.883953094482422,3.0487995147705083,106300.0,-0.002992752008140087,-7.969698905944824,1.8668787479400641
2019,106400.0,-31.500999450683594,-15.246000289916992,4.559000015258789,106400.0,-0.8637634515762329,0.035124752670526505,-0.7055493593215942,106400.0,1000.2999877929688,106400.0,-3.4543254375457764,-8.560798645019531,10.29588222503662,106400.0,-2.819679975509644,-8.883953094482422,3.0487995147705083,106400.0,-4.2096052169799805,-3.201047658920288,3.974973440170288
2020,106000.0,-23.25399971008301,-17.045000076293945,-11.006999969482422,106000.0,0.9804387092590332,-0.702800452709198,2.688417911529541,106000.0,1000.260009765625,106000.0,4.049046516418457,0.12814903259277344,-1.898254156112671,106000.0,-4.05203914642334,-8.097847938537598,3.7651329040527344,106000.0,-3.1525650024414062,-14.923657417297365,2.411559581756592
2021,106100.0,-29.24900054931641,-17.361000061035153,-6.364999771118164,106100.0,0.9804387092590332,-0.702800452709198,2.688417911529541,106100.0,1000.260009765625,106100.0,4.049046516418457,0.12814903259277344,-1.898254156112671,106100.0,-4.05203914642334,-8.097847938537598,3.7651329040527344,106100.0,-3.1525650024414062,-14.923657417297365,2.411559581756592
2022,106200.0,-31.85099983215332,-16.183000564575195,-2.384000062942505,106200.0,-0.4578435122966766,-1.4019356966018677,0.32162055373191833,106200.0,1000.260009765625,106200.0,-0.5046067237854004,4.81612491607666,-0.2874577045440674,106200.0,-3.70499849319458,-8.017172813415527,4.262431144714356,106200.0,-0.002992752008140087,-7.969698905944824,1.8668787479400641
2023,106300.0,-31.52599906921387,-15.246000289916992,-0.3610000014305115,106300.0,-0.8637634515762329,0.035124752670526505,-0.7055493593215942,106300.0,1000.260009765625,106300.0,-3.4543254375457764,-8.560798645019531,10.29588222503662,106300.0,-2.819679975509644,-8.883953094482422,3.0487995147705083,106300.0,-0.002992752008140087,-7.969698905944824,1.8668787479400641
2024,106400.0,-31.500999450683594,-15.246000289916992,4.559000015258789,106400.0,-0.8637634515762329,0.035124752670526505,-0.7055493593215942,106400.0,1000.2999877929688,106400.0,-3.4543254375457764,-8.560798645019531,10.29588222503662,106400.0,-2.819679975509644,-8.883953094482422,3.0487995147705083,106400.0,-4.2096052169799805,-3.201047658920288,3.974973440170288
2025,106500.0,-31.85700035095215,-14.91800022125244,4.810999870300293,106500.0,-0.8768970370292664,-1.1676689386367798,-0.8680394887924194,106500.0,1000.260009765625,106500.0,-0.9811599850654602,3.495905876159668,-2.272817850112915,106500.0,1.5144684314727783,-9.681325912475586,0.3855883479118347,106500.0,-6.27400541305542,-17.444751739501953,13.344681739807127
2026,106600.0,-31.85700035095215,-15.35099983215332,1.440999984741211,106600.0,-0.8768970370292664,-1.1676689386367798,-0.8680394887924194,106600.0,1000.260009765625,106600.0,-0.9811599850654602,3.495905876159668,-2.272817850112915,106600.0,1.5144684314727783,-9.681325912475586,0.3855883479118347,106600.0,-6.27400541305542,-17.444751739501953,13.344681739807127
2027,106700.0,-31.48600006103516,-17.929000854492188,1.305999994277954,106700.0,-0.1365283876657486,0.769690215587616,-1.0803152322769165,106700.0,1000.280029296875,106700.0,-0.13521218299865725,2.197607517242432,-1.1702759265899658,106700.0,1.488534688949585,-9.510696411132812,1.8711785078048704,106700.0,0.5333084464073181,-6.185420036315918,-1.8872294425964355
2028,106800.0,-31.13999938964844,-21.554000854492188,4.406000137329102,106800.0,-0.1365283876657486,0.769690215587616,-1.0803152322769165,106800.0,1000.280029296875,106800.0,-0.13521218299865725,2.197607517242432,-1.1702759265899658,106800.0,1.488534688949585,-9.510696411132812,1.8711785078048704,106800.0,0.5333084464073181,-6.185420036315918,-1.8872294425964355
2029,106900.0,-30.39699935913086,-24.89699935913086,10.17300033569336,106900.0,-0.07116580009460449,-1.7763961553573608,-0.5283984541893005,106900.0,1000.2999877929688,106900.0,1.1964415311813354,1.3089141845703125,-2.834963321685791,106900.0,1.531751275062561,-9.604823112487793,1.25359308719635,106900.0,1.3533225059509275,-7.313088893890381,0.70090252161026
2030,106500.0,-31.85700035095215,-14.91800022125244,4.810999870300293,106500.0,-0.8768970370292664,-1.1676689386367798,-0.8680394887924194,106500.0,1000.260009765625,106500.0,-0.9811599850654602,3.495905876159668,-2.272817850112915,106500.0,1.5144684314727783,-9.681325912475586,0.3855883479118347,106500.0,-6.27400541305542,-17.444751739501953,13.344681739807127
2031,106600.0,-31.85700035095215,-15.35099983215332,1.440999984741211,106600.0,-0.8768970370292664,-1.1676689386367798,-0.8680394887924194,106600.0,1000.260009765625,106600.0,-0.9811599850654602,3.495905876159668,-2.272817850112915,106600.0,1.5144684314727783,-9.681325912475586,0.3855883479118347,106600.0,-6.27400541305542,-17.444751739501953,13.344681739807127
2032,106700.0,-31.48600006103516,-17.929000854492188,1.305999994277954,106700.0,-0.1365283876657486,0.769690215587616,-1.0803152322769165,106700.0,1000.280029296875,106700.0,-0.13521218299865725,2.197607517242432,-1.1702759265899658,106700.0,1.488534688949585,-9.510696411132812,1.8711785078048704,106700.0,0.5333084464073181,-6.185420036315918,-1.8872294425964355
2033,106800.0,-31.13999938964844,-21.554000854492188,4.406000137329102,106800.0,-0.1365283876657486,0.769690215587616,-1.0803152322769165,106800.0,1000.280029296875,106800.0,-0.13521218299865725,2.197607517242432,-1.1702759265899658,106800.0,1.488534688949585,-9.510696411132812,1.8711785078048704,106800.0,0.5333084464073181,-6.185420036315918,-1.8872294425964355
2034,106900.0,-30.39699935913086,-24.89699935913086,10.17300033569336,106900.0,-0.07116580009460449,-1.7763961553573608,-0.5283984541893005,106900.0,1000.2999877929688,106900.0,1.1964415311813354,1.3089141845703125,-2.834963321685791,106900.0,1.531751275062561,-9.604823112487793,1.25359308719635,106900.0,1.3533225059509275,-7.313088893890381,0.70090252161026
2035,107000.0,-29.572999954223643,-30.01499938964844,11.80500030517578,107000.0,-0.07116580009460449,-1.7763961553573608,-0.5283984541893005,107000.0,1000.2999877929688,107000.0,1.1964415311813354,1.3089141845703125,-2.834963321685791,107000.0,1.531751275062561,-9.604823112487793,1.25359308719635,107000.0,1.3533225059509275,-7.313088893890381,0.70090252161026
2036,107100.0,-26.069000244140625,-34.28099822998047,13.045999526977539,107100.0,-0.12522737681865692,-0.8952230215072632,-1.0839803218841553,107100.0,1000.25,107100.0,-2.5672223567962646,-1.4672307968139648,0.010168910026550293,107100.0,2.1757702827453613,-9.48564338684082,1.207881212234497,107100.0,2.7281928062438965,-8.29590892791748,-1.581370234489441
2037,107200.0,-19.989999771118164,-37.79999923706055,18.68199920654297,107200.0,-0.12522737681865692,-0.8952230215072632,-1.0839803218841553,107200.0,1000.25,107200.0,-2.5672223567962646,-1.4672307968139648,0.010168910026550293,107200.0,2.1757702827453613,-9.48564338684082,1.207881212234497,107200.0,2.7281928062438965,-8.29590892791748,-1.581370234489441
2038,107300.0,-21.450000762939453,-37.071998596191406,27.011999130249023,107300.0,2.1591031551361084,-1.428202986717224,2.358245372772217,107300.0,1000.3300170898438,107300.0,7.506418704986572,-5.072264671325684,-8.09902286529541,107300.0,-2.498945713043213,-8.174254417419434,4.806995868682861,107300.0,-0.39145198464393616,-10.952874183654783,1.2180501222610474
2039,107400.0,-25.899999618530273,-28.59900093078613,42.2400016784668,107400.0,2.3793201446533203,-1.0735956430435178,3.204599142074585,107400.0,1000.3300170898438,107400.0,10.819558143615724,-2.2131237983703613,-8.943806648254395,107400.0,-3.4130949974060063,-7.989766597747803,4.548052310943604,107400.0,5.0074729919433585,-13.246519088745115,-3.292027235031128
2040,107000.0,-29.572999954223643,-30.01499938964844,11.80500030517578,107000.0,-0.07116580009460449,-1.7763961553573608,-0.5283984541893005,107000.0,1000.2999877929688,107000.0,1.1964415311813354,1.3089141845703125,-2.834963321685791,107000.0,1.531751275062561,-9.604823112487793,1.25359308719635,107000.0,1.3533225059509275,-7.313088893890381,0.70090252161026
2041,107100.0,-26.069000244140625,-34.28099822998047,13.045999526977539,107100.0,-0.12522737681865692,-0.8952230215072632,-1.0839803218841553,107100.0,1000.25,107100.0,-2.5672223567962646,-1.4672307968139648,0.010168910026550293,107100.0,2.1757702827453613,-9.48564338684082,1.207881212234497,107100.0,2.7281928062438965,-8.29590892791748,-1.581370234489441
2042,107200.0,-19.989999771118164,-37.79999923706055,18.68199920654297,107200.0,-0.12522737681865692,-0.8952230215072632,-1.0839803218841553,107200.0,1000.25,107200.0,-2.5672223567962646,-1.4672307968139648,0.010168910026550293,107200.0,2.1757702827453613,-9.48564338684082,1.207881212234497,107200.0,2.7281928062438965,-8.29590892791748,-1.581370234489441
2043,107300.0,-21.450000762939453,-37.071998596191406,27.011999130249023,107300.0,2.1591031551361084,-1.428202986717224,2.358245372772217,107300.0,1000.3300170898438,107300.0,7.506418704986572,-5.072264671325684,-8.09902286529541,107300.0,-2.498945713043213,-8.174254417419434,4.806995868682861,107300.0,-0.39145198464393616,-10.952874183654783,1.2180501222610474
2044,107400.0,-25.899999618530273,-28.59900093078613,42.2400016784668,107400.0,2.3793201446533203,-1.0735956430435178,3.204599142074585,107400.0,1000.3300170898438,107400.0,10.819558143615724,-2.2131237983703613,-8.943806648254395,107400.0,-3.4130949974060063,-7.989766597747803,4.548052310943604,107400.0,5.0074729919433585,-13.246519088745115,-3.292027235031128
2045,107500.0,-27.57200050354004,-13.861000061035154,52.97600173950195,107500.0,2.3793201446533203,-1.0735956430435178,3.204599142074585,107500.0,1000.3300170898438,107500.0,10.819558143615724,-2.2131237983703613,-8.943806648254395,107500.0,-3.4130949974060063,-7.989766597747803,4.548052310943604,107500.0,5.0074729919433585,-13.246519088745115,-3.292027235031128
2046,107600.0,-21.746000289916992,-1.937000036239624,59.08000183105469,107600.0,-0.2483167201280594,-1.1661417484283447,1.8139643669128416,107600.0,1000.2100219726564,107600.0,4.205253601074219,1.7747912406921391,-3.024449110031128,107600.0,-4.9211201667785645,-6.712233543395996,5.186413288116455,107600.0,7.406463146209718,-10.202890396118164,-4.395754337310791
2047,107700.0,-10.208999633789064,0.03799999877810478,61.84600067138672,107700.0,-0.2483167201280594,-1.1661417484283447,1.8139643669128416,107700.0,1000.2100219726564,107700.0,4.205253601074219,1.7747912406921391,-3.024449110031128,107700.0,-4.9211201667785645,-6.712233543395996,5.186413288116455,107700.0,7.406463146209718,-10.202890396118164,-4.395754337310791
2048,107800.0,0.07400000095367433,-5.880000114440918,64.02400207519531,107800.0,-0.8038986921310425,-2.502714872360229,0.5809328556060791,107800.0,1000.3200073242188,107800.0,5.495724678039551,-11.89864730834961,-4.825067043304443,107800.0,-3.2266199588775635,-6.95988130569458,6.108957767486572,107800.0,-0.7158663272857666,-4.9374423027038565,2.1619641780853267
2049,107900.0,6.99399995803833,-10.817999839782717,63.57099914550781,107900.0,-0.8038986921310425,-2.502714872360229,0.5809328556060791,107900.0,1000.3200073242188,107900.0,5.495724678039551,-11.89864730834961,-4.825067043304443,107900.0,-3.2266199588775635,-6.95988130569458,6.108957767486572,107900.0,-0.7158663272857666,-4.9374423027038565,2.1619641780853267
2050,107500.0,-27.57200050354004,-13.861000061035154,52.97600173950195,107500.0,2.3793201446533203,-1.0735956430435178,3.204599142074585,107500.0,1000.3300170898438,107500.0,10.819558143615724,-2.2131237983703613,-8.943806648254395,107500.0,-3.4130949974060063,-7.989766597747803,4.548052310943604,107500.0,5.0074729919433585,-13.246519088745115,-3.292027235031128
2051,107600.0,-21.746000289916992,-1.937000036239624,59.08000183105469,107600.0,-0.2483167201280594,-1.1661417484283447,1.8139643669128416,107600.0,1000.2100219726564,107600.0,4.205253601074219,1.7747912406921391,-3.024449110031128,107600.0,-4.9211201667785645,-6.712233543395996,5.186413288116455,107600.0,7.406463146209718,-10.202890396118164,-4.395754337310791
2052,107700.0,-10.208999633789064,0.03799999877810478,61.84600067138672,107700.0,-0.2483167201280594,-1.1661417484283447,1.8139643669128416,107700.0,1000.2100219726564,107700.0,4.205253601074219,1.7747912406921391,-3.024449110031128,107700.0,-4.9211201667785645,-6.712233543395996,5.186413288116455,107700.0,7.406463146209718,-10.202890396118164,-4.395754337310791
2053,107800.0,0.07400000095367433,-5.880000114440918,64.02400207519531,107800.0,-0.8038986921310425,-2.502714872360229,0.5809328556060791,107800.0,1000.3200073242188,107800.0,5.495724678039551,-11.89864730834961,-4.825067043304443,107800.0,-3.2266199588775635,-6.95988130569458,6.108957767486572,107800.0,-0.7158663272857666,-4.9374423027038565,2.1619641780853267
2054,107900.0,6.99399995803833,-10.817999839782717,63.57099914550781,107900.0,-0.8038986921310425,-2.502714872360229,0.5809328556060791,107900.0,1000.3200073242188,107900.0,5.495724678039551,-11.89864730834961,-4.825067043304443,107900.0,-3.2266199588775635,-6.95988130569458,6.108957767486572,107900.0,-0.7158663272857666,-4.9374423027038565,2.1619641780853267
2055,108000.0,7.635000228881836,-21.239999771118164,63.12699890136719,108000.0,-0.9056077003479004,-0.7296785116195679,-1.0803152322769165,108000.0,1000.3400268554688,108000.0,3.587997436523437,3.3224873542785645,-5.932154655456543,108000.0,-1.112991452217102,-8.21563720703125,5.2378363609313965,108000.0,2.269104719161988,-18.85852813720703,1.2838906049728394
2056,108100.0,14.717000007629395,-28.64800071716309,59.62200164794922,108100.0,-0.9056077003479004,-0.7296785116195679,-1.0803152322769165,108100.0,1000.3400268554688,108100.0,3.587997436523437,3.3224873542785645,-5.932154655456543,108100.0,-1.112991452217102,-8.21563720703125,5.2378363609313965,108100.0,2.269104719161988,-18.85852813720703,1.2838906049728394
2057,108200.0,22.33099937438965,-28.46199989318848,55.31999969482422,108200.0,0.20952677726745605,-1.066265344619751,-1.2684617042541504,108200.0,1000.25,108200.0,-1.4671471118927002,0.3774223327636719,-0.2754582762718201,108200.0,3.526759147644043,-9.136609077453613,0.5047031044960022,108200.0,2.475006103515625,-4.8931498527526855,-0.6943184733390808
2058,108300.0,29.46999931335449,-21.53400039672852,54.37099838256836,108300.0,-1.1465940475463867,-0.7965682744979858,0.04306599870324135,108300.0,1000.27001953125,108300.0,1.1564810276031494,1.0713977813720703,2.591022491455078,108300.0,1.263458251953125,-9.609121322631836,-1.496273636817932,108300.0,2.0596120357513428,-8.759186744689941,0.2292448133230209
2059,108400.0,28.50900077819824,-25.256999969482425,52.972999572753906,108400.0,-1.1465940475463867,-0.7965682744979858,0.04306599870324135,108400.0,1000.27001953125,108400.0,1.1564810276031494,1.0713977813720703,2.591022491455078,108400.0,1.263458251953125,-9.609121322631836,-1.496273636817932,108400.0,2.0596120357513428,-8.759186744689941,0.2292448133230209
2060,108000.0,7.635000228881836,-21.239999771118164,63.12699890136719,108000.0,-0.9056077003479004,-0.7296785116195679,-1.0803152322769165,108000.0,1000.3400268554688,108000.0,3.587997436523437,3.3224873542785645,-5.932154655456543,108000.0,-1.112991452217102,-8.21563720703125,5.2378363609313965,108000.0,2.269104719161988,-18.85852813720703,1.2838906049728394
2061,108100.0,14.717000007629395,-28.64800071716309,59.62200164794922,108100.0,-0.9056077003479004,-0.7296785116195679,-1.0803152322769165,108100.0,1000.3400268554688,108100.0,3.587997436523437,3.3224873542785645,-5.932154655456543,108100.0,-1.112991452217102,-8.21563720703125,5.2378363609313965,108100.0,2.269104719161988,-18.85852813720703,1.2838906049728394
2062,108200.0,22.33099937438965,-28.46199989318848,55.31999969482422,108200.0,0.20952677726745605,-1.066265344619751,-1.2684617042541504,108200.0,1000.25,108200.0,-1.4671471118927002,0.3774223327636719,-0.2754582762718201,108200.0,3.526759147644043,-9.136609077453613,0.5047031044960022,108200.0,2.475006103515625,-4.8931498527526855,-0.6943184733390808
2063,108300.0,29.46999931335449,-21.53400039672852,54.37099838256836,108300.0,-1.1465940475463867,-0.7965682744979858,0.04306599870324135,108300.0,1000.27001953125,108300.0,1.1564810276031494,1.0713977813720703,2.591022491455078,108300.0,1.263458251953125,-9.609121322631836,-1.496273636817932,108300.0,2.0596120357513428,-8.759186744689941,0.2292448133230209
2064,108400.0,28.50900077819824,-25.256999969482425,52.972999572753906,108400.0,-1.1465940475463867,-0.7965682744979858,0.04306599870324135,108400.0,1000.27001953125,108400.0,1.1564810276031494,1.0713977813720703,2.591022491455078,108400.0,1.263458251953125,-9.609121322631836,-1.496273636817932,108400.0,2.0596120357513428,-8.759186744689941,0.2292448133230209
2065,108500.0,27.67300033569336,-27.393999099731445,53.42499923706055,108500.0,-0.21930062770843506,0.39095374941825867,-0.41202861070632935,108500.0,1000.260009765625,108500.0,-0.4431009292602539,-1.396453857421875,-1.9926484823226929,108500.0,2.093304395675659,-9.578566551208496,0.19879283010959625,108500.0,2.4199392795562744,-8.537723541259767,1.0947487354278564
2066,108600.0,27.20400047302246,-27.084999084472656,53.00699996948242,108600.0,-0.21930062770843506,0.39095374941825867,-0.41202861070632935,108600.0,1000.260009765625,108600.0,-0.4431009292602539,-1.396453857421875,-1.9926484823226929,108600.0,2.093304395675659,-9.578566551208496,0.19879283010959625,108600.0,2.4199392795562744,-8.537723541259767,1.0947487354278564
2067,108700.0,27.770000457763672,-26.10400009155273,52.64699935913086,108700.0,0.8576548099517822,0.5464189648628235,0.057115901261568076,108700.0,1000.27001953125,108700.0,1.7797542810440063,0.1417837142944336,-1.2014012336730957,108700.0,1.324926733970642,-9.478571891784668,2.1381325721740723,108700.0,1.6502034664154053,-10.975020408630373,-1.7938556671142578
2068,108800.0,26.965999603271484,-22.18099975585937,52.64699935913086,108800.0,0.8576548099517822,0.5464189648628235,0.057115901261568076,108800.0,1000.27001953125,108800.0,1.7797542810440063,0.1417837142944336,-1.2014012336730957,108800.0,1.324926733970642,-9.478571891784668,2.1381325721740723,108800.0,1.6502034664154053,-10.975020408630373,-1.7938556671142578
2069,108900.0,23.44499969482422,-14.940999984741213,53.0880012512207,108900.0,0.341168224811554,-0.08032877743244171,0.8426886200904846,108900.0,1000.3099975585938,108900.0,2.0865206718444824,-0.05291748046875,2.094687938690185,108900.0,0.15684622526168826,-9.70644760131836,1.3894742727279663,108900.0,3.1046810150146484,-9.336788177490234,0.9367313981056212
2070,108500.0,27.67300033569336,-27.393999099731445,53.42499923706055,108500.0,-0.21930062770843506,0.39095374941825867,-0.41202861070632935,108500.0,1000.260009765625,108500.0,-0.4431009292602539,-1.396453857421875,-1.9926484823226929,108500.0,2.093304395675659,-9.578566551208496,0.19879283010959625,108500.0,2.4199392795562744,-8.537723541259767,1.0947487354278564
2071,108600.0,27.20400047302246,-27.084999084472656,53.00699996948242,108600.0,-0.21930062770843506,0.39095374941825867,-0.41202861070632935,108600.0,1000.260009765625,108600.0,-0.4431009292602539,-1.396453857421875,-1.9926484823226929,108600.0,2.093304395675659,-9.578566551208496,0.19879283010959625,108600.0,2.4199392795562744,-8.537723541259767,1.0947487354278564
2072,108700.0,27.770000457763672,-26.10400009155273,52.64699935913086,108700.0,0.8576548099517822,0.5464189648628235,0.057115901261568076,108700.0,1000.27001953125,108700.0,1.7797542810440063,0.1417837142944336,-1.2014012336730957,108700.0,1.324926733970642,-9.478571891784668,2.1381325721740723,108700.0,1.6502034664154053,-10.975020408630373,-1.7938556671142578
2073,108800.0,26.965999603271484,-22.18099975585937,52.64699935913086,108800.0,0.8576548099517822,0.5464189648628235,0.057115901261568076,108800.0,1000.27001953125,108800.0,1.7797542810440063,0.1417837142944336,-1.2014012336730957,108800.0,1.324926733970642,-9.478571891784668,2.1381325721740723,108800.0,1.6502034664154053,-10.975020408630373,-1.7938556671142578
2074,108900.0,23.44499969482422,-14.940999984741213,53.0880012512207,108900.0,0.341168224811554,-0.08032877743244171,0.8426886200904846,108900.0,1000.3099975585938,108900.0,2.0865206718444824,-0.05291748046875,2.094687938690185,108900.0,0.15684622526168826,-9.70644760131836,1.3894742727279663,108900.0,3.1046810150146484,-9.336788177490234,0.9367313981056212
2075,109000.0,16.363000869750973,-16.437999725341793,56.20500183105469,109000.0,0.341168224811554,-0.08032877743244171,0.8426886200904846,109000.0,1000.3099975585938,109000.0,2.0865206718444824,-0.05291748046875,2.094687938690185,109000.0,0.15684622526168826,-9.70644760131836,1.3894742727279663,109000.0,3.1046810150146484,-9.336788177490234,0.9367313981056212
2076,109100.0,11.798999786376953,-14.538000106811525,58.42699813842773,109100.0,0.4877758920192719,-0.08765916526317596,1.4703526496887207,109100.0,1000.1799926757812,109100.0,1.8052349090576167,0.9861011505126952,0.5731873512268066,109100.0,-1.0187395811080933,-9.578890800476074,1.83777379989624,109100.0,2.2433669567108154,-9.75936508178711,3.4841620922088623
2077,109200.0,5.4790000915527335,-13.015000343322756,60.42900085449219,109200.0,0.3796527385711671,0.8845328688621521,0.19028452038764954,109200.0,1000.1599731445312,109200.0,-2.0724630355834956,3.9523262977600098,0.2856566905975342,109200.0,0.6892129778862,-9.572714805603027,2.0145726203918457,109200.0,0.7864952683448792,-8.592789649963379,2.410961151123047
2078,109300.0,3.122999906539917,-8.64799976348877,60.42900085449219,109300.0,0.3796527385711671,0.8845328688621521,0.19028452038764954,109300.0,1000.1599731445312,109300.0,-2.0724630355834956,3.9523262977600098,0.2856566905975342,109300.0,0.6892129778862,-9.572714805603027,2.0145726203918457,109300.0,0.7864952683448792,-8.592789649963379,2.410961151123047
2079,109400.0,2.736999988555908,-10.50100040435791,60.861000061035156,109400.0,-0.8970556259155273,0.3182607889175415,-0.6029239892959595,109400.0,1000.2000122070312,109400.0,-5.7189531326293945,-7.8413896560668945,-2.6989543437957764,109400.0,1.4752309322357178,-9.673991203308104,0.6387438774108887,109400.0,-1.3832499980926514,-5.6203885078430185,2.30022931098938
2080,109000.0,16.363000869750973,-16.437999725341793,56.20500183105469,109000.0,0.341168224811554,-0.08032877743244171,0.8426886200904846,109000.0,1000.3099975585938,109000.0,2.0865206718444824,-0.05291748046875,2.094687938690185,109000.0,0.15684622526168826,-9.70644760131836,1.3894742727279663,109000.0,3.1046810150146484,-9.336788177490234,0.9367313981056212
2081,109100.0,11.798999786376953,-14.538000106811525,58.42699813842773,109100.0,0.4877758920192719,-0.08765916526317596,1.4703526496887207,109100.0,1000.1799926757812,109100.0,1.8052349090576167,0.9861011505126952,0.5731873512268066,109100.0,-1.0187395811080933,-9.578890800476074,1.83777379989624,109100.0,2.2433669567108154,-9.75936508178711,3.4841620922088623
2082,109200.0,5.4790000915527335,-13.015000343322756,60.42900085449219,109200.0,0.3796527385711671,0.8845328688621521,0.19028452038764954,109200.0,1000.1599731445312,109200.0,-2.0724630355834956,3.9523262977600098,0.2856566905975342,109200.0,0.6892129778862,-9.572714805603027,2.0145726203918457,109200.0,0.7864952683448792,-8.592789649963379,2.410961151123047
2083,109300.0,3.122999906539917,-8.64799976348877,60.42900085449219,109300.0,0.3796527385711671,0.8845328688621521,0.19028452038764954,109300.0,1000.1599731445312,109300.0,-2.0724630355834956,3.9523262977600098,0.2856566905975342,109300.0,0.6892129778862,-9.572714805603027,2.0145726203918457,109300.0,0.7864952683448792,-8.592789649963379,2.410961151123047
2084,109400.0,2.736999988555908,-10.50100040435791,60.861000061035156,109400.0,-0.8970556259155273,0.3182607889175415,-0.6029239892959595,109400.0,1000.2000122070312,109400.0,-5.7189531326293945,-7.8413896560668945,-2.6989543437957764,109400.0,1.4752309322357178,-9.673991203308104,0.6387438774108887,109400.0,-1.3832499980926514,-5.6203885078430185,2.30022931098938
2085,109500.0,2.0369999408721924,-16.115999221801758,61.26499938964844,109500.0,-0.8970556259155273,0.3182607889175415,-0.6029239892959595,109500.0,1000.2000122070312,109500.0,-5.7189531326293945,-7.8413896560668945,-2.6989543437957764,109500.0,1.4752309322357178,-9.673991203308104,0.6387438774108887,109500.0,-1.3832499980926514,-5.6203885078430185,2.30022931098938
2086,109600.0,2.440999984741211,-22.121999740600586,61.63600158691406,109600.0,-0.4792237877845764,1.1951578855514526,-0.9731083512306212,109600.0,1000.25,109600.0,-1.0784168243408203,3.033616065979004,-0.7057329416275024,109600.0,2.29945969581604,-9.53088092803955,0.2125274091959,109600.0,-4.243722438812257,-17.515380859375,-2.060210466384888
2087,109700.0,3.4130001068115234,-25.70800018310547,61.33399963378906,109700.0,-0.4792237877845764,1.1951578855514526,-0.9731083512306212,109700.0,1000.25,109700.0,-1.0784168243408203,3.033616065979004,-0.7057329416275024,109700.0,2.29945969581604,-9.53088092803955,0.2125274091959,109700.0,-4.243722438812257,-17.515380859375,-2.060210466384888
2088,109800.0,11.01200008392334,-26.141000747680664,57.65599822998047,109800.0,0.2926044464111328,-0.5332853794097899,-0.9462302923202516,109800.0,1000.260009765625,109800.0,-0.17801690101623535,0.7000560760498047,-1.426217794418335,109800.0,2.530320167541504,-9.428716659545898,0.931216597557068,109800.0,1.2210428714752195,-6.497264862060548,-0.4932055473327637
2089,109900.0,16.577999114990234,-24.267000198364247,55.29999923706055,109900.0,0.2926044464111328,-0.5332853794097899,-0.9462302923202516,109900.0,1000.260009765625,109900.0,-0.17801690101623535,0.7000560760498047,-1.426217794418335,109900.0,2.530320167541504,-9.428716659545898,0.931216597557068,109900.0,1.2210428714752195,-6.497264862060548,-0.4932055473327637
2090,109500.0,2.0369999408721924,-16.115999221801758,61.26499938964844,109500.0,-0.8970556259155273,0.3182607889175415,-0.6029239892959595,109500.0,1000.2000122070312,109500.0,-5.7189531326293945,-7.8413896560668945,-2.6989543437957764,109500.0,1.4752309322357178,-9.673991203308104,0.6387438774108887,109500.0,-1.3832499980926514,-5.6203885078430185,2.30022931098938
2091,109600.0,2.440999984741211,-22.121999740600586,61.63600158691406,109600.0,-0.4792237877845764,1.1951578855514526,-0.9731083512306212,109600.0,1000.25,109600.0,-1.0784168243408203,3.033616065979004,-0.7057329416275024,109600.0,2.29945969581604,-9.53088092803955,0.2125274091959,109600.0,-4.243722438812257,-17.515380859375,-2.060210466384888
2092,109700.0,3.4130001068115234,-25.70800018310547,61.33399963378906,109700.0,-0.4792237877845764,1.1951578855514526,-0.9731083512306212,109700.0,1000.25,109700.0,-1.0784168243408203,3.033616065979004,-0.7057329416275024,109700.0,2.29945969581604,-9.53088092803955,0.2125274091959,109700.0,-4.243722438812257,-17.515380859375,-2.060210466384888
2093,109800.0,11.01200008392334,-26.141000747680664,57.65599822998047,109800.0,0.2926044464111328,-0.5332853794097899,-0.9462302923202516,109800.0,1000.260009765625,109800.0,-0.17801690101623535,0.7000560760498047,-1.426217794418335,109800.0,2.530320167541504,-9.428716659545898,0.931216597557068,109800.0,1.2210428714752195,-6.497264862060548,-0.4932055473327637
2094,109900.0,16.577999114990234,-24.267000198364247,55.29999923706055,109900.0,0.2926044464111328,-0.5332853794097899,-0.9462302923202516,109900.0,1000.260009765625,109900.0,-0.17801690101623535,0.7000560760498047,-1.426217794418335,109900.0,2.530320167541504,-9.428716659545898,0.931216597557068,109900.0,1.2210428714752195,-6.497264862060548,-0.4932055473327637
2095,110000.0,19.937000274658203,-25.12899971008301,52.066001892089844,110000.0,-0.3698789179325104,-1.1215485334396362,-0.27550023794174194,110000.0,1000.239990234375,110000.0,0.8017923831939697,0.6610050201416016,0.11605775356292725,110000.0,1.4607281684875488,-9.689539909362793,-0.3866025507450104,110000.0,2.352303266525269,-8.728660583496094,-0.4950011968612671
2096,110100.0,20.41900062561035,-26.84900093078613,50.40700149536133,110100.0,-0.04764748737215997,-0.5164865851402283,-0.32650747895240784,110100.0,1000.2000122070312,110100.0,-0.8427308201789856,-0.379246711730957,-1.938905954360962,110100.0,1.5041290521621704,-9.690167427062988,0.09297646582126616,110100.0,2.2625205516815186,-9.028534889221193,-0.27054479718208313
2097,110200.0,20.054000854492188,-28.947999954223643,50.2239990234375,110200.0,-0.04764748737215997,-0.5164865851402283,-0.32650747895240784,110200.0,1000.2000122070312,110200.0,-0.8427308201789856,-0.379246711730957,-1.938905954360962,110200.0,1.5041290521621704,-9.690167427062988,0.09297646582126616,110200.0,2.2625205516815186,-9.028534889221193,-0.27054479718208313
2098,110300.0,20.364999771118164,-29.70499992370605,50.09000015258789,110300.0,0.20433442294597626,0.2293798923492432,-0.2950479090213776,110300.0,1000.2100219726564,110300.0,1.92313015460968,-1.8886680603027344,-2.1394600868225098,110300.0,1.6478217840194702,-9.652581214904783,0.5317537188529968,110300.0,0.6613982319831848,-10.069414138793944,-1.845929503440857
2099,110400.0,20.364999771118164,-29.05100059509277,49.7770004272461,110400.0,0.20433442294597626,0.2293798923492432,-0.2950479090213776,110400.0,1000.2100219726564,110400.0,1.92313015460968,-1.8886680603027344,-2.1394600868225098,110400.0,1.6478217840194702,-9.652581214904783,0.5317537188529968,110400.0,0.6613982319831848,-10.069414138793944,-1.845929503440857
2100,110000.0,19.937000274658203,-25.12899971008301,52.066001892089844,110000.0,-0.3698789179325104,-1.1215485334396362,-0.27550023794174194,110000.0,1000.239990234375,110000.0,0.8017923831939697,0.6610050201416016,0.11605775356292725,110000.0,1.4607281684875488,-9.689539909362793,-0.3866025507450104,110000.0,2.352303266525269,-8.728660583496094,-0.4950011968612671
2101,110100.0,20.41900062561035,-26.84900093078613,50.40700149536133,110100.0,-0.04764748737215997,-0.5164865851402283,-0.32650747895240784,110100.0,1000.2000122070312,110100.0,-0.8427308201789856,-0.379246711730957,-1.938905954360962,110100.0,1.5041290521621704,-9.690167427062988,0.09297646582126616,110100.0,2.2625205516815186,-9.028534889221193,-0.27054479718208313
2102,110200.0,20.054000854492188,-28.947999954223643,50.2239990234375,110200.0,-0.04764748737215997,-0.5164865851402283,-0.32650747895240784,110200.0,1000.2000122070312,110200.0,-0.8427308201789856,-0.379246711730957,-1.938905954360962,110200.0,1.5041290521621704,-9.690167427062988,0.09297646582126616,110200.0,2.2625205516815186,-9.028534889221193,-0.27054479718208313
2103,110300.0,20.364999771118164,-29.70499992370605,50.09000015258789,110300.0,0.20433442294597626,0.2293798923492432,-0.2950479090213776,110300.0,1000.2100219726564,110300.0,1.92313015460968,-1.8886680603027344,-2.1394600868225098,110300.0,1.6478217840194702,-9.652581214904783,0.5317537188529968,110300.0,0.6613982319831848,-10.069414138793944,-1.845929503440857
2104,110400.0,20.364999771118164,-29.05100059509277,49.7770004272461,110400.0,0.20433442294597626,0.2293798923492432,-0.2950479090213776,110400.0,1000.2100219726564,110400.0,1.92313015460968,-1.8886680603027344,-2.1394600868225098,110400.0,1.6478217840194702,-9.652581214904783,0.5317537188529968,110400.0,0.6613982319831848,-10.069414138793944,-1.845929503440857
2105,110500.0,18.70499992370605,-25.92300033569336,50.21500015258789,110500.0,1.09192156791687,0.20433442294597626,0.15913039445877075,110500.0,1000.25,110500.0,0.9686970710754396,-0.6451244354248047,-0.35570991039276123,110500.0,0.8646628856658936,-9.504494667053224,2.2555088996887207,110500.0,3.5709519386291504,-11.54124927520752,-1.6077064275741575
2106,110600.0,11.914999961853027,-19.13400077819824,55.79899978637695,110600.0,1.09192156791687,0.20433442294597626,0.15913039445877075,110600.0,1000.25,110600.0,0.9686970710754396,-0.6451244354248047,-0.35570991039276123,110600.0,0.8646628856658936,-9.504494667053224,2.2555088996887207,110600.0,3.5709519386291504,-11.54124927520752,-1.6077064275741575
2107,110700.0,7.928999900817871,-17.993000030517578,57.03400039672852,110700.0,-0.5329799056053162,0.5170974135398865,1.3646728992462158,110700.0,1000.260009765625,110700.0,4.186809539794922,1.0544795989990234,1.648794174194336,110700.0,-0.9995282292366028,-9.742439270019533,-0.5061615109443665,110700.0,1.833359956741333,-10.149619102478027,1.8997989892959601
2108,110800.0,0.9100000262260436,-16.361000061035153,59.1150016784668,110800.0,-0.5329799056053162,0.5170974135398865,1.3646728992462158,110800.0,1000.260009765625,110800.0,4.186809539794922,1.0544795989990234,1.648794174194336,110800.0,-0.9995282292366028,-9.742439270019533,-0.5061615109443665,110800.0,1.833359956741333,-10.149619102478027,1.8997989892959601
2109,110900.0,-4.438000202178955,-14.482000350952148,60.31000137329102,110900.0,0.8689557909965515,1.9675970077514648,1.3115277290344238,110900.0,1000.219970703125,110900.0,1.5183085203170776,0.5960397720336914,-0.4043426513671875,110900.0,-1.4159563779830933,-9.491097450256348,2.0210273265838623,110900.0,3.1872811317443848,-8.687959671020508,1.1426327228546145
2110,110500.0,18.70499992370605,-25.92300033569336,50.21500015258789,110500.0,1.09192156791687,0.20433442294597626,0.15913039445877075,110500.0,1000.25,110500.0,0.9686970710754396,-0.6451244354248047,-0.35570991039276123,110500.0,0.8646628856658936,-9.504494667053224,2.2555088996887207,110500.0,3.5709519386291504,-11.54124927520752,-1.6077064275741575
2111,110600.0,11.914999961853027,-19.13400077819824,55.79899978637695,110600.0,1.09192156791687,0.20433442294597626,0.15913039445877075,110600.0,1000.25,110600.0,0.9686970710754396,-0.6451244354248047,-0.35570991039276123,110600.0,0.8646628856658936,-9.504494667053224,2.2555088996887207,110600.0,3.5709519386291504,-11.54124927520752,-1.6077064275741575
2112,110700.0,7.928999900817871,-17.993000030517578,57.03400039672852,110700.0,-0.5329799056053162,0.5170974135398865,1.3646728992462158,110700.0,1000.260009765625,110700.0,4.186809539794922,1.0544795989990234,1.648794174194336,110700.0,-0.9995282292366028,-9.742439270019533,-0.5061615109443665,110700.0,1.833359956741333,-10.149619102478027,1.8997989892959601
2113,110800.0,0.9100000262260436,-16.361000061035153,59.1150016784668,110800.0,-0.5329799056053162,0.5170974135398865,1.3646728992462158,110800.0,1000.260009765625,110800.0,4.186809539794922,1.0544795989990234,1.648794174194336,110800.0,-0.9995282292366028,-9.742439270019533,-0.5061615109443665,110800.0,1.833359956741333,-10.149619102478027,1.8997989892959601
2114,110900.0,-4.438000202178955,-14.482000350952148,60.31000137329102,110900.0,0.8689557909965515,1.9675970077514648,1.3115277290344238,110900.0,1000.219970703125,110900.0,1.5183085203170776,0.5960397720336914,-0.4043426513671875,110900.0,-1.4159563779830933,-9.491097450256348,2.0210273265838623,110900.0,3.1872811317443848,-8.687959671020508,1.1426327228546145
2115,111000.0,-7.695000171661378,-7.489999771118164,61.09600067138672,111000.0,-0.12492194026708606,0.3747658133506775,-0.17837265133857727,111000.0,1000.1900024414064,111000.0,-0.6099051237106323,3.8976259231567374,1.2600481510162354,111000.0,-1.4592837095260618,-9.520408630371094,1.844632863998413,111000.0,0.10235211998224256,-8.895057678222656,1.6166846752166748
2116,111100.0,-9.208000183105467,-6.3470001220703125,61.09600067138672,111100.0,-0.12492194026708606,0.3747658133506775,-0.17837265133857727,111100.0,1000.1900024414064,111100.0,-0.6099051237106323,3.8976259231567374,1.2600481510162354,111100.0,-1.4592837095260618,-9.520408630371094,1.844632863998413,111100.0,0.10235211998224256,-8.895057678222656,1.6166846752166748
2117,111200.0,-10.366000175476074,-10.206000328063963,61.76900100708008,111200.0,0.0757472887635231,0.2168571650981903,-0.8213083148002625,111200.0,1000.27001953125,111200.0,-0.4043605327606201,3.1936140060424805,-2.702263355255127,111200.0,-0.29295068979263306,-9.591519355773926,2.0217115879058842,111200.0,-2.0691888332366943,-5.622782707214356,3.1046810150146484
2118,111300.0,-12.038999557495115,-13.08199977874756,62.42900085449219,111300.0,0.0757472887635231,0.2168571650981903,-0.8213083148002625,111300.0,1000.27001953125,111300.0,-0.4043605327606201,3.1936140060424805,-2.702263355255127,111300.0,-0.29295068979263306,-9.591519355773926,2.0217115879058842,111300.0,-2.0691888332366943,-5.622782707214356,3.1046810150146484
2119,111400.0,-12.468999862670898,-19.979000091552734,62.42900085449219,111400.0,-0.5968153476715088,0.05161811411380768,-1.2736539840698242,111400.0,1000.219970703125,111400.0,-0.8615852594375609,-0.8815326690673828,-1.75855553150177,111400.0,1.748038411140442,-9.593099594116213,1.0426892042160034,111400.0,-0.6973112225532532,-6.397905349731445,-0.6805518269538879
2120,111000.0,-7.695000171661378,-7.489999771118164,61.09600067138672,111000.0,-0.12492194026708606,0.3747658133506775,-0.17837265133857727,111000.0,1000.1900024414064,111000.0,-0.6099051237106323,3.8976259231567374,1.2600481510162354,111000.0,-1.4592837095260618,-9.520408630371094,1.844632863998413,111000.0,0.10235211998224256,-8.895057678222656,1.6166846752166748
2121,111100.0,-9.208000183105467,-6.3470001220703125,61.09600067138672,111100.0,-0.12492194026708606,0.3747658133506775,-0.17837265133857727,111100.0,1000.1900024414064,111100.0,-0.6099051237106323,3.8976259231567374,1.2600481510162354,111100.0,-1.4592837095260618,-9.520408630371094,1.844632863998413,111100.0,0.10235211998224256,-8.895057678222656,1.6166846752166748
2122,111200.0,-10.366000175476074,-10.206000328063963,61.76900100708008,111200.0,0.0757472887635231,0.2168571650981903,-0.8213083148002625,111200.0,1000.27001953125,111200.0,-0.4043605327606201,3.1936140060424805,-2.702263355255127,111200.0,-0.29295068979263306,-9.591519355773926,2.0217115879058842,111200.0,-2.0691888332366943,-5.622782707214356,3.1046810150146484
2123,111300.0,-12.038999557495115,-13.08199977874756,62.42900085449219,111300.0,0.0757472887635231,0.2168571650981903,-0.8213083148002625,111300.0,1000.27001953125,111300.0,-0.4043605327606201,3.1936140060424805,-2.702263355255127,111300.0,-0.29295068979263306,-9.591519355773926,2.0217115879058842,111300.0,-2.0691888332366943,-5.622782707214356,3.1046810150146484
2124,111400.0,-12.468999862670898,-19.979000091552734,62.42900085449219,111400.0,-0.5968153476715088,0.05161811411380768,-1.2736539840698242,111400.0,1000.219970703125,111400.0,-0.8615852594375609,-0.8815326690673828,-1.75855553150177,111400.0,1.748038411140442,-9.593099594116213,1.0426892042160034,111400.0,-0.6973112225532532,-6.397905349731445,-0.6805518269538879
2125,111500.0,-8.836999893188477,-24.29599952697754,62.07400131225586,111500.0,-0.5968153476715088,0.05161811411380768,-1.2736539840698242,111500.0,1000.219970703125,111500.0,-0.8615852594375609,-0.8815326690673828,-1.75855553150177,111500.0,1.748038411140442,-9.593099594116213,1.0426892042160034,111500.0,-0.6973112225532532,-6.397905349731445,-0.6805518269538879
2126,111600.0,1.0110000371932983,-23.875,60.5369987487793,111600.0,-0.04092797264456749,-0.5455026626586914,-0.5809328556060791,111600.0,1000.25,111600.0,-0.9708831310272216,0.016091346740722656,-0.9963207840919496,111600.0,2.652809858322144,-9.404953002929688,0.8245368003845215,111600.0,0.8864531517028809,-10.474632263183594,-0.7158663272857666
2127,111700.0,6.76800012588501,-24.20499992370605,58.4640007019043,111700.0,-0.04092797264456749,-0.5455026626586914,-0.5809328556060791,111700.0,1000.25,111700.0,-0.9708831310272216,0.016091346740722656,-0.9963207840919496,111700.0,2.652809858322144,-9.404953002929688,0.8245368003845215,111700.0,0.8864531517028809,-10.474632263183594,-0.7158663272857666
2128,111800.0,10.255000114440918,-24.20499992370605,57.321998596191406,111800.0,-0.2293798923492432,-1.0864238739013672,-0.22143864631652832,111800.0,1000.219970703125,111800.0,-0.5629041194915771,0.3233585357666016,-0.40598222613334656,111800.0,2.9056305885314937,-9.36625862121582,-0.029762467369437218,111800.0,1.681926727294922,-9.388861656188963,-0.17178396880626678
2129,111900.0,10.657999992370604,-25.000999450683594,55.25199890136719,111900.0,-0.12797626852989194,-0.3888157308101654,-0.3726277947425842,111900.0,1000.1900024414064,111900.0,-0.5268588066101074,-0.8543758392333984,0.2950284481048584,111900.0,3.325680494308472,-9.21803092956543,-0.3716428875923157,111900.0,2.342726469039917,-9.04290008544922,-0.4357447028160095
2130,111500.0,-8.836999893188477,-24.29599952697754,62.07400131225586,111500.0,-0.5968153476715088,0.05161811411380768,-1.2736539840698242,111500.0,1000.219970703125,111500.0,-0.8615852594375609,-0.8815326690673828,-1.75855553150177,111500.0,1.748038411140442,-9.593099594116213,1.0426892042160034,111500.0,-0.6973112225532532,-6.397905349731445,-0.6805518269538879
2131,111600.0,1.0110000371932983,-23.875,60.5369987487793,111600.0,-0.04092797264456749,-0.5455026626586914,-0.5809328556060791,111600.0,1000.25,111600.0,-0.9708831310272216,0.016091346740722656,-0.9963207840919496,111600.0,2.652809858322144,-9.404953002929688,0.8245368003845215,111600.0,0.8864531517028809,-10.474632263183594,-0.7158663272857666
2132,111700.0,6.76800012588501,-24.20499992370605,58.4640007019043,111700.0,-0.04092797264456749,-0.5455026626586914,-0.5809328556060791,111700.0,1000.25,111700.0,-0.9708831310272216,0.016091346740722656,-0.9963207840919496,111700.0,2.652809858322144,-9.404953002929688,0.8245368003845215,111700.0,0.8864531517028809,-10.474632263183594,-0.7158663272857666
2133,111800.0,10.255000114440918,-24.20499992370605,57.321998596191406,111800.0,-0.2293798923492432,-1.0864238739013672,-0.22143864631652832,111800.0,1000.219970703125,111800.0,-0.5629041194915771,0.3233585357666016,-0.40598222613334656,111800.0,2.9056305885314937,-9.36625862121582,-0.029762467369437218,111800.0,1.681926727294922,-9.388861656188963,-0.17178396880626678
2134,111900.0,10.657999992370604,-25.000999450683594,55.25199890136719,111900.0,-0.12797626852989194,-0.3888157308101654,-0.3726277947425842,111900.0,1000.1900024414064,111900.0,-0.5268588066101074,-0.8543758392333984,0.2950284481048584,111900.0,3.325680494308472,-9.21803092956543,-0.3716428875923157,111900.0,2.342726469039917,-9.04290008544922,-0.4357447028160095
2135,112000.0,10.657999992370604,-27.3129997253418,55.25199890136719,112000.0,-0.12797626852989194,-0.3888157308101654,-0.3726277947425842,112000.0,1000.1900024414064,112000.0,-0.5268588066101074,-0.8543758392333984,0.2950284481048584,112000.0,3.325680494308472,-9.21803092956543,-0.3716428875923157,112000.0,2.342726469039917,-9.04290008544922,-0.4357447028160095
2136,112100.0,10.142000198364258,-27.347999572753906,54.86899948120117,112100.0,0.5381723046302795,0.009162978269159794,-0.17776179313659668,112100.0,1000.2100219726564,112100.0,0.09262752532958984,-1.3229503631591797,-0.5386028885841371,112100.0,3.4286446571350098,-9.166646003723145,0.6223999261856079,112100.0,2.7988216876983643,-10.072406768798828,-0.07661445438861847
2137,112200.0,7.513999938964844,-26.292999267578125,54.86899948120117,112200.0,0.5381723046302795,0.009162978269159794,-0.17776179313659668,112200.0,1000.2100219726564,112200.0,0.09262752532958984,-1.3229503631591797,-0.5386028885841371,112200.0,3.4286446571350098,-9.166646003723145,0.6223999261856079,112200.0,2.7988216876983643,-10.072406768798828,-0.07661445438861847
2138,112300.0,0.8140000104904175,-18.584999084472656,57.30099868774414,112300.0,0.9889908432960508,0.5082398653030396,0.7232644557952881,112300.0,1000.1900024414064,112300.0,-0.7481315135955809,0.2497272491455078,-3.750190019607544,112300.0,1.7836236953735352,-9.292028427124023,2.578228235244751,112300.0,3.5212721824646,-10.489596366882324,0.08379705995321274
2139,112400.0,-2.628999948501587,-12.829000473022461,59.39599990844727,112400.0,0.9889908432960508,0.5082398653030396,0.7232644557952881,112400.0,1000.1900024414064,112400.0,-0.7481315135955809,0.2497272491455078,-3.750190019607544,112400.0,1.7836236953735352,-9.292028427124023,2.578228235244751,112400.0,3.5212721824646,-10.489596366882324,0.08379705995321274
2140,112000.0,10.657999992370604,-27.3129997253418,55.25199890136719,112000.0,-0.12797626852989194,-0.3888157308101654,-0.3726277947425842,112000.0,1000.1900024414064,112000.0,-0.5268588066101074,-0.8543758392333984,0.2950284481048584,112000.0,3.325680494308472,-9.21803092956543,-0.3716428875923157,112000.0,2.342726469039917,-9.04290008544922,-0.4357447028160095
2141,112100.0,10.142000198364258,-27.347999572753906,54.86899948120117,112100.0,0.5381723046302795,0.009162978269159794,-0.17776179313659668,112100.0,1000.2100219726564,112100.0,0.09262752532958984,-1.3229503631591797,-0.5386028885841371,112100.0,3.4286446571350098,-9.166646003723145,0.6223999261856079,112100.0,2.7988216876983643,-10.072406768798828,-0.07661445438861847
2142,112200.0,7.513999938964844,-26.292999267578125,54.86899948120117,112200.0,0.5381723046302795,0.009162978269159794,-0.17776179313659668,112200.0,1000.2100219726564,112200.0,0.09262752532958984,-1.3229503631591797,-0.5386028885841371,112200.0,3.4286446571350098,-9.166646003723145,0.6223999261856079,112200.0,2.7988216876983643,-10.072406768798828,-0.07661445438861847
2143,112300.0,0.8140000104904175,-18.584999084472656,57.30099868774414,112300.0,0.9889908432960508,0.5082398653030396,0.7232644557952881,112300.0,1000.1900024414064,112300.0,-0.7481315135955809,0.2497272491455078,-3.750190019607544,112300.0,1.7836236953735352,-9.292028427124023,2.578228235244751,112300.0,3.5212721824646,-10.489596366882324,0.08379705995321274
2144,112400.0,-2.628999948501587,-12.829000473022461,59.39599990844727,112400.0,0.9889908432960508,0.5082398653030396,0.7232644557952881,112400.0,1000.1900024414064,112400.0,-0.7481315135955809,0.2497272491455078,-3.750190019607544,112400.0,1.7836236953735352,-9.292028427124023,2.578228235244751,112400.0,3.5212721824646,-10.489596366882324,0.08379705995321274
2145,112500.0,-5.638999938964844,-12.14900016784668,60.44300079345703,112500.0,0.6102544069290161,0.5754350423812866,1.3616186380386353,112500.0,1000.1900024414064,112500.0,4.0344905853271475,0.8657722473144531,-1.4152734279632568,112500.0,-0.8801299929618835,-9.024613380432127,3.7352547645568848,112500.0,1.035492181777954,-9.042301177978516,-1.171961784362793
2146,112600.0,-6.144000053405763,-6.625,60.95500183105469,112600.0,0.6102544069290161,0.5754350423812866,1.3616186380386353,112600.0,1000.1900024414064,112600.0,4.0344905853271475,0.8657722473144531,-1.4152734279632568,112600.0,-0.8801299929618835,-9.024613380432127,3.7352547645568848,112600.0,1.035492181777954,-9.042301177978516,-1.171961784362793
2147,112700.0,-6.006999969482423,-1.128999948501587,60.96599960327149,112700.0,0.799011766910553,-0.16310101747512815,0.9453139901161194,112700.0,1000.1799926757812,112700.0,2.807737112045288,0.6891179084777832,-2.864133358001709,112700.0,-2.2917866706848145,-8.065054893493652,5.0865511894226065,112700.0,3.1543607711791988,-8.158841133117676,2.319981336593628
2148,112800.0,-6.006999969482423,3.256999969482422,60.96599960327149,112800.0,-0.4541783034801483,-0.02260201424360276,-0.5439754724502563,112800.0,1000.1599731445312,112800.0,0.6374598741531372,3.595280170440674,-2.3452837467193604,112800.0,-1.6065130233764648,-8.558460235595701,4.51024055480957,112800.0,0.5159504413604736,-7.375936985015869,2.2224178314208984
2149,112900.0,-6.375,1.8470000028610232,61.67100143432617,112900.0,-0.4541783034801483,-0.02260201424360276,-0.5439754724502563,112900.0,1000.1599731445312,112900.0,0.6374598741531372,3.595280170440674,-2.3452837467193604,112900.0,-1.6065130233764648,-8.558460235595701,4.51024055480957,112900.0,0.5159504413604736,-7.375936985015869,2.2224178314208984
0,5000.0,165.36099243164062,685.1589965820312,-1246.4959716796875,5000.0,-0.6536257863044739,-0.0708603709936142,-0.11209376901388167,5000.0,1002.6900024414064,5000.0,-0.014798164367675781,4.2043633460998535,3.324813842773437,5000.0,-4.057140350341797,-8.905378341674805,0.6357944011688232,5000.0,-4.0719385147094735,-4.701014995574951,3.9606082439422607
1,5100.0,164.56399536132812,681.0369873046875,-1246.166015625,5100.0,-0.6536257863044739,-0.0708603709936142,-0.11209376901388167,5100.0,1002.6900024414064,5100.0,-0.014798164367675781,4.2043633460998535,3.324813842773437,5100.0,-4.057140350341797,-8.905378341674805,0.6357944011688232,5100.0,-4.0719385147094735,-4.701014995574951,3.9606082439422607
2,5200.0,164.56399536132812,677.719970703125,-1246.237060546875,5200.0,-0.6536257863044739,-0.0708603709936142,-0.11209376901388167,5200.0,1002.6900024414064,5200.0,-3.9038748741149902,-2.4815263748168945,5.512292861938477,5200.0,-4.292674541473389,-8.731119155883789,1.2291805744171145,5200.0,-8.196549415588379,-11.212645530700684,6.741473197937013
3,5300.0,164.20700073242188,670.7769775390625,-1245.4749755859375,5300.0,-0.3872885704040527,0.01985312066972256,-0.9166033267974854,5300.0,1002.7999877929688,5300.0,-3.9038748741149902,-2.4815263748168945,5.512292861938477,5300.0,-4.292674541473389,-8.731119155883789,1.2291805744171145,5300.0,-8.196549415588379,-11.212645530700684,6.741473197937013
4,5400.0,163.18600463867188,663.0380249023438,-1245.4749755859375,5400.0,-0.3872885704040527,0.01985312066972256,-0.9166033267974854,5400.0,1002.7999877929688,5400.0,0.8123652935028076,-0.473794937133789,-0.8178449273109436,5400.0,-4.201956272125243,-8.787575721740723,1.1368722915649414,5400.0,-3.3895909786224365,-9.261370658874512,0.3190273642539978
5,5500.0,164.26499938964844,658.0650024414062,-1245.8260498046875,5500.0,-0.8527678847312927,-0.33017265796661377,-0.7367035150527954,5500.0,1002.8099975585938,5500.0,0.8123652935028076,-0.473794937133789,-0.8178449273109436,5500.0,-4.201956272125243,-8.787575721740723,1.1368722915649414,5500.0,-3.3895909786224365,-9.261370658874512,0.3190273642539978
6,5600.0,168.49600219726562,653.7869873046875,-1247.218017578125,5600.0,-0.8527678847312927,-0.33017265796661377,-0.7367035150527954,5600.0,1002.77001953125,5600.0,0.0506591796875,1.087446212768555,-1.0402181148529053,5600.0,-4.250687599182129,-8.777023315429688,1.0324369668960571,5600.0,-4.200028419494629,-7.689577102661133,-0.007781155407428741
7,5700.0,171.51300048828125,650.552978515625,-1249.2469482421875,5700.0,-0.902553379535675,0.6331618428230286,-1.052215337753296,5700.0,1002.77001953125,5700.0,0.0506591796875,1.087446212768555,-1.0402181148529053,5700.0,-4.250687599182129,-8.777023315429688,1.0324369668960571,5700.0,-4.200028419494629,-7.689577102661133,-0.007781155407428741
8,5800.0,172.11399841308594,648.72998046875,-1251.35595703125,5800.0,-0.902553379535675,0.6331618428230286,-1.052215337753296,5800.0,1002.77001953125,5800.0,1.7105774879455566,-0.16103839874267578,-1.7470226287841797,5800.0,-4.091012477874757,-8.872882843017578,0.8402186632156372,5800.0,-2.380434989929199,-9.033921241760254,-0.9068039059638976
9,5900.0,171.19700622558594,645.802978515625,-1254.64697265625,5900.0,-0.3200933933258057,0.010079276748001577,0.018020525574684143,5900.0,1002.77001953125,5900.0,1.7105774879455566,-0.16103839874267578,-1.7470226287841797,5900.0,-4.091012477874757,-8.872882843017578,0.8402186632156372,5900.0,-2.380434989929199,-9.033921241760254,-0.9068039059638976
10,5500.0,164.26499938964844,658.0650024414062,-1245.8260498046875,5500.0,-0.8527678847312927,-0.33017265796661377,-0.7367035150527954,5500.0,1002.8099975585938,5500.0,0.8123652935028076,-0.473794937133789,-0.8178449273109436,5500.0,-4.201956272125243,-8.787575721740723,1.1368722915649414,5500.0,-3.3895909786224365,-9.261370658874512,0.3190273642539978
11,5600.0,168.49600219726562,653.7869873046875,-1247.218017578125,5600.0,-0.8527678847312927,-0.33017265796661377,-0.7367035150527954,5600.0,1002.77001953125,5600.0,0.0506591796875,1.087446212768555,-1.0402181148529053,5600.0,-4.250687599182129,-8.777023315429688,1.0324369668960571,5600.0,-4.200028419494629,-7.689577102661133,-0.007781155407428741
12,5700.0,171.51300048828125,650.552978515625,-1249.2469482421875,5700.0,-0.902553379535675,0.6331618428230286,-1.052215337753296,5700.0,1002.77001953125,5700.0,0.0506591796875,1.087446212768555,-1.0402181148529053,5700.0,-4.250687599182129,-8.777023315429688,1.0324369668960571,5700.0,-4.200028419494629,-7.689577102661133,-0.007781155407428741
13,5800.0,172.11399841308594,648.72998046875,-1251.35595703125,5800.0,-0.902553379535675,0.6331618428230286,-1.052215337753296,5800.0,1002.77001953125,5800.0,1.7105774879455566,-0.16103839874267578,-1.7470226287841797,5800.0,-4.091012477874757,-8.872882843017578,0.8402186632156372,5800.0,-2.380434989929199,-9.033921241760254,-0.9068039059638976
14,5900.0,171.19700622558594,645.802978515625,-1254.64697265625,5900.0,-0.3200933933258057,0.010079276748001577,0.018020525574684143,5900.0,1002.77001953125,5900.0,1.7105774879455566,-0.16103839874267578,-1.7470226287841797,5900.0,-4.091012477874757,-8.872882843017578,0.8402186632156372,5900.0,-2.380434989929199,-9.033921241760254,-0.9068039059638976
15,6000.0,171.55999755859375,644.7260131835938,-1255.0849609375,6000.0,0.06658431142568587,-0.4560109078884125,-0.16065755486488342,6000.0,1002.77001953125,6000.0,1.4777169227600098,-0.2665843963623047,-2.87966251373291,6000.0,-3.947335958480835,-8.962464332580566,0.5129939317703247,6000.0,-2.469619035720825,-9.229048728942873,-2.366668462753296
16,6100.0,171.55999755859375,644.7260131835938,-1254.7760009765625,6100.0,0.06658431142568587,-0.4560109078884125,-0.16065755486488342,6100.0,1002.77001953125,6100.0,1.2090857028961182,-0.77520751953125,-2.040911912918091,6100.0,-3.8014075756073,-9.035632133483887,0.27758243680000305,6100.0,-2.5923218727111816,-9.810839653015137,-1.7633295059204102
17,6200.0,168.3699951171875,645.0830078125,-1255.123046875,6200.0,0.25564709305763245,-0.014049900695681572,-0.2993239760398865,6200.0,1002.8099975585938,6200.0,1.2090857028961182,-0.77520751953125,-2.040911912918091,6200.0,-3.8014075756073,-9.035632133483887,0.27758243680000305,6200.0,-2.5923218727111816,-9.810839653015137,-1.7633295059204102
18,6300.0,165.33599853515625,644.7579956054688,-1255.123046875,6300.0,0.25564709305763245,-0.014049900695681572,-0.2993239760398865,6300.0,1002.8099975585938,6300.0,1.3442537784576416,-0.8916435241699219,-1.9792958498001096,6300.0,-3.635504722595215,-9.107739448547363,0.05076631158590317,6300.0,-2.291250944137573,-9.999382972717283,-1.928529500961304
19,6400.0,164.1060028076172,645.4749755859375,-1254.3740234375,6400.0,0.35185837745666504,0.5778785347938538,-0.3634648323059082,6400.0,1002.8300170898438,6400.0,1.3442537784576416,-0.8916435241699219,-1.9792958498001096,6400.0,-3.635504722595215,-9.107739448547363,0.05076631158590317,6400.0,-2.291250944137573,-9.999382972717283,-1.928529500961304
20,6000.0,171.55999755859375,644.7260131835938,-1255.0849609375,6000.0,0.06658431142568587,-0.4560109078884125,-0.16065755486488342,6000.0,1002.77001953125,6000.0,1.4777169227600098,-0.2665843963623047,-2.87966251373291,6000.0,-3.947335958480835,-8.962464332580566,0.5129939317703247,6000.0,-2.469619035720825,-9.229048728942873,-2.366668462753296
21,6100.0,171.55999755859375,644.7260131835938,-1254.7760009765625,6100.0,0.06658431142568587,-0.4560109078884125,-0.16065755486488342,6100.0,1002.77001953125,6100.0,1.2090857028961182,-0.77520751953125,-2.040911912918091,6100.0,-3.8014075756073,-9.035632133483887,0.27758243680000305,6100.0,-2.5923218727111816,-9.810839653015137,-1.7633295059204102
22,6200.0,168.3699951171875,645.0830078125,-1255.123046875,6200.0,0.25564709305763245,-0.014049900695681572,-0.2993239760398865,6200.0,1002.8099975585938,6200.0,1.2090857028961182,-0.77520751953125,-2.040911912918091,6200.0,-3.8014075756073,-9.035632133483887,0.27758243680000305,6200.0,-2.5923218727111816,-9.810839653015137,-1.7633295059204102
23,6300.0,165.33599853515625,644.7579956054688,-1255.123046875,6300.0,0.25564709305763245,-0.014049900695681572,-0.2993239760398865,6300.0,1002.8099975585938,6300.0,1.3442537784576416,-0.8916435241699219,-1.9792958498001096,6300.0,-3.635504722595215,-9.107739448547363,0.05076631158590317,6300.0,-2.291250944137573,-9.999382972717283,-1.928529500961304
24,6400.0,164.1060028076172,645.4749755859375,-1254.3740234375,6400.0,0.35185837745666504,0.5778785347938538,-0.3634648323059082,6400.0,1002.8300170898438,6400.0,1.3442537784576416,-0.8916435241699219,-1.9792958498001096,6400.0,-3.635504722595215,-9.107739448547363,0.05076631158590317,6400.0,-2.291250944137573,-9.999382972717283,-1.928529500961304
25,6500.0,164.19900512695312,648.7999877929688,-1253.095947265625,6500.0,0.35185837745666504,0.5778785347938538,-0.3634648323059082,6500.0,1002.9000244140624,6500.0,2.9087724685668945,-1.786275863647461,1.2115741968154907,6500.0,-3.2792751789093018,-9.240220069885254,0.1872381418943405,6500.0,-0.3705027103424072,-11.026495933532717,1.3988122940063477
26,6600.0,160.0399932861328,659.6710205078125,-1247.491943359375,6600.0,0.3582724630832672,0.6004805564880371,0.051312681287527084,6600.0,1002.9000244140624,6600.0,2.9087724685668945,-1.786275863647461,1.2115741968154907,6600.0,-3.2792751789093018,-9.240220069885254,0.1872381418943405,6600.0,-0.3705027103424072,-11.026495933532717,1.3988122940063477
27,6700.0,155.26400756835938,665.5150146484375,-1245.280029296875,6700.0,0.3582724630832672,0.6004805564880371,0.051312681287527084,6700.0,1002.7999877929688,6700.0,1.5000847578048706,-0.41366004943847656,-3.06894588470459,6700.0,-3.113776683807373,-9.297821044921877,-0.15903672575950625,6700.0,-1.6136919260025024,-9.711481094360352,-3.227982521057129
28,6800.0,154.87899780273438,675.281982421875,-1243.7679443359375,6800.0,1.2281445264816284,-0.3628539443016052,0.08246681094169618,6800.0,1002.7999877929688,6800.0,1.5000847578048706,-0.41366004943847656,-3.06894588470459,6800.0,-3.113776683807373,-9.297821044921877,-0.15903672575950625,6800.0,-1.6136919260025024,-9.711481094360352,-3.227982521057129
29,6900.0,157.82400512695312,682.9080200195312,-1243.2840576171875,6900.0,0.7809911966323853,0.4899139404296875,1.5732834339141846,6900.0,1002.7899780273438,6900.0,0.6348211765289307,0.4600505828857422,2.1590046882629395,6900.0,-3.0649359226226807,-9.3150053024292,0.08496084064245224,6900.0,-2.43011474609375,-8.854954719543457,2.2439656257629395
30,6500.0,164.19900512695312,648.7999877929688,-1253.095947265625,6500.0,0.35185837745666504,0.5778785347938538,-0.3634648323059082,6500.0,1002.9000244140624,6500.0,2.9087724685668945,-1.786275863647461,1.2115741968154907,6500.0,-3.2792751789093018,-9.240220069885254,0.1872381418943405,6500.0,-0.3705027103424072,-11.026495933532717,1.3988122940063477
31,6600.0,160.0399932861328,659.6710205078125,-1247.491943359375,6600.0,0.3582724630832672,0.6004805564880371,0.051312681287527084,6600.0,1002.9000244140624,6600.0,2.9087724685668945,-1.786275863647461,1.2115741968154907,6600.0,-3.2792751789093018,-9.240220069885254,0.1872381418943405,6600.0,-0.3705027103424072,-11.026495933532717,1.3988122940063477
32,6700.0,155.26400756835938,665.5150146484375,-1245.280029296875,6700.0,0.3582724630832672,0.6004805564880371,0.051312681287527084,6700.0,1002.7999877929688,6700.0,1.5000847578048706,-0.41366004943847656,-3.06894588470459,6700.0,-3.113776683807373,-9.297821044921877,-0.15903672575950625,6700.0,-1.6136919260025024,-9.711481094360352,-3.227982521057129
33,6800.0,154.87899780273438,675.281982421875,-1243.7679443359375,6800.0,1.2281445264816284,-0.3628539443016052,0.08246681094169618,6800.0,1002.7999877929688,6800.0,1.5000847578048706,-0.41366004943847656,-3.06894588470459,6800.0,-3.113776683807373,-9.297821044921877,-0.15903672575950625,6800.0,-1.6136919260025024,-9.711481094360352,-3.227982521057129
34,6900.0,157.82400512695312,682.9080200195312,-1243.2840576171875,6900.0,0.7809911966323853,0.4899139404296875,1.5732834339141846,6900.0,1002.7899780273438,6900.0,0.6348211765289307,0.4600505828857422,2.1590046882629395,6900.0,-3.0649359226226807,-9.3150053024292,0.08496084064245224,6900.0,-2.43011474609375,-8.854954719543457,2.2439656257629395
35,7000.0,160.14199829101562,685.677978515625,-1243.2840576171875,7000.0,0.7809911966323853,0.4899139404296875,1.5732834339141846,7000.0,1002.7899780273438,7000.0,-0.016949176788330078,3.8692030906677246,2.711633443832397,7000.0,-3.1996607780456543,-9.260945320129396,0.4092085957527161,7000.0,-3.2166099548339844,-5.39174222946167,3.1208419799804688
36,7100.0,164.4739990234375,682.5479736328125,-1242.4949951171875,7100.0,-0.04184427112340927,-0.4462370574474335,0.3121521472930908,7100.0,1002.719970703125,7100.0,-0.016949176788330078,3.8692030906677246,2.711633443832397,7100.0,-3.1996607780456543,-9.260945320129396,0.4092085957527161,7100.0,-3.2166099548339844,-5.39174222946167,3.1208419799804688
37,7200.0,162.343994140625,677.4810180664062,-1241.7659912109375,7200.0,-0.04184427112340927,-0.4462370574474335,0.3121521472930908,7200.0,1002.719970703125,7200.0,-2.0957810878753658,-3.37112808227539,4.6279635429382315,7200.0,-3.2815959453582764,-9.196635246276855,0.9074305295944214,7200.0,-5.3773770332336435,-12.567763328552244,5.535394191741943
38,7300.0,162.86099243164062,671.3939819335938,-1240.991943359375,7300.0,-0.656680166721344,-0.5955936312675476,-0.8148942589759827,7300.0,1002.8300170898438,7300.0,-2.0957810878753658,-3.37112808227539,4.6279635429382315,7300.0,-3.2815959453582764,-9.196635246276855,0.9074305295944214,7300.0,-5.3773770332336435,-12.567763328552244,5.535394191741943
39,7400.0,164.30599975585938,665.760009765625,-1240.991943359375,7400.0,-0.656680166721344,-0.5955936312675476,-0.8148942589759827,7400.0,1002.7899780273438,7400.0,0.6558043956756592,-0.9245615005493164,0.15322250127792358,7400.0,-3.1840813159942627,-9.229846000671387,0.9175842404365541,7400.0,-2.5282769203186035,-10.154407501220703,1.0708067417144775
40,7000.0,160.14199829101562,685.677978515625,-1243.2840576171875,7000.0,0.7809911966323853,0.4899139404296875,1.5732834339141846,7000.0,1002.7899780273438,7000.0,-0.016949176788330078,3.8692030906677246,2.711633443832397,7000.0,-3.1996607780456543,-9.260945320129396,0.4092085957527161,7000.0,-3.2166099548339844,-5.39174222946167,3.1208419799804688
41,7100.0,164.4739990234375,682.5479736328125,-1242.4949951171875,7100.0,-0.04184427112340927,-0.4462370574474335,0.3121521472930908,7100.0,1002.719970703125,7100.0,-0.016949176788330078,3.8692030906677246,2.711633443832397,7100.0,-3.1996607780456543,-9.260945320129396,0.4092085957527161,7100.0,-3.2166099548339844,-5.39174222946167,3.1208419799804688
42,7200.0,162.343994140625,677.4810180664062,-1241.7659912109375,7200.0,-0.04184427112340927,-0.4462370574474335,0.3121521472930908,7200.0,1002.719970703125,7200.0,-2.0957810878753658,-3.37112808227539,4.6279635429382315,7200.0,-3.2815959453582764,-9.196635246276855,0.9074305295944214,7200.0,-5.3773770332336435,-12.567763328552244,5.535394191741943
43,7300.0,162.86099243164062,671.3939819335938,-1240.991943359375,7300.0,-0.656680166721344,-0.5955936312675476,-0.8148942589759827,7300.0,1002.8300170898438,7300.0,-2.0957810878753658,-3.37112808227539,4.6279635429382315,7300.0,-3.2815959453582764,-9.196635246276855,0.9074305295944214,7300.0,-5.3773770332336435,-12.567763328552244,5.535394191741943
44,7400.0,164.30599975585938,665.760009765625,-1240.991943359375,7400.0,-0.656680166721344,-0.5955936312675476,-0.8148942589759827,7400.0,1002.7899780273438,7400.0,0.6558043956756592,-0.9245615005493164,0.15322250127792358,7400.0,-3.1840813159942627,-9.229846000671387,0.9175842404365541,7400.0,-2.5282769203186035,-10.154407501220703,1.0708067417144775
45,7500.0,176.16700744628906,663.8989868164062,-1240.991943359375,7500.0,-0.7703011035919191,0.5607742667198181,-1.2678507566452026,7500.0,1002.7899780273438,7500.0,0.6558043956756592,-0.9245615005493164,0.15322250127792358,7500.0,-3.1840813159942627,-9.229846000671387,0.9175842404365541,7500.0,-2.5282769203186035,-10.154407501220703,1.0708067417144775
46,7600.0,178.38800048828125,660.7020263671875,-1241.699951171875,7600.0,-0.7703011035919191,0.5607742667198181,-1.2678507566452026,7600.0,1002.7899780273438,7600.0,1.1554869413375854,1.174692153930664,-1.3811428546905518,7600.0,-3.1121482849121094,-9.267093658447266,0.77840256690979,7600.0,-1.9566613435745241,-8.092401504516603,-0.6027402877807617
47,7700.0,178.46200561523438,657.2750244140625,-1243.16796875,7700.0,-0.4749477207660675,-0.2257147133350373,-0.27091872692108154,7700.0,1002.7899780273438,7700.0,1.1554869413375854,1.174692153930664,-1.3811428546905518,7700.0,-3.1121482849121094,-9.267093658447266,0.77840256690979,7700.0,-1.9566613435745241,-8.092401504516603,-0.6027402877807617
48,7800.0,176.95399475097656,653.6220092773438,-1245.93505859375,7800.0,-0.5665774941444397,-0.3188716471195221,0.2125810980796814,7800.0,1002.7899780273438,7800.0,1.860843181610108,0.07526493072509766,-1.2040736675262451,7800.0,-2.9268615245819087,-9.337234497070312,0.6480202674865723,7800.0,-1.0660183429718018,-9.261969566345217,-0.5560533404350281
49,7900.0,177.59500122070312,653.0570068359375,-1246.7130126953125,7900.0,-0.5665774941444397,-0.3188716471195221,0.2125810980796814,7900.0,1002.7899780273438,7900.0,2.325467109680176,0.05011558532714844,-2.190540313720703,7900.0,-2.6887872219085693,-9.422218322753906,0.4032686650753021,7900.0,-0.3633201122283936,-9.372102737426758,-1.7872716188430786
50,7500.0,176.16700744628906,663.8989868164062,-1240.991943359375,7500.0,-0.7703011035919191,0.5607742667198181,-1.2678507566452026,7500.0,1002.7899780273438,7500.0,0.6558043956756592,-0.9245615005493164,0.15322250127792358,7500.0,-3.1840813159942627,-9.229846000671387,0.9175842404365541,7500.0,-2.5282769203186035,-10.154407501220703,1.0708067417144775
51,7600.0,178.38800048828125,660.7020263671875,-1241.699951171875,7600.0,-0.7703011035919191,0.5607742667198181,-1.2678507566452026,7600.0,1002.7899780273438,7600.0,1.1554869413375854,1.174692153930664,-1.3811428546905518,7600.0,-3.1121482849121094,-9.267093658447266,0.77840256690979,7600.0,-1.9566613435745241,-8.092401504516603,-0.6027402877807617
52,7700.0,178.46200561523438,657.2750244140625,-1243.16796875,7700.0,-0.4749477207660675,-0.2257147133350373,-0.27091872692108154,7700.0,1002.7899780273438,7700.0,1.1554869413375854,1.174692153930664,-1.3811428546905518,7700.0,-3.1121482849121094,-9.267093658447266,0.77840256690979,7700.0,-1.9566613435745241,-8.092401504516603,-0.6027402877807617
53,7800.0,176.95399475097656,653.6220092773438,-1245.93505859375,7800.0,-0.5665774941444397,-0.3188716471195221,0.2125810980796814,7800.0,1002.7899780273438,7800.0,1.860843181610108,0.07526493072509766,-1.2040736675262451,7800.0,-2.9268615245819087,-9.337234497070312,0.6480202674865723,7800.0,-1.0660183429718018,-9.261969566345217,-0.5560533404350281
54,7900.0,177.59500122070312,653.0570068359375,-1246.7130126953125,7900.0,-0.5665774941444397,-0.3188716471195221,0.2125810980796814,7900.0,1002.7899780273438,7900.0,2.325467109680176,0.05011558532714844,-2.190540313720703,7900.0,-2.6887872219085693,-9.422218322753906,0.4032686650753021,7900.0,-0.3633201122283936,-9.372102737426758,-1.7872716188430786
55,8000.0,176.73399353027344,653.0540161132812,-1246.4840087890625,8000.0,0.035124752670526505,-0.35613444447517395,-0.12034045159816742,8000.0,1002.8300170898438,8000.0,2.325467109680176,0.05011558532714844,-2.190540313720703,8000.0,-2.6887872219085693,-9.422218322753906,0.4032686650753021,8000.0,-0.3633201122283936,-9.372102737426758,-1.7872716188430786
56,8100.0,172.08399963378906,653.2689819335938,-1246.822998046875,8100.0,0.035124752670526505,-0.35613444447517395,-0.12034045159816742,8100.0,1002.8300170898438,8100.0,1.6749517917633057,-1.2703323364257812,-1.8065204620361328,8100.0,-2.4764108657836914,-9.486815452575684,0.19522272050380707,8100.0,-0.801459014415741,-10.757147789001463,-1.6112977266311646
57,8200.0,170.74400329589844,653.2689819335938,-1246.822998046875,8200.0,0.26511552929878235,0.7855727076530457,-0.4163046777248383,8200.0,1002.8599853515624,8200.0,1.6749517917633057,-1.2703323364257812,-1.8065204620361328,8200.0,-2.4764108657836914,-9.486815452575684,0.19522272050380707,8200.0,-0.801459014415741,-10.757147789001463,-1.6112977266311646
58,8300.0,169.9239959716797,655.85400390625,-1246.822998046875,8300.0,0.26511552929878235,0.7855727076530457,-0.4163046777248383,8300.0,1002.8400268554688,8300.0,1.2179009914398191,-0.8128261566162109,-0.5495458841323853,8300.0,-2.325817823410034,-9.525935173034668,0.1323562115430832,8300.0,-1.1079168319702148,-10.33876132965088,-0.4171896576881409
59,8400.0,170.49099731445312,663.1270141601562,-1246.822998046875,8400.0,0.7504479289054871,0.9831876158714294,-0.18448130786418915,8400.0,1002.8400268554688,8400.0,1.2179009914398191,-0.8128261566162109,-0.5495458841323853,8400.0,-2.325817823410034,-9.525935173034668,0.1323562115430832,8400.0,-1.1079168319702148,-10.33876132965088,-0.4171896576881409
60,8000.0,176.73399353027344,653.0540161132812,-1246.4840087890625,8000.0,0.035124752670526505,-0.35613444447517395,-0.12034045159816742,8000.0,1002.8300170898438,8000.0,2.325467109680176,0.05011558532714844,-2.190540313720703,8000.0,-2.6887872219085693,-9.422218322753906,0.4032686650753021,8000.0,-0.3633201122283936,-9.372102737426758,-1.7872716188430786
61,8100.0,172.08399963378906,653.2689819335938,-1246.822998046875,8100.0,0.035124752670526505,-0.35613444447517395,-0.12034045159816742,8100.0,1002.8300170898438,8100.0,1.6749517917633057,-1.2703323364257812,-1.8065204620361328,8100.0,-2.4764108657836914,-9.486815452575684,0.19522272050380707,8100.0,-0.801459014415741,-10.757147789001463,-1.6112977266311646
62,8200.0,170.74400329589844,653.2689819335938,-1246.822998046875,8200.0,0.26511552929878235,0.7855727076530457,-0.4163046777248383,8200.0,1002.8599853515624,8200.0,1.6749517917633057,-1.2703323364257812,-1.8065204620361328,8200.0,-2.4764108657836914,-9.486815452575684,0.19522272050380707,8200.0,-0.801459014415741,-10.757147789001463,-1.6112977266311646
63,8300.0,169.9239959716797,655.85400390625,-1246.822998046875,8300.0,0.26511552929878235,0.7855727076530457,-0.4163046777248383,8300.0,1002.8400268554688,8300.0,1.2179009914398191,-0.8128261566162109,-0.5495458841323853,8300.0,-2.325817823410034,-9.525935173034668,0.1323562115430832,8300.0,-1.1079168319702148,-10.33876132965088,-0.4171896576881409
64,8400.0,170.49099731445312,663.1270141601562,-1246.822998046875,8400.0,0.7504479289054871,0.9831876158714294,-0.18448130786418915,8400.0,1002.8400268554688,8400.0,1.2179009914398191,-0.8128261566162109,-0.5495458841323853,8400.0,-2.325817823410034,-9.525935173034668,0.1323562115430832,8400.0,-1.1079168319702148,-10.33876132965088,-0.4171896576881409
65,8500.0,167.76400756835938,670.4520263671875,-1246.011962890625,8500.0,0.7504479289054871,0.9831876158714294,-0.18448130786418915,8500.0,1002.8800048828124,8500.0,0.9494612216949464,-0.751988410949707,-0.6767266988754272,8500.0,-2.2064170837402344,-9.555049896240234,0.056029930710792535,8500.0,-1.256955862045288,-10.30703830718994,-0.6206967830657959
66,8600.0,169.51699829101562,674.0460205078125,-1245.593994140625,8600.0,1.225090265274048,0.4153883755207062,0.541532039642334,8600.0,1002.8800048828124,8600.0,0.9494612216949464,-0.751988410949707,-0.6767266988754272,8600.0,-2.2064170837402344,-9.555049896240234,0.056029930710792535,8600.0,-1.256955862045288,-10.30703830718994,-0.6206967830657959
67,8700.0,169.67999267578125,678.6890258789062,-1244.821044921875,8700.0,0.6747006773948669,1.4309518337249756,0.970054030418396,8700.0,1002.8099975585938,8700.0,2.175200939178467,0.6851978302001953,1.0535627603530884,8700.0,-1.9890516996383667,-9.601204872131348,0.17585983872413635,8700.0,0.18614917993545527,-8.916007041931152,1.2294225692749023
68,8800.0,173.7270050048828,680.7659912109375,-1244.821044921875,8800.0,0.6747006773948669,1.4309518337249756,0.970054030418396,8800.0,1002.8099975585938,8800.0,0.9114927053451538,2.619342803955078,2.5723259449005127,8800.0,-1.945787787437439,-9.599637985229492,0.4808797240257263,8800.0,-1.0342950820922852,-6.980295181274414,3.053205728530884
69,8900.0,178.6649932861328,680.3690185546875,-1246.1419677734375,8900.0,0.4627304375171661,0.7925976514816284,0.6817256212234497,8900.0,1002.780029296875,8900.0,0.9114927053451538,2.619342803955078,2.5723259449005127,8900.0,-1.945787787437439,-9.599637985229492,0.4808797240257263,8900.0,-1.0342950820922852,-6.980295181274414,3.053205728530884
70,8500.0,167.76400756835938,670.4520263671875,-1246.011962890625,8500.0,0.7504479289054871,0.9831876158714294,-0.18448130786418915,8500.0,1002.8800048828124,8500.0,0.9494612216949464,-0.751988410949707,-0.6767266988754272,8500.0,-2.2064170837402344,-9.555049896240234,0.056029930710792535,8500.0,-1.256955862045288,-10.30703830718994,-0.6206967830657959
71,8600.0,169.51699829101562,674.0460205078125,-1245.593994140625,8600.0,1.225090265274048,0.4153883755207062,0.541532039642334,8600.0,1002.8800048828124,8600.0,0.9494612216949464,-0.751988410949707,-0.6767266988754272,8600.0,-2.2064170837402344,-9.555049896240234,0.056029930710792535,8600.0,-1.256955862045288,-10.30703830718994,-0.6206967830657959
72,8700.0,169.67999267578125,678.6890258789062,-1244.821044921875,8700.0,0.6747006773948669,1.4309518337249756,0.970054030418396,8700.0,1002.8099975585938,8700.0,2.175200939178467,0.6851978302001953,1.0535627603530884,8700.0,-1.9890516996383667,-9.601204872131348,0.17585983872413635,8700.0,0.18614917993545527,-8.916007041931152,1.2294225692749023
73,8800.0,173.7270050048828,680.7659912109375,-1244.821044921875,8800.0,0.6747006773948669,1.4309518337249756,0.970054030418396,8800.0,1002.8099975585938,8800.0,0.9114927053451538,2.619342803955078,2.5723259449005127,8800.0,-1.945787787437439,-9.599637985229492,0.4808797240257263,8800.0,-1.0342950820922852,-6.980295181274414,3.053205728530884
74,8900.0,178.6649932861328,680.3690185546875,-1246.1419677734375,8900.0,0.4627304375171661,0.7925976514816284,0.6817256212234497,8900.0,1002.780029296875,8900.0,0.9114927053451538,2.619342803955078,2.5723259449005127,8900.0,-1.945787787437439,-9.599637985229492,0.4808797240257263,8900.0,-1.0342950820922852,-6.980295181274414,3.053205728530884
75,9000.0,181.8769989013672,678.7260131835938,-1247.291015625,9000.0,0.4627304375171661,0.7925976514816284,0.6817256212234497,9000.0,1002.780029296875,9000.0,-0.3279502391815185,3.673503875732422,3.087854385375977,9000.0,-2.06445574760437,-9.547079086303713,0.8727537393569946,9000.0,-2.3924059867858887,-5.873575210571289,3.9606082439422607
76,9100.0,181.30099487304688,674.7249755859375,-1247.291015625,9100.0,-0.6319400668144226,-0.7538077235221863,-0.1569923609495163,9100.0,1002.780029296875,9100.0,-0.3279502391815185,3.673503875732422,3.087854385375977,9100.0,-2.06445574760437,-9.547079086303713,0.8727537393569946,9100.0,-2.3924059867858887,-5.873575210571289,3.9606082439422607
77,9200.0,181.3459930419922,669.9089965820312,-1248.1319580078125,9200.0,-0.6319400668144226,-0.7538077235221863,-0.1569923609495163,9200.0,1002.7999877929688,9200.0,1.1632583141326904,2.080932140350342,1.383449912071228,9200.0,-1.9766882658004759,-9.546052932739258,1.0658184289932249,9200.0,-0.8134300112724304,-7.465120792388916,2.449268341064453
78,9300.0,181.83799743652344,666.3330078125,-1248.93701171875,9300.0,-0.8729264140129089,-0.2513710558414459,-0.8903360962867737,9300.0,1002.7999877929688,9300.0,1.1632583141326904,2.080932140350342,1.383449912071228,9300.0,-1.9766882658004759,-9.546052932739258,1.0658184289932249,9300.0,-0.8134300112724304,-7.465120792388916,2.449268341064453
79,9400.0,188.47900390625,667.10302734375,-1250.3079833984375,9400.0,-0.8729264140129089,-0.2513710558414459,-0.8903360962867737,9400.0,1002.7999877929688,9400.0,2.611682415008545,-2.0767641067504883,-0.6211293935775757,9400.0,-1.6294611692428589,-9.621305465698242,0.972478449344635,9400.0,0.9822212457656859,-11.69806957244873,0.3513490855693817
80,9000.0,181.8769989013672,678.7260131835938,-1247.291015625,9000.0,0.4627304375171661,0.7925976514816284,0.6817256212234497,9000.0,1002.780029296875,9000.0,-0.3279502391815185,3.673503875732422,3.087854385375977,9000.0,-2.06445574760437,-9.547079086303713,0.8727537393569946,9000.0,-2.3924059867858887,-5.873575210571289,3.9606082439422607
81,9100.0,181.30099487304688,674.7249755859375,-1247.291015625,9100.0,-0.6319400668144226,-0.7538077235221863,-0.1569923609495163,9100.0,1002.780029296875,9100.0,-0.3279502391815185,3.673503875732422,3.087854385375977,9100.0,-2.06445574760437,-9.547079086303713,0.8727537393569946,9100.0,-2.3924059867858887,-5.873575210571289,3.9606082439422607
82,9200.0,181.3459930419922,669.9089965820312,-1248.1319580078125,9200.0,-0.6319400668144226,-0.7538077235221863,-0.1569923609495163,9200.0,1002.7999877929688,9200.0,1.1632583141326904,2.080932140350342,1.383449912071228,9200.0,-1.9766882658004759,-9.546052932739258,1.0658184289932249,9200.0,-0.8134300112724304,-7.465120792388916,2.449268341064453
83,9300.0,181.83799743652344,666.3330078125,-1248.93701171875,9300.0,-0.8729264140129089,-0.2513710558414459,-0.8903360962867737,9300.0,1002.7999877929688,9300.0,1.1632583141326904,2.080932140350342,1.383449912071228,9300.0,-1.9766882658004759,-9.546052932739258,1.0658184289932249,9300.0,-0.8134300112724304,-7.465120792388916,2.449268341064453
84,9400.0,188.47900390625,667.10302734375,-1250.3079833984375,9400.0,-0.8729264140129089,-0.2513710558414459,-0.8903360962867737,9400.0,1002.7999877929688,9400.0,2.611682415008545,-2.0767641067504883,-0.6211293935775757,9400.0,-1.6294611692428589,-9.621305465698242,0.972478449344635,9400.0,0.9822212457656859,-11.69806957244873,0.3513490855693817
85,9500.0,195.03700256347656,666.43798828125,-1254.6400146484375,9500.0,-0.2678644061088562,0.14477506279945376,-1.814269781112671,9500.0,1002.7999877929688,9500.0,2.611682415008545,-2.0767641067504883,-0.6211293935775757,9500.0,-1.6294611692428589,-9.621305465698242,0.972478449344635,9500.0,0.9822212457656859,-11.69806957244873,0.3513490855693817
86,9600.0,195.6510009765625,664.0889892578125,-1257.6820068359375,9600.0,-1.0329731702804563,-0.8982773423194885,0.14966198801994324,9600.0,1002.8200073242188,9600.0,1.5152558088302612,0.7080793380737305,-0.09218263626098633,9600.0,-1.466773271560669,-9.64742946624756,0.9726502895355223,9600.0,0.04848258569836617,-8.939350128173828,0.8804676532745361
87,9700.0,198.7530059814453,659.8699951171875,-1261.3690185546875,9700.0,-1.0329731702804563,-0.8982773423194885,0.14966198801994324,9700.0,1002.8200073242188,9700.0,1.5152558088302612,0.7080793380737305,-0.09218263626098633,9700.0,-1.466773271560669,-9.64742946624756,0.9726502895355223,9700.0,0.04848258569836617,-8.939350128173828,0.8804676532745361
88,9800.0,196.51300048828125,657.7020263671875,-1261.3690185546875,9800.0,-1.0329731702804563,-0.8982773423194885,0.14966198801994324,9800.0,1002.719970703125,9800.0,2.0437862873077397,-0.04417610168457031,-1.7686825990676882,9800.0,-1.2297576665878296,-9.69902801513672,0.7661106586456299,9800.0,0.8140285611152649,-9.743204116821287,-1.0025719404220579
89,9900.0,196.83799743652344,658.14501953125,-1261.27294921875,9900.0,-0.7461718916893005,-0.3139847218990326,0.21074850857257849,9900.0,1002.719970703125,9900.0,1.6842298507690432,-0.1436004638671875,-2.212161064147949,9900.0,-1.032408356666565,-9.739065170288086,0.5050953030586243,9900.0,0.6518214344978333,-9.882665634155273,-1.7070658206939695
90,9500.0,195.03700256347656,666.43798828125,-1254.6400146484375,9500.0,-0.2678644061088562,0.14477506279945376,-1.814269781112671,9500.0,1002.7999877929688,9500.0,2.611682415008545,-2.0767641067504883,-0.6211293935775757,9500.0,-1.6294611692428589,-9.621305465698242,0.972478449344635,9500.0,0.9822212457656859,-11.69806957244873,0.3513490855693817
91,9600.0,195.6510009765625,664.0889892578125,-1257.6820068359375,9600.0,-1.0329731702804563,-0.8982773423194885,0.14966198801994324,9600.0,1002.8200073242188,9600.0,1.5152558088302612,0.7080793380737305,-0.09218263626098633,9600.0,-1.466773271560669,-9.64742946624756,0.9726502895355223,9600.0,0.04848258569836617,-8.939350128173828,0.8804676532745361
92,9700.0,198.7530059814453,659.8699951171875,-1261.3690185546875,9700.0,-1.0329731702804563,-0.8982773423194885,0.14966198801994324,9700.0,1002.8200073242188,9700.0,1.5152558088302612,0.7080793380737305,-0.09218263626098633,9700.0,-1.466773271560669,-9.64742946624756,0.9726502895355223,9700.0,0.04848258569836617,-8.939350128173828,0.8804676532745361
93,9800.0,196.51300048828125,657.7020263671875,-1261.3690185546875,9800.0,-1.0329731702804563,-0.8982773423194885,0.14966198801994324,9800.0,1002.719970703125,9800.0,2.0437862873077397,-0.04417610168457031,-1.7686825990676882,9800.0,-1.2297576665878296,-9.69902801513672,0.7661106586456299,9800.0,0.8140285611152649,-9.743204116821287,-1.0025719404220579
94,9900.0,196.83799743652344,658.14501953125,-1261.27294921875,9900.0,-0.7461718916893005,-0.3139847218990326,0.21074850857257849,9900.0,1002.719970703125,9900.0,1.6842298507690432,-0.1436004638671875,-2.212161064147949,9900.0,-1.032408356666565,-9.739065170288086,0.5050953030586243,9900.0,0.6518214344978333,-9.882665634155273,-1.7070658206939695
95,10000.0,194.9530029296875,658.2789916992188,-1261.2540283203125,10000.0,0.09285151958465576,0.8432994484901428,-0.2864958047866821,10000.0,1002.760009765625,10000.0,1.6842298507690432,-0.1436004638671875,-2.212161064147949,10000.0,-1.032408356666565,-9.739065170288086,0.5050953030586243,10000.0,0.6518214344978333,-9.882665634155273,-1.7070658206939695
96,10100.0,193.0919952392578,657.9099731445312,-1261.2540283203125,10100.0,0.09285151958465576,0.8432994484901428,-0.2864958047866821,10100.0,1002.780029296875,10100.0,2.1347198486328125,-2.0729694366455083,1.3204379081726074,10100.0,-0.7628424167633057,-9.75558376312256,0.6458002328872681,10100.0,1.3718775510787964,-11.828553199768065,1.9662381410598762
97,10200.0,191.96600341796875,658.3610229492188,-1260.8499755859375,10200.0,-0.4193589985370636,1.002735257148743,-0.17592918872833252,10200.0,1002.780029296875,10200.0,2.1347198486328125,-2.0729694366455083,1.3204379081726074,10200.0,-0.7628424167633057,-9.75558376312256,0.6458002328872681,10200.0,1.3718775510787964,-11.828553199768065,1.9662381410598762
98,10300.0,191.01400756835938,663.6290283203125,-1260.072021484375,10300.0,-0.4193589985370636,1.002735257148743,-0.17592918872833252,10300.0,1002.7899780273438,10300.0,1.3829357624053955,-0.64141845703125,1.4126451015472412,10300.0,-0.5994332432746887,-9.75540256500244,0.8019915223121643,10300.0,0.7835025191307068,-10.396821022033693,2.2146365642547607
99,10400.0,187.4739990234375,666.2650146484375,-1257.947998046875,10400.0,1.1056660413742063,0.0054977871477603895,-0.02871066704392433,10400.0,1002.7899780273438,10400.0,1.3829357624053955,-0.64141845703125,1.4126451015472412,10400.0,-0.5994332432746887,-9.75540256500244,0.8019915223121643,10400.0,0.7835025191307068,-10.396821022033693,2.2146365642547607
100,10000.0,194.9530029296875,658.2789916992188,-1261.2540283203125,10000.0,0.09285151958465576,0.8432994484901428,-0.2864958047866821,10000.0,1002.760009765625,10000.0,1.6842298507690432,-0.1436004638671875,-2.212161064147949,10000.0,-1.032408356666565,-9.739065170288086,0.5050953030586243,10000.0,0.6518214344978333,-9.882665634155273,-1.7070658206939695
101,10100.0,193.0919952392578,657.9099731445312,-1261.2540283203125,10100.0,0.09285151958465576,0.8432994484901428,-0.2864958047866821,10100.0,1002.780029296875,10100.0,2.1347198486328125,-2.0729694366455083,1.3204379081726074,10100.0,-0.7628424167633057,-9.75558376312256,0.6458002328872681,10100.0,1.3718775510787964,-11.828553199768065,1.9662381410598762
102,10200.0,191.96600341796875,658.3610229492188,-1260.8499755859375,10200.0,-0.4193589985370636,1.002735257148743,-0.17592918872833252,10200.0,1002.780029296875,10200.0,2.1347198486328125,-2.0729694366455083,1.3204379081726074,10200.0,-0.7628424167633057,-9.75558376312256,0.6458002328872681,10200.0,1.3718775510787964,-11.828553199768065,1.9662381410598762
103,10300.0,191.01400756835938,663.6290283203125,-1260.072021484375,10300.0,-0.4193589985370636,1.002735257148743,-0.17592918872833252,10300.0,1002.7899780273438,10300.0,1.3829357624053955,-0.64141845703125,1.4126451015472412,10300.0,-0.5994332432746887,-9.75540256500244,0.8019915223121643,10300.0,0.7835025191307068,-10.396821022033693,2.2146365642547607
104,10400.0,187.4739990234375,666.2650146484375,-1257.947998046875,10400.0,1.1056660413742063,0.0054977871477603895,-0.02871066704392433,10400.0,1002.7899780273438,10400.0,1.3829357624053955,-0.64141845703125,1.4126451015472412,10400.0,-0.5994332432746887,-9.75540256500244,0.8019915223121643,10400.0,0.7835025191307068,-10.396821022033693,2.2146365642547607
105,10500.0,187.8260040283203,668.364990234375,-1257.968994140625,10500.0,0.5497786998748779,0.12064588814973833,0.3888157308101654,10500.0,1002.8099975585938,10500.0,1.3112857341766355,1.383723258972168,0.5708908438682556,10500.0,-0.4577527642250061,-9.756246566772461,0.8811925053596497,10500.0,0.8535329103469849,-8.372523307800293,1.4520833492279053
106,10600.0,185.73399353027344,670.291015625,-1257.4840087890625,10600.0,0.5497786998748779,0.12064588814973833,0.3888157308101654,10600.0,1002.8099975585938,10600.0,-0.5384232401847839,0.6679248809814453,1.3877993822097778,10600.0,-0.522806704044342,-9.736562728881836,1.047103762626648,10600.0,-1.061229944229126,-9.06863784790039,2.434903144836426
107,10700.0,186.1280059814453,672.52099609375,-1257.1700439453125,10700.0,0.8885034918785095,-1.0616837739944458,1.4062118530273438,10700.0,1002.780029296875,10700.0,-0.5384232401847839,0.6679248809814453,1.3877993822097778,10700.0,-0.522806704044342,-9.736562728881836,1.047103762626648,10700.0,-1.061229944229126,-9.06863784790039,2.434903144836426
108,10800.0,185.7910003662109,674.4580078125,-1257.1700439453125,10800.0,0.8885034918785095,-1.0616837739944458,1.4062118530273438,10800.0,1002.780029296875,10800.0,-0.9612756371498108,2.8028035163879395,2.789092540740967,10800.0,-0.6518177390098572,-9.683140754699707,1.4079431295394895,10800.0,-1.6130933761596682,-6.880337238311768,4.197035789489746
109,10900.0,185.7910003662109,674.4580078125,-1257.4840087890625,10900.0,0.5088507533073425,-0.28099802136421204,0.6575964093208313,10900.0,1002.7100219726564,10900.0,-0.9612756371498108,2.8028035163879395,2.789092540740967,10900.0,-0.6518177390098572,-9.683140754699707,1.4079431295394895,10900.0,-1.6130933761596682,-6.880337238311768,4.197035789489746
110,10500.0,187.8260040283203,668.364990234375,-1257.968994140625,10500.0,0.5497786998748779,0.12064588814973833,0.3888157308101654,10500.0,1002.8099975585938,10500.0,1.3112857341766355,1.383723258972168,0.5708908438682556,10500.0,-0.4577527642250061,-9.756246566772461,0.8811925053596497,10500.0,0.8535329103469849,-8.372523307800293,1.4520833492279053
111,10600.0,185.73399353027344,670.291015625,-1257.4840087890625,10600.0,0.5497786998748779,0.12064588814973833,0.3888157308101654,10600.0,1002.8099975585938,10600.0,-0.5384232401847839,0.6679248809814453,1.3877993822097778,10600.0,-0.522806704044342,-9.736562728881836,1.047103762626648,10600.0,-1.061229944229126,-9.06863784790039,2.434903144836426
112,10700.0,186.1280059814453,672.52099609375,-1257.1700439453125,10700.0,0.8885034918785095,-1.0616837739944458,1.4062118530273438,10700.0,1002.780029296875,10700.0,-0.5384232401847839,0.6679248809814453,1.3877993822097778,10700.0,-0.522806704044342,-9.736562728881836,1.047103762626648,10700.0,-1.061229944229126,-9.06863784790039,2.434903144836426
113,10800.0,185.7910003662109,674.4580078125,-1257.1700439453125,10800.0,0.8885034918785095,-1.0616837739944458,1.4062118530273438,10800.0,1002.780029296875,10800.0,-0.9612756371498108,2.8028035163879395,2.789092540740967,10800.0,-0.6518177390098572,-9.683140754699707,1.4079431295394895,10800.0,-1.6130933761596682,-6.880337238311768,4.197035789489746
114,10900.0,185.7910003662109,674.4580078125,-1257.4840087890625,10900.0,0.5088507533073425,-0.28099802136421204,0.6575964093208313,10900.0,1002.7100219726564,10900.0,-0.9612756371498108,2.8028035163879395,2.789092540740967,10900.0,-0.6518177390098572,-9.683140754699707,1.4079431295394895,10900.0,-1.6130933761596682,-6.880337238311768,4.197035789489746
115,11000.0,185.7910003662109,674.4580078125,-1257.875,11000.0,0.5088507533073425,-0.28099802136421204,0.6575964093208313,11000.0,1002.6799926757812,11000.0,-1.0604147911071775,3.767013072967529,3.02627182006836,11000.0,-0.8070624470710754,-9.599886894226074,1.8333593606948853,11000.0,-1.8674772977828984,-5.832873821258545,4.859631061553955
116,11100.0,186.65899658203125,671.6959838867188,-1258.6700439453125,11100.0,-0.22388210892677307,-0.3286454975605011,-0.0003054326225537807,11100.0,1002.6799926757812,11100.0,-1.0604147911071775,3.767013072967529,3.02627182006836,11100.0,-0.8070624470710754,-9.599886894226074,1.8333593606948853,11100.0,-1.8674772977828984,-5.832873821258545,4.859631061553955
117,11200.0,187.46299743652344,666.7899780273438,-1259.010009765625,11200.0,-0.22388210892677307,-0.3286454975605011,-0.0003054326225537807,11200.0,1002.780029296875,11200.0,5.016066551208496,1.168086051940918,2.7400591373443604,11200.0,-2.7972397804260254,-9.354459762573242,0.91648530960083,11200.0,2.218826532363892,-8.186373710632324,3.6565444469451904
118,11300.0,188.13999938964844,661.801025390625,-1259.6519775390625,11300.0,-0.4260784983634949,-0.16523905098438266,-0.6670648455619812,11300.0,1002.780029296875,11300.0,5.016066551208496,1.168086051940918,2.7400591373443604,11300.0,-2.7972397804260254,-9.354459762573242,0.91648530960083,11300.0,2.218826532363892,-8.186373710632324,3.6565444469451904
119,11400.0,188.5659942626953,660.8729858398438,-1261.677001953125,11400.0,-1.0042624473571775,0.27641651034355164,-1.1856894493103027,11400.0,1002.7899780273438,11400.0,1.788712739944458,2.6545510292053223,2.1649715900421143,11400.0,-0.8687406778335571,-9.73300838470459,-0.8272113204002379,11400.0,0.919972002506256,-7.078457355499268,1.3377602100372314
120,11000.0,185.7910003662109,674.4580078125,-1257.875,11000.0,0.5088507533073425,-0.28099802136421204,0.6575964093208313,11000.0,1002.6799926757812,11000.0,-1.0604147911071775,3.767013072967529,3.02627182006836,11000.0,-0.8070624470710754,-9.599886894226074,1.8333593606948853,11000.0,-1.8674772977828984,-5.832873821258545,4.859631061553955
121,11100.0,186.65899658203125,671.6959838867188,-1258.6700439453125,11100.0,-0.22388210892677307,-0.3286454975605011,-0.0003054326225537807,11100.0,1002.6799926757812,11100.0,-1.0604147911071775,3.767013072967529,3.02627182006836,11100.0,-0.8070624470710754,-9.599886894226074,1.8333593606948853,11100.0,-1.8674772977828984,-5.832873821258545,4.859631061553955
122,11200.0,187.46299743652344,666.7899780273438,-1259.010009765625,11200.0,-0.22388210892677307,-0.3286454975605011,-0.0003054326225537807,11200.0,1002.780029296875,11200.0,5.016066551208496,1.168086051940918,2.7400591373443604,11200.0,-2.7972397804260254,-9.354459762573242,0.91648530960083,11200.0,2.218826532363892,-8.186373710632324,3.6565444469451904
123,11300.0,188.13999938964844,661.801025390625,-1259.6519775390625,11300.0,-0.4260784983634949,-0.16523905098438266,-0.6670648455619812,11300.0,1002.780029296875,11300.0,5.016066551208496,1.168086051940918,2.7400591373443604,11300.0,-2.7972397804260254,-9.354459762573242,0.91648530960083,11300.0,2.218826532363892,-8.186373710632324,3.6565444469451904
124,11400.0,188.5659942626953,660.8729858398438,-1261.677001953125,11400.0,-1.0042624473571775,0.27641651034355164,-1.1856894493103027,11400.0,1002.7899780273438,11400.0,1.788712739944458,2.6545510292053223,2.1649715900421143,11400.0,-0.8687406778335571,-9.73300838470459,-0.8272113204002379,11400.0,0.919972002506256,-7.078457355499268,1.3377602100372314
125,11500.0,192.14300537109366,660.6229858398438,-1264.302978515625,11500.0,-1.0042624473571775,0.27641651034355164,-1.1856894493103027,11500.0,1002.7899780273438,11500.0,0.08017398416996002,0.08275318145751953,1.7408775091171265,11500.0,-0.8687406778335571,-9.73300838470459,-0.8272113204002379,11500.0,0.08798690885305405,-9.602544784545898,0.20290859043598167
126,11600.0,195.33599853515625,660.27197265625,-1266.6650390625,11600.0,-0.4599815309047699,-0.2596177160739899,-0.5958990454673767,11600.0,1002.8400268554688,11600.0,0.08017398416996002,0.08275318145751953,1.7408775091171265,11600.0,0.007812920957803726,-9.685297966003418,-1.5379688739776611,11600.0,0.08798690885305405,-9.602544784545898,0.20290859043598167
127,11700.0,195.1470031738281,659.8369750976562,-1267.719970703125,11700.0,-0.4599815309047699,-0.2596177160739899,-0.5958990454673767,11700.0,1002.8400268554688,11700.0,0.5963056683540344,-0.2122650146484375,3.626686573028565,11700.0,-0.17313049733638766,-9.451930046081543,-2.607953786849976,11700.0,0.4231751561164856,-9.66419506072998,1.0187327861785889
128,11800.0,194.4759979248047,656.6129760742188,-1268.64404296875,11800.0,-0.6695083379745483,-0.7275404930114746,-0.11667526513338088,11800.0,1002.7899780273438,11800.0,0.5963056683540344,-0.2122650146484375,3.626686573028565,11800.0,-0.17313049733638766,-9.451930046081543,-2.607953786849976,11800.0,0.4231751561164856,-9.66419506072998,1.0187327861785889
129,11900.0,192.61900329589844,654.6240234375,-1268.64404296875,11900.0,-0.6695083379745483,-0.7275404930114746,-0.11667526513338088,11900.0,1002.780029296875,11900.0,1.1532429456710815,-0.18184757232666016,2.292977809906006,11900.0,-0.4325881898403168,-9.374608039855957,-2.846038341522217,11900.0,0.7206547260284424,-9.556455612182617,-0.5530605912208557
130,11500.0,192.14300537109366,660.6229858398438,-1264.302978515625,11500.0,-1.0042624473571775,0.27641651034355164,-1.1856894493103027,11500.0,1002.7899780273438,11500.0,0.08017398416996002,0.08275318145751953,1.7408775091171265,11500.0,-0.8687406778335571,-9.73300838470459,-0.8272113204002379,11500.0,0.08798690885305405,-9.602544784545898,0.20290859043598167
131,11600.0,195.33599853515625,660.27197265625,-1266.6650390625,11600.0,-0.4599815309047699,-0.2596177160739899,-0.5958990454673767,11600.0,1002.8400268554688,11600.0,0.08017398416996002,0.08275318145751953,1.7408775091171265,11600.0,0.007812920957803726,-9.685297966003418,-1.5379688739776611,11600.0,0.08798690885305405,-9.602544784545898,0.20290859043598167
132,11700.0,195.1470031738281,659.8369750976562,-1267.719970703125,11700.0,-0.4599815309047699,-0.2596177160739899,-0.5958990454673767,11700.0,1002.8400268554688,11700.0,0.5963056683540344,-0.2122650146484375,3.626686573028565,11700.0,-0.17313049733638766,-9.451930046081543,-2.607953786849976,11700.0,0.4231751561164856,-9.66419506072998,1.0187327861785889
133,11800.0,194.4759979248047,656.6129760742188,-1268.64404296875,11800.0,-0.6695083379745483,-0.7275404930114746,-0.11667526513338088,11800.0,1002.7899780273438,11800.0,0.5963056683540344,-0.2122650146484375,3.626686573028565,11800.0,-0.17313049733638766,-9.451930046081543,-2.607953786849976,11800.0,0.4231751561164856,-9.66419506072998,1.0187327861785889
134,11900.0,192.61900329589844,654.6240234375,-1268.64404296875,11900.0,-0.6695083379745483,-0.7275404930114746,-0.11667526513338088,11900.0,1002.780029296875,11900.0,1.1532429456710815,-0.18184757232666016,2.292977809906006,11900.0,-0.4325881898403168,-9.374608039855957,-2.846038341522217,11900.0,0.7206547260284424,-9.556455612182617,-0.5530605912208557
135,12000.0,189.61599731445315,653.5900268554688,-1268.64404296875,12000.0,-0.2061670273542404,-0.7229590415954591,-0.12034045159816742,12000.0,1002.780029296875,12000.0,1.1532429456710815,-0.18184757232666016,2.292977809906006,12000.0,-0.4325881898403168,-9.374608039855957,-2.846038341522217,12000.0,0.7206547260284424,-9.556455612182617,-0.5530605912208557
136,12100.0,186.98399353027344,653.9299926757812,-1267.60400390625,12100.0,-0.2061670273542404,-0.7229590415954591,-0.12034045159816742,12100.0,1002.72998046875,12100.0,-0.2317147254943848,-2.26644229888916,1.4344618320465088,12100.0,0.4178639054298401,-9.511833190917967,-2.3496453762054443,12100.0,0.18614917993545527,-11.778275489807127,-0.9151836037635804
137,12200.0,185.29200744628903,653.5989990234375,-1265.8609619140625,12200.0,0.2498438805341721,0.6493497490882874,-0.3851505517959595,12200.0,1002.72998046875,12200.0,-0.2317147254943848,-2.26644229888916,1.4344618320465088,12200.0,0.4178639054298401,-9.511833190917967,-2.3496453762054443,12200.0,0.18614917993545527,-11.778275489807127,-0.9151836037635804
138,12300.0,181.9149932861328,661.3250122070312,-1261.427978515625,12300.0,1.6511687040328982,0.8881980776786804,-0.09804387390613556,12300.0,1002.7899780273438,12300.0,1.4863731861114502,-0.0119476318359375,-1.0756704807281494,12300.0,0.6187286972999573,-9.765972137451172,0.642918586730957,12300.0,2.1051018238067627,-9.77791976928711,-0.4327519536018372
139,12400.0,173.9080047607422,668.948974609375,-1257.9420166015625,12400.0,1.6511687040328982,0.8881980776786804,-0.09804387390613556,12400.0,1002.7899780273438,12400.0,-2.3942127227783203,1.0066204071044922,5.696728706359862,12400.0,0.6187286972999573,-9.765972137451172,0.642918586730957,12400.0,-3.116652011871338,-8.643068313598633,7.287950038909912
140,12000.0,189.61599731445315,653.5900268554688,-1268.64404296875,12000.0,-0.2061670273542404,-0.7229590415954591,-0.12034045159816742,12000.0,1002.780029296875,12000.0,1.1532429456710815,-0.18184757232666016,2.292977809906006,12000.0,-0.4325881898403168,-9.374608039855957,-2.846038341522217,12000.0,0.7206547260284424,-9.556455612182617,-0.5530605912208557
141,12100.0,186.98399353027344,653.9299926757812,-1267.60400390625,12100.0,-0.2061670273542404,-0.7229590415954591,-0.12034045159816742,12100.0,1002.72998046875,12100.0,-0.2317147254943848,-2.26644229888916,1.4344618320465088,12100.0,0.4178639054298401,-9.511833190917967,-2.3496453762054443,12100.0,0.18614917993545527,-11.778275489807127,-0.9151836037635804
142,12200.0,185.29200744628903,653.5989990234375,-1265.8609619140625,12200.0,0.2498438805341721,0.6493497490882874,-0.3851505517959595,12200.0,1002.72998046875,12200.0,-0.2317147254943848,-2.26644229888916,1.4344618320465088,12200.0,0.4178639054298401,-9.511833190917967,-2.3496453762054443,12200.0,0.18614917993545527,-11.778275489807127,-0.9151836037635804
143,12300.0,181.9149932861328,661.3250122070312,-1261.427978515625,12300.0,1.6511687040328982,0.8881980776786804,-0.09804387390613556,12300.0,1002.7899780273438,12300.0,1.4863731861114502,-0.0119476318359375,-1.0756704807281494,12300.0,0.6187286972999573,-9.765972137451172,0.642918586730957,12300.0,2.1051018238067627,-9.77791976928711,-0.4327519536018372
144,12400.0,173.9080047607422,668.948974609375,-1257.9420166015625,12400.0,1.6511687040328982,0.8881980776786804,-0.09804387390613556,12400.0,1002.7899780273438,12400.0,-2.3942127227783203,1.0066204071044922,5.696728706359862,12400.0,0.6187286972999573,-9.765972137451172,0.642918586730957,12400.0,-3.116652011871338,-8.643068313598633,7.287950038909912
145,12500.0,170.96200561523438,673.6900024414062,-1255.928955078125,12500.0,0.4966334402561188,0.6068946123123169,0.6203336715698242,12500.0,1002.739990234375,12500.0,-2.3942127227783203,1.0066204071044922,5.696728706359862,12500.0,-0.7224393486976624,-9.649688720703123,1.5912212133407593,12500.0,-3.116652011871338,-8.643068313598633,7.287950038909912
146,12600.0,171.1020050048828,678.7869873046875,-1256.4510498046875,12600.0,0.4966334402561188,0.6068946123123169,0.6203336715698242,12600.0,1002.739990234375,12600.0,1.95052707195282,-0.12158203125,-0.8807066679000854,12600.0,-3.774908781051636,-8.686087608337402,2.5440783500671387,12600.0,-1.824381709098816,-8.807669639587402,1.6633716821670532
147,12700.0,173.80299377441406,681.6279907226562,-1256.4510498046875,12700.0,0.4718933999538422,-0.2541199326515198,1.8438967466354368,12700.0,1002.760009765625,12700.0,1.95052707195282,-0.12158203125,-0.8807066679000854,12700.0,-3.774908781051636,-8.686087608337402,2.5440783500671387,12700.0,-1.824381709098816,-8.807669639587402,1.6633716821670532
148,12800.0,175.41000366210938,682.5050048828125,-1256.4510498046875,12800.0,0.4718933999538422,-0.2541199326515198,1.8438967466354368,12800.0,1002.6900024414064,12800.0,2.553074359893799,2.1698260307312007,0.8623461723327637,12800.0,-4.165569305419922,-8.407320022583008,2.85225772857666,12800.0,-1.6124948263168335,-6.2374939918518075,3.714603900909424
149,12900.0,177.4810028076172,681.0180053710938,-1256.4510498046875,12900.0,-0.14416420459747314,-0.646906316280365,0.4022547602653504,12900.0,1002.6900024414064,12900.0,2.553074359893799,2.1698260307312007,0.8623461723327637,12900.0,-4.165569305419922,-8.407320022583008,2.85225772857666,12900.0,-1.6124948263168335,-6.2374939918518075,3.714603900909424
150,12500.0,170.96200561523438,673.6900024414062,-1255.928955078125,12500.0,0.4966334402561188,0.6068946123123169,0.6203336715698242,12500.0,1002.739990234375,12500.0,-2.3942127227783203,1.0066204071044922,5.696728706359862,12500.0,-0.7224393486976624,-9.649688720703123,1.5912212133407593,12500.0,-3.116652011871338,-8.643068313598633,7.287950038909912
151,12600.0,171.1020050048828,678.7869873046875,-1256.4510498046875,12600.0,0.4966334402561188,0.6068946123123169,0.6203336715698242,12600.0,1002.739990234375,12600.0,1.95052707195282,-0.12158203125,-0.8807066679000854,12600.0,-3.774908781051636,-8.686087608337402,2.5440783500671387,12600.0,-1.824381709098816,-8.807669639587402,1.6633716821670532
152,12700.0,173.80299377441406,681.6279907226562,-1256.4510498046875,12700.0,0.4718933999538422,-0.2541199326515198,1.8438967466354368,12700.0,1002.760009765625,12700.0,1.95052707195282,-0.12158203125,-0.8807066679000854,12700.0,-3.774908781051636,-8.686087608337402,2.5440783500671387,12700.0,-1.824381709098816,-8.807669639587402,1.6633716821670532
153,12800.0,175.41000366210938,682.5050048828125,-1256.4510498046875,12800.0,0.4718933999538422,-0.2541199326515198,1.8438967466354368,12800.0,1002.6900024414064,12800.0,2.553074359893799,2.1698260307312007,0.8623461723327637,12800.0,-4.165569305419922,-8.407320022583008,2.85225772857666,12800.0,-1.6124948263168335,-6.2374939918518075,3.714603900909424
154,12900.0,177.4810028076172,681.0180053710938,-1256.4510498046875,12900.0,-0.14416420459747314,-0.646906316280365,0.4022547602653504,12900.0,1002.6900024414064,12900.0,2.553074359893799,2.1698260307312007,0.8623461723327637,12900.0,-4.165569305419922,-8.407320022583008,2.85225772857666,12900.0,-1.6124948263168335,-6.2374939918518075,3.714603900909424
155,13000.0,177.04600524902344,679.2990112304688,-1256.4510498046875,13000.0,-0.14416420459747314,-0.646906316280365,0.4022547602653504,13000.0,1002.719970703125,13000.0,1.7213917970657349,-5.604397773742676,2.244847536087036,13000.0,-3.1525259017944336,-9.21152114868164,1.174670934677124,13000.0,-1.4311341047286987,-14.815918922424315,3.41951847076416
156,13100.0,176.53599548339844,674.2260131835938,-1256.4510498046875,13100.0,-1.4459180831909182,-0.8445212244987488,-0.4825835525989533,13100.0,1002.719970703125,13100.0,1.7213917970657349,-5.604397773742676,2.244847536087036,13100.0,-3.1525259017944336,-9.21152114868164,1.174670934677124,13100.0,-1.4311341047286987,-14.815918922424315,3.41951847076416
157,13200.0,176.53599548339844,672.52099609375,-1256.4510498046875,13200.0,-0.6921103000640869,0.34727689623832697,-1.10139000415802,13200.0,1002.72998046875,13200.0,1.478162407875061,1.4990453720092771,0.6807634234428406,13200.0,-1.4051392078399658,-9.705171585083008,-0.07503040134906769,13200.0,0.07302315533161162,-8.20612621307373,0.6057330369949341
158,13300.0,180.79600524902344,672.2420043945312,-1256.4510498046875,13300.0,-0.6921103000640869,0.34727689623832697,-1.10139000415802,13300.0,1002.72998046875,13300.0,0.469336062669754,0.6821718215942383,1.0299457311630251,13300.0,-0.6806243658065796,-9.753203392028807,-0.7629922032356262,13300.0,-0.2112883031368256,-9.07103157043457,0.2669534981250763
159,13400.0,183.70599365234366,670.114990234375,-1257.14501953125,13400.0,-0.4447098970413208,-0.08949175477027893,-0.4770857691764832,13400.0,1002.7899780273438,13400.0,0.469336062669754,0.6821718215942383,1.0299457311630251,13400.0,-0.6806243658065796,-9.753203392028807,-0.7629922032356262,13400.0,-0.2112883031368256,-9.07103157043457,0.2669534981250763
160,13000.0,177.04600524902344,679.2990112304688,-1256.4510498046875,13000.0,-0.14416420459747314,-0.646906316280365,0.4022547602653504,13000.0,1002.719970703125,13000.0,1.7213917970657349,-5.604397773742676,2.244847536087036,13000.0,-3.1525259017944336,-9.21152114868164,1.174670934677124,13000.0,-1.4311341047286987,-14.815918922424315,3.41951847076416
161,13100.0,176.53599548339844,674.2260131835938,-1256.4510498046875,13100.0,-1.4459180831909182,-0.8445212244987488,-0.4825835525989533,13100.0,1002.719970703125,13100.0,1.7213917970657349,-5.604397773742676,2.244847536087036,13100.0,-3.1525259017944336,-9.21152114868164,1.174670934677124,13100.0,-1.4311341047286987,-14.815918922424315,3.41951847076416
162,13200.0,176.53599548339844,672.52099609375,-1256.4510498046875,13200.0,-0.6921103000640869,0.34727689623832697,-1.10139000415802,13200.0,1002.72998046875,13200.0,1.478162407875061,1.4990453720092771,0.6807634234428406,13200.0,-1.4051392078399658,-9.705171585083008,-0.07503040134906769,13200.0,0.07302315533161162,-8.20612621307373,0.6057330369949341
163,13300.0,180.79600524902344,672.2420043945312,-1256.4510498046875,13300.0,-0.6921103000640869,0.34727689623832697,-1.10139000415802,13300.0,1002.72998046875,13300.0,0.469336062669754,0.6821718215942383,1.0299457311630251,13300.0,-0.6806243658065796,-9.753203392028807,-0.7629922032356262,13300.0,-0.2112883031368256,-9.07103157043457,0.2669534981250763
164,13400.0,183.70599365234366,670.114990234375,-1257.14501953125,13400.0,-0.4447098970413208,-0.08949175477027893,-0.4770857691764832,13400.0,1002.7899780273438,13400.0,0.469336062669754,0.6821718215942383,1.0299457311630251,13400.0,-0.6806243658065796,-9.753203392028807,-0.7629922032356262,13400.0,-0.2112883031368256,-9.07103157043457,0.2669534981250763
165,13500.0,181.54200744628903,667.405029296875,-1258.2960205078125,13500.0,-0.4447098970413208,-0.08949175477027893,-0.4770857691764832,13500.0,1002.7899780273438,13500.0,0.4800708591938019,0.10926151275634766,1.2710866928100586,13500.0,-0.6332997679710388,-9.700433731079102,-1.2926344871520996,13500.0,-0.15322890877723694,-9.591172218322754,-0.021547814831137657
166,13600.0,182.5039978027344,665.3179931640625,-1259.4429931640625,13600.0,-0.3952298164367676,-0.7464773058891296,-0.16737708449363708,13600.0,1002.75,13600.0,0.4800708591938019,0.10926151275634766,1.2710866928100586,13600.0,-0.6332997679710388,-9.700433731079102,-1.2926344871520996,13600.0,-0.15322890877723694,-9.591172218322754,-0.021547814831137657
167,13700.0,182.5039978027344,663.3809814453125,-1260.072021484375,13700.0,-0.3952298164367676,-0.7464773058891296,-0.16737708449363708,13700.0,1002.739990234375,13700.0,0.7423350811004639,-0.09292125701904297,-0.5885597467422485,13700.0,-0.7052249312400818,-9.68679428100586,-1.356130599975586,13700.0,0.03711012750864029,-9.779715538024902,-1.9446903467178345
168,13800.0,179.71299743652344,663.052978515625,-1260.43798828125,13800.0,-0.10567969083786012,-0.39675697684288025,-0.07452555745840073,13800.0,1002.739990234375,13800.0,0.7423350811004639,-0.09292125701904297,-0.5885597467422485,13800.0,-0.7052249312400818,-9.68679428100586,-1.356130599975586,13800.0,0.03711012750864029,-9.779715538024902,-1.9446903467178345
169,13900.0,176.14500427246094,663.052978515625,-1260.43798828125,13900.0,-0.10567969083786012,-0.39675697684288025,-0.07452555745840073,13900.0,1002.7000122070312,13900.0,0.3373333811759949,-0.6448659896850586,-0.2624374628067017,13900.0,0.02000124379992485,-9.746567726135254,-1.0837024450302124,13900.0,0.35733461380004883,-10.391433715820312,-1.346139907836914
170,13500.0,181.54200744628903,667.405029296875,-1258.2960205078125,13500.0,-0.4447098970413208,-0.08949175477027893,-0.4770857691764832,13500.0,1002.7899780273438,13500.0,0.4800708591938019,0.10926151275634766,1.2710866928100586,13500.0,-0.6332997679710388,-9.700433731079102,-1.2926344871520996,13500.0,-0.15322890877723694,-9.591172218322754,-0.021547814831137657
171,13600.0,182.5039978027344,665.3179931640625,-1259.4429931640625,13600.0,-0.3952298164367676,-0.7464773058891296,-0.16737708449363708,13600.0,1002.75,13600.0,0.4800708591938019,0.10926151275634766,1.2710866928100586,13600.0,-0.6332997679710388,-9.700433731079102,-1.2926344871520996,13600.0,-0.15322890877723694,-9.591172218322754,-0.021547814831137657
172,13700.0,182.5039978027344,663.3809814453125,-1260.072021484375,13700.0,-0.3952298164367676,-0.7464773058891296,-0.16737708449363708,13700.0,1002.739990234375,13700.0,0.7423350811004639,-0.09292125701904297,-0.5885597467422485,13700.0,-0.7052249312400818,-9.68679428100586,-1.356130599975586,13700.0,0.03711012750864029,-9.779715538024902,-1.9446903467178345
173,13800.0,179.71299743652344,663.052978515625,-1260.43798828125,13800.0,-0.10567969083786012,-0.39675697684288025,-0.07452555745840073,13800.0,1002.739990234375,13800.0,0.7423350811004639,-0.09292125701904297,-0.5885597467422485,13800.0,-0.7052249312400818,-9.68679428100586,-1.356130599975586,13800.0,0.03711012750864029,-9.779715538024902,-1.9446903467178345
174,13900.0,176.14500427246094,663.052978515625,-1260.43798828125,13900.0,-0.10567969083786012,-0.39675697684288025,-0.07452555745840073,13900.0,1002.7000122070312,13900.0,0.3373333811759949,-0.6448659896850586,-0.2624374628067017,13900.0,0.02000124379992485,-9.746567726135254,-1.0837024450302124,13900.0,0.35733461380004883,-10.391433715820312,-1.346139907836914
175,14000.0,174.04299926757812,662.708984375,-1259.7559814453125,14000.0,0.1310305893421173,0.4926628172397614,-0.4129449129104614,14000.0,1002.7000122070312,14000.0,0.3373333811759949,-0.6448659896850586,-0.2624374628067017,14000.0,0.02000124379992485,-9.746567726135254,-1.0837024450302124,14000.0,0.35733461380004883,-10.391433715820312,-1.346139907836914
176,14100.0,170.927001953125,663.1279907226562,-1259.0340576171875,14100.0,0.6490443348884583,1.0317513942718506,-0.37048977613449097,14100.0,1002.72998046875,14100.0,-0.06044071912765502,-1.7627429962158203,0.031470075249671936,14100.0,0.6488158106803894,-9.783294677734377,0.1911906898021698,14100.0,0.5883750915527344,-11.546037673950195,0.22266076505184174
177,14200.0,171.05099487304688,669.5120239257812,-1258.2559814453125,14200.0,0.6490443348884583,1.0317513942718506,-0.37048977613449097,14200.0,1002.72998046875,14200.0,-0.06044071912765502,-1.7627429962158203,0.031470075249671936,14200.0,0.6488158106803894,-9.783294677734377,0.1911906898021698,14200.0,0.5883750915527344,-11.546037673950195,0.22266076505184174
178,14300.0,167.01199340820312,676.2429809570312,-1256.06005859375,14300.0,1.605353832244873,0.4770857691764832,-0.05864306539297104,14300.0,1002.75,14300.0,-0.7294358611106873,-0.936701774597168,-1.3165994882583618,14300.0,0.4983953833580017,-9.292525291442873,3.093695640563965,14300.0,-0.23104046285152435,-10.229227066040039,1.777096152305603
179,14400.0,166.7519989013672,680.7860107421875,-1255.5169677734375,14400.0,1.605353832244873,0.4770857691764832,-0.05864306539297104,14400.0,1002.75,14400.0,1.44270920753479,-0.4631614685058594,-0.9641456604003906,14400.0,-1.0740021467208862,-8.651564598083496,4.490804672241211,14400.0,0.3687070608139038,-9.114726066589355,3.5266590118408203
180,14000.0,174.04299926757812,662.708984375,-1259.7559814453125,14000.0,0.1310305893421173,0.4926628172397614,-0.4129449129104614,14000.0,1002.7000122070312,14000.0,0.3373333811759949,-0.6448659896850586,-0.2624374628067017,14000.0,0.02000124379992485,-9.746567726135254,-1.0837024450302124,14000.0,0.35733461380004883,-10.391433715820312,-1.346139907836914
181,14100.0,170.927001953125,663.1279907226562,-1259.0340576171875,14100.0,0.6490443348884583,1.0317513942718506,-0.37048977613449097,14100.0,1002.72998046875,14100.0,-0.06044071912765502,-1.7627429962158203,0.031470075249671936,14100.0,0.6488158106803894,-9.783294677734377,0.1911906898021698,14100.0,0.5883750915527344,-11.546037673950195,0.22266076505184174
182,14200.0,171.05099487304688,669.5120239257812,-1258.2559814453125,14200.0,0.6490443348884583,1.0317513942718506,-0.37048977613449097,14200.0,1002.72998046875,14200.0,-0.06044071912765502,-1.7627429962158203,0.031470075249671936,14200.0,0.6488158106803894,-9.783294677734377,0.1911906898021698,14200.0,0.5883750915527344,-11.546037673950195,0.22266076505184174
183,14300.0,167.01199340820312,676.2429809570312,-1256.06005859375,14300.0,1.605353832244873,0.4770857691764832,-0.05864306539297104,14300.0,1002.75,14300.0,-0.7294358611106873,-0.936701774597168,-1.3165994882583618,14300.0,0.4983953833580017,-9.292525291442873,3.093695640563965,14300.0,-0.23104046285152435,-10.229227066040039,1.777096152305603
184,14400.0,166.7519989013672,680.7860107421875,-1255.5169677734375,14400.0,1.605353832244873,0.4770857691764832,-0.05864306539297104,14400.0,1002.75,14400.0,1.44270920753479,-0.4631614685058594,-0.9641456604003906,14400.0,-1.0740021467208862,-8.651564598083496,4.490804672241211,14400.0,0.3687070608139038,-9.114726066589355,3.5266590118408203
185,14500.0,167.7740020751953,686.5469970703125,-1255.093994140625,14500.0,0.8310821652412415,0.3769038617610931,0.75105881690979,14500.0,1002.72998046875,14500.0,1.44270920753479,-0.4631614685058594,-0.9641456604003906,14500.0,-1.0740021467208862,-8.651564598083496,4.490804672241211,14500.0,0.3687070608139038,-9.114726066589355,3.5266590118408203
186,14600.0,172.00999450683594,690.822998046875,-1254.468994140625,14600.0,0.8310821652412415,0.3769038617610931,0.75105881690979,14600.0,1002.7100219726564,14600.0,0.8409419059753418,-0.8239617347717285,-2.826634407043457,14600.0,-2.1775050163269043,-7.461771488189697,5.979199409484862,14600.0,-1.3365631103515625,-8.285733222961426,3.1525650024414062
187,14700.0,179.34800720214844,692.8369750976562,-1254.468994140625,14700.0,0.7486153841018677,-1.1575896739959717,1.4520267248153689,14700.0,1002.7100219726564,14700.0,0.8409419059753418,-0.8239617347717285,-2.826634407043457,14700.0,-2.1775050163269043,-7.461771488189697,5.979199409484862,14700.0,-1.3365631103515625,-8.285733222961426,3.1525650024414062
188,14800.0,185.41400146484366,693.0770263671875,-1254.468994140625,14800.0,0.7486153841018677,-1.1575896739959717,1.4520267248153689,14800.0,1002.7000122070312,14800.0,-0.13948583602905273,-0.01287984848022461,-2.473308086395264,14800.0,-2.1984522342681885,-6.777076244354247,6.7385783195495605,14800.0,-2.3379380702972408,-6.789956092834473,4.265270233154297
189,14900.0,190.37399291992188,691.9119873046875,-1256.97900390625,14900.0,0.18570303916931152,-1.2018773555755615,1.0323622226715088,14900.0,1002.7000122070312,14900.0,-0.13948583602905273,-0.01287984848022461,-2.473308086395264,14900.0,-2.1984522342681885,-6.777076244354247,6.7385783195495605,14900.0,-2.3379380702972408,-6.789956092834473,4.265270233154297
190,14500.0,167.7740020751953,686.5469970703125,-1255.093994140625,14500.0,0.8310821652412415,0.3769038617610931,0.75105881690979,14500.0,1002.72998046875,14500.0,1.44270920753479,-0.4631614685058594,-0.9641456604003906,14500.0,-1.0740021467208862,-8.651564598083496,4.490804672241211,14500.0,0.3687070608139038,-9.114726066589355,3.5266590118408203
191,14600.0,172.00999450683594,690.822998046875,-1254.468994140625,14600.0,0.8310821652412415,0.3769038617610931,0.75105881690979,14600.0,1002.7100219726564,14600.0,0.8409419059753418,-0.8239617347717285,-2.826634407043457,14600.0,-2.1775050163269043,-7.461771488189697,5.979199409484862,14600.0,-1.3365631103515625,-8.285733222961426,3.1525650024414062
192,14700.0,179.34800720214844,692.8369750976562,-1254.468994140625,14700.0,0.7486153841018677,-1.1575896739959717,1.4520267248153689,14700.0,1002.7100219726564,14700.0,0.8409419059753418,-0.8239617347717285,-2.826634407043457,14700.0,-2.1775050163269043,-7.461771488189697,5.979199409484862,14700.0,-1.3365631103515625,-8.285733222961426,3.1525650024414062
193,14800.0,185.41400146484366,693.0770263671875,-1254.468994140625,14800.0,0.7486153841018677,-1.1575896739959717,1.4520267248153689,14800.0,1002.7000122070312,14800.0,-0.13948583602905273,-0.01287984848022461,-2.473308086395264,14800.0,-2.1984522342681885,-6.777076244354247,6.7385783195495605,14800.0,-2.3379380702972408,-6.789956092834473,4.265270233154297
194,14900.0,190.37399291992188,691.9119873046875,-1256.97900390625,14900.0,0.18570303916931152,-1.2018773555755615,1.0323622226715088,14900.0,1002.7000122070312,14900.0,-0.13948583602905273,-0.01287984848022461,-2.473308086395264,14900.0,-2.1984522342681885,-6.777076244354247,6.7385783195495605,14900.0,-2.3379380702972408,-6.789956092834473,4.265270233154297
195,15000.0,194.76600646972656,690.8900146484375,-1258.6800537109375,15000.0,-0.5864306092262268,-0.8909469842910767,0.5592471361160278,15000.0,1002.780029296875,15000.0,-1.2696996927261353,0.8707494735717773,-1.454437255859375,15000.0,-1.9229682683944704,-7.19084358215332,6.384696960449219,15000.0,-3.192667961120605,-6.320094108581543,4.930259704589844
196,15100.0,197.7669982910156,685.635986328125,-1259.990966796875,15100.0,-0.5864306092262268,-0.8909469842910767,0.5592471361160278,15100.0,1002.780029296875,15100.0,-1.2696996927261353,0.8707494735717773,-1.454437255859375,15100.0,-1.9229682683944704,-7.19084358215332,6.384696960449219,15100.0,-3.192667961120605,-6.320094108581543,4.930259704589844
197,15200.0,198.76400756835938,683.2880249023438,-1260.4010009765625,15200.0,-0.8472700715065002,-0.931569516658783,0.5345070958137512,15200.0,1002.7100219726564,15200.0,-0.3251655101776123,-5.2684855461120605,-2.9001660346984863,15200.0,-1.6955406665802002,-7.88884973526001,5.573292255401611,15200.0,-2.0207061767578125,-13.15733528137207,2.673126220703125
198,15300.0,197.9429931640625,679.8779907226562,-1260.4010009765625,15300.0,-0.8472700715065002,-0.931569516658783,0.5345070958137512,15300.0,1002.7100219726564,15300.0,1.3390920162200928,1.2751965522766109,-3.8158843517303462,15300.0,-0.20843034982681274,-8.577511787414549,4.749024391174316,15300.0,1.1306617259979248,-7.3023152351379395,0.9331400990486144
199,15400.0,197.9429931640625,678.9730224609375,-1260.7159423828125,15400.0,-0.6624833345413208,-0.5510004758834839,-0.7128797173500061,15400.0,1002.739990234375,15400.0,1.3390920162200928,1.2751965522766109,-3.8158843517303462,15400.0,-0.20843034982681274,-8.577511787414549,4.749024391174316,15400.0,1.1306617259979248,-7.3023152351379395,0.9331400990486144
200,15000.0,194.76600646972656,690.8900146484375,-1258.6800537109375,15000.0,-0.5864306092262268,-0.8909469842910767,0.5592471361160278,15000.0,1002.780029296875,15000.0,-1.2696996927261353,0.8707494735717773,-1.454437255859375,15000.0,-1.9229682683944704,-7.19084358215332,6.384696960449219,15000.0,-3.192667961120605,-6.320094108581543,4.930259704589844
201,15100.0,197.7669982910156,685.635986328125,-1259.990966796875,15100.0,-0.5864306092262268,-0.8909469842910767,0.5592471361160278,15100.0,1002.780029296875,15100.0,-1.2696996927261353,0.8707494735717773,-1.454437255859375,15100.0,-1.9229682683944704,-7.19084358215332,6.384696960449219,15100.0,-3.192667961120605,-6.320094108581543,4.930259704589844
202,15200.0,198.76400756835938,683.2880249023438,-1260.4010009765625,15200.0,-0.8472700715065002,-0.931569516658783,0.5345070958137512,15200.0,1002.7100219726564,15200.0,-0.3251655101776123,-5.2684855461120605,-2.9001660346984863,15200.0,-1.6955406665802002,-7.88884973526001,5.573292255401611,15200.0,-2.0207061767578125,-13.15733528137207,2.673126220703125
203,15300.0,197.9429931640625,679.8779907226562,-1260.4010009765625,15300.0,-0.8472700715065002,-0.931569516658783,0.5345070958137512,15300.0,1002.7100219726564,15300.0,1.3390920162200928,1.2751965522766109,-3.8158843517303462,15300.0,-0.20843034982681274,-8.577511787414549,4.749024391174316,15300.0,1.1306617259979248,-7.3023152351379395,0.9331400990486144
204,15400.0,197.9429931640625,678.9730224609375,-1260.7159423828125,15400.0,-0.6624833345413208,-0.5510004758834839,-0.7128797173500061,15400.0,1002.739990234375,15400.0,1.3390920162200928,1.2751965522766109,-3.8158843517303462,15400.0,-0.20843034982681274,-8.577511787414549,4.749024391174316,15400.0,1.1306617259979248,-7.3023152351379395,0.9331400990486144
205,15500.0,198.7010040283203,679.6170043945312,-1260.7159423828125,15500.0,-0.6624833345413208,-0.5510004758834839,-0.7128797173500061,15500.0,1002.72998046875,15500.0,-1.6588226556777954,-1.023773193359375,-3.027055501937866,15500.0,1.3026851415634155,-8.791256904602049,4.1457462310791025,15500.0,-0.3561375141143799,-9.815030097961426,1.1186907291412354
206,15600.0,204.1150054931641,679.1959838867188,-1263.7900390625,15600.0,-0.3878994286060333,-0.5791002511978149,-0.7272350788116455,15600.0,1002.72998046875,15600.0,-1.6588226556777954,-1.023773193359375,-3.027055501937866,15600.0,1.3026851415634155,-8.791256904602049,4.1457462310791025,15600.0,-0.3561375141143799,-9.815030097961426,1.1186907291412354
207,15700.0,205.13299560546875,678.5360107421875,-1263.998046875,15700.0,-0.3878994286060333,-0.5791002511978149,-0.7272350788116455,15700.0,1002.7100219726564,15700.0,-0.7814488410949707,0.8332386016845703,-2.6637487411499023,15700.0,2.055164098739624,-9.213542938232422,2.6565661430358887,15700.0,1.273715257644653,-8.380304336547853,-0.0071826050989329815
208,15800.0,202.9980010986328,675.072998046875,-1263.85302734375,15800.0,-0.6438519954681396,-1.6239852905273438,0.09468411654233932,15800.0,1002.7100219726564,15800.0,-0.7814488410949707,0.8332386016845703,-2.6637487411499023,15800.0,2.055164098739624,-9.213542938232422,2.6565661430358887,15800.0,1.273715257644653,-8.380304336547853,-0.0071826050989329815
209,15900.0,202.6529998779297,675.2940063476562,-1264.1949462890625,15900.0,0.007635815534740685,0.08796459436416626,-0.5638286471366882,15900.0,1002.6900024414064,15900.0,-2.9966182708740234,-1.2584695816040041,-3.570800304412842,15900.0,2.8170530796051025,-8.9767427444458,2.766348600387573,15900.0,-0.17956513166427612,-10.235212326049805,-0.8044517636299133
210,15500.0,198.7010040283203,679.6170043945312,-1260.7159423828125,15500.0,-0.6624833345413208,-0.5510004758834839,-0.7128797173500061,15500.0,1002.72998046875,15500.0,-1.6588226556777954,-1.023773193359375,-3.027055501937866,15500.0,1.3026851415634155,-8.791256904602049,4.1457462310791025,15500.0,-0.3561375141143799,-9.815030097961426,1.1186907291412354
211,15600.0,204.1150054931641,679.1959838867188,-1263.7900390625,15600.0,-0.3878994286060333,-0.5791002511978149,-0.7272350788116455,15600.0,1002.72998046875,15600.0,-1.6588226556777954,-1.023773193359375,-3.027055501937866,15600.0,1.3026851415634155,-8.791256904602049,4.1457462310791025,15600.0,-0.3561375141143799,-9.815030097961426,1.1186907291412354
212,15700.0,205.13299560546875,678.5360107421875,-1263.998046875,15700.0,-0.3878994286060333,-0.5791002511978149,-0.7272350788116455,15700.0,1002.7100219726564,15700.0,-0.7814488410949707,0.8332386016845703,-2.6637487411499023,15700.0,2.055164098739624,-9.213542938232422,2.6565661430358887,15700.0,1.273715257644653,-8.380304336547853,-0.0071826050989329815
213,15800.0,202.9980010986328,675.072998046875,-1263.85302734375,15800.0,-0.6438519954681396,-1.6239852905273438,0.09468411654233932,15800.0,1002.7100219726564,15800.0,-0.7814488410949707,0.8332386016845703,-2.6637487411499023,15800.0,2.055164098739624,-9.213542938232422,2.6565661430358887,15800.0,1.273715257644653,-8.380304336547853,-0.0071826050989329815
214,15900.0,202.6529998779297,675.2940063476562,-1264.1949462890625,15900.0,0.007635815534740685,0.08796459436416626,-0.5638286471366882,15900.0,1002.6900024414064,15900.0,-2.9966182708740234,-1.2584695816040041,-3.570800304412842,15900.0,2.8170530796051025,-8.9767427444458,2.766348600387573,15900.0,-0.17956513166427612,-10.235212326049805,-0.8044517636299133
215,16000.0,201.2949981689453,675.2940063476562,-1262.7669677734375,16000.0,0.007635815534740685,0.08796459436416626,-0.5638286471366882,16000.0,1002.6900024414064,16000.0,-2.9966182708740234,-1.2584695816040041,-3.570800304412842,16000.0,2.8170530796051025,-8.9767427444458,2.766348600387573,16000.0,-0.17956513166427612,-10.235212326049805,-0.8044517636299133
216,16100.0,200.53399658203125,674.9710083007812,-1261.529052734375,16100.0,0.1991420686244965,0.2984076738357544,-0.1621847152709961,16100.0,1002.6900024414064,16100.0,-2.289245367050171,-0.9013729095458984,-3.959438562393189,16100.0,2.803998708724976,-8.799932479858398,3.2968432903289795,16100.0,0.5147533416748047,-9.701305389404297,-0.6625953316688538
217,16200.0,200.98699951171875,676.4829711914062,-1261.529052734375,16200.0,0.1991420686244965,0.2984076738357544,-0.1621847152709961,16200.0,1002.6900024414064,16200.0,-1.22471284866333,-0.4223909378051758,-3.6202139854431152,16200.0,1.9657182693481443,-8.100368499755861,5.166269779205322,16200.0,0.7410054206848145,-8.522759437561035,1.5460557937622068
218,16300.0,201.49200439453125,682.5070190429688,-1261.529052734375,16300.0,1.0354166030883791,0.5534439086914062,0.2076941877603531,16300.0,1002.72998046875,16300.0,-1.22471284866333,-0.4223909378051758,-3.6202139854431152,16300.0,1.9657182693481443,-8.100368499755861,5.166269779205322,16300.0,0.7410054206848145,-8.522759437561035,1.5460557937622068
219,16400.0,206.11399841308602,682.4990234375,-1264.8050537109375,16400.0,1.0354166030883791,0.5534439086914062,0.2076941877603531,16400.0,1002.7000122070312,16400.0,-1.4801055192947388,-1.840200424194336,-7.460906982421875,16400.0,1.1509027481079102,-7.595348358154298,6.095613479614258,16400.0,-0.3292027413845062,-9.435548782348633,-1.3652935028076172
220,16000.0,201.2949981689453,675.2940063476562,-1262.7669677734375,16000.0,0.007635815534740685,0.08796459436416626,-0.5638286471366882,16000.0,1002.6900024414064,16000.0,-2.9966182708740234,-1.2584695816040041,-3.570800304412842,16000.0,2.8170530796051025,-8.9767427444458,2.766348600387573,16000.0,-0.17956513166427612,-10.235212326049805,-0.8044517636299133
221,16100.0,200.53399658203125,674.9710083007812,-1261.529052734375,16100.0,0.1991420686244965,0.2984076738357544,-0.1621847152709961,16100.0,1002.6900024414064,16100.0,-2.289245367050171,-0.9013729095458984,-3.959438562393189,16100.0,2.803998708724976,-8.799932479858398,3.2968432903289795,16100.0,0.5147533416748047,-9.701305389404297,-0.6625953316688538
222,16200.0,200.98699951171875,676.4829711914062,-1261.529052734375,16200.0,0.1991420686244965,0.2984076738357544,-0.1621847152709961,16200.0,1002.6900024414064,16200.0,-1.22471284866333,-0.4223909378051758,-3.6202139854431152,16200.0,1.9657182693481443,-8.100368499755861,5.166269779205322,16200.0,0.7410054206848145,-8.522759437561035,1.5460557937622068
223,16300.0,201.49200439453125,682.5070190429688,-1261.529052734375,16300.0,1.0354166030883791,0.5534439086914062,0.2076941877603531,16300.0,1002.72998046875,16300.0,-1.22471284866333,-0.4223909378051758,-3.6202139854431152,16300.0,1.9657182693481443,-8.100368499755861,5.166269779205322,16300.0,0.7410054206848145,-8.522759437561035,1.5460557937622068
224,16400.0,206.11399841308602,682.4990234375,-1264.8050537109375,16400.0,1.0354166030883791,0.5534439086914062,0.2076941877603531,16400.0,1002.7000122070312,16400.0,-1.4801055192947388,-1.840200424194336,-7.460906982421875,16400.0,1.1509027481079102,-7.595348358154298,6.095613479614258,16400.0,-0.3292027413845062,-9.435548782348633,-1.3652935028076172
225,16500.0,211.5319976806641,679.031005859375,-1271.4849853515625,16500.0,0.7171558141708374,-0.4114177525043488,0.799011766910553,16500.0,1002.7000122070312,16500.0,-1.4801055192947388,-1.840200424194336,-7.460906982421875,16500.0,1.1509027481079102,-7.595348358154298,6.095613479614258,16500.0,-0.3292027413845062,-9.435548782348633,-1.3652935028076172
226,16600.0,215.65499877929688,676.5640258789062,-1278.1309814453125,16600.0,0.7171558141708374,-0.4114177525043488,0.799011766910553,16600.0,1002.6699829101564,16600.0,1.9618229866027832,-0.17601394653320312,-5.495604515075684,16600.0,0.88847416639328,-7.534512519836426,6.213865280151367,16600.0,2.850297212600708,-7.710526466369629,0.7182605266571045
227,16700.0,218.47300720214844,674.43798828125,-1285.1629638671875,16700.0,0.12980885803699493,-0.5925393104553223,0.6178901791572571,16700.0,1002.6699829101564,16700.0,1.9618229866027832,-0.17601394653320312,-5.495604515075684,16700.0,0.88847416639328,-7.534512519836426,6.213865280151367,16700.0,2.850297212600708,-7.710526466369629,0.7182605266571045
228,16800.0,219.0169982910156,672.8909912109375,-1290.5999755859375,16800.0,-0.5598580241203308,-2.028683423995972,0.057115901261568076,16800.0,1002.6799926757812,16800.0,-2.611557483673096,-1.7479963302612305,-1.0851168632507324,16800.0,2.718099355697632,-8.09696102142334,4.8188743591308585,16800.0,0.10654197633266448,-9.84495735168457,3.733757495880127
229,16900.0,218.0540008544922,671.9030151367188,-1294.9930419921875,16900.0,-0.5598580241203308,-2.028683423995972,0.057115901261568076,16900.0,1002.6799926757812,16900.0,-2.611557483673096,-1.7479963302612305,-1.0851168632507324,16900.0,2.718099355697632,-8.09696102142334,4.8188743591308585,16900.0,0.10654197633266448,-9.84495735168457,3.733757495880127
230,16500.0,211.5319976806641,679.031005859375,-1271.4849853515625,16500.0,0.7171558141708374,-0.4114177525043488,0.799011766910553,16500.0,1002.7000122070312,16500.0,-1.4801055192947388,-1.840200424194336,-7.460906982421875,16500.0,1.1509027481079102,-7.595348358154298,6.095613479614258,16500.0,-0.3292027413845062,-9.435548782348633,-1.3652935028076172
231,16600.0,215.65499877929688,676.5640258789062,-1278.1309814453125,16600.0,0.7171558141708374,-0.4114177525043488,0.799011766910553,16600.0,1002.6699829101564,16600.0,1.9618229866027832,-0.17601394653320312,-5.495604515075684,16600.0,0.88847416639328,-7.534512519836426,6.213865280151367,16600.0,2.850297212600708,-7.710526466369629,0.7182605266571045
232,16700.0,218.47300720214844,674.43798828125,-1285.1629638671875,16700.0,0.12980885803699493,-0.5925393104553223,0.6178901791572571,16700.0,1002.6699829101564,16700.0,1.9618229866027832,-0.17601394653320312,-5.495604515075684,16700.0,0.88847416639328,-7.534512519836426,6.213865280151367,16700.0,2.850297212600708,-7.710526466369629,0.7182605266571045
233,16800.0,219.0169982910156,672.8909912109375,-1290.5999755859375,16800.0,-0.5598580241203308,-2.028683423995972,0.057115901261568076,16800.0,1002.6799926757812,16800.0,-2.611557483673096,-1.7479963302612305,-1.0851168632507324,16800.0,2.718099355697632,-8.09696102142334,4.8188743591308585,16800.0,0.10654197633266448,-9.84495735168457,3.733757495880127
234,16900.0,218.0540008544922,671.9030151367188,-1294.9930419921875,16900.0,-0.5598580241203308,-2.028683423995972,0.057115901261568076,16900.0,1002.6799926757812,16900.0,-2.611557483673096,-1.7479963302612305,-1.0851168632507324,16900.0,2.718099355697632,-8.09696102142334,4.8188743591308585,16900.0,0.10654197633266448,-9.84495735168457,3.733757495880127
235,17000.0,218.0540008544922,672.8359985351562,-1297.491943359375,17000.0,0.056505035609006875,-1.4676038026809692,-0.6447682380676271,17000.0,1002.6699829101564,17000.0,0.7920861244201659,-11.97928237915039,-7.8820648193359375,17000.0,4.724154472351074,-7.627434253692628,3.9591655731201167,17000.0,5.51624059677124,-19.60671615600586,-3.9228994846344
236,17100.0,215.5970001220703,671.7949829101562,-1301.300048828125,17100.0,0.056505035609006875,-1.4676038026809692,-0.6447682380676271,17100.0,1002.6699829101564,17100.0,-0.09250569343566896,-0.4249258041381836,-1.351895093917847,17100.0,0.9364618062973022,-9.76060676574707,0.15479426085948944,17100.0,0.8439561128616333,-10.185532569885254,-1.1971008777618408
237,17200.0,213.7350006103516,671.4119873046875,-1307.5400390625,17200.0,-0.2293798923492432,-0.16554448008537292,-0.2403754740953445,17200.0,1002.6799926757812,17200.0,-0.09250569343566896,-0.4249258041381836,-1.351895093917847,17200.0,0.9364618062973022,-9.76060676574707,0.15479426085948944,17200.0,0.8439561128616333,-10.185532569885254,-1.1971008777618408
238,17300.0,212.0540008544922,670.7260131835938,-1311.7760009765625,17300.0,-0.2293798923492432,-0.16554448008537292,-0.2403754740953445,17300.0,1002.6599731445312,17300.0,3.0598125457763667,1.054607391357422,2.7538247108459486,17300.0,-0.29510802030563354,-9.55402374267578,-2.1917858123779297,17300.0,2.764704465866089,-8.499416351318361,0.5620388388633728
239,17400.0,210.8350067138672,670.4219970703125,-1312.1519775390625,17400.0,-1.5375478267669678,-2.9443705081939697,0.33567044138908386,17400.0,1002.6599731445312,17400.0,3.0598125457763667,1.054607391357422,2.7538247108459486,17400.0,-0.29510802030563354,-9.55402374267578,-2.1917858123779297,17400.0,2.764704465866089,-8.499416351318361,0.5620388388633728
240,17000.0,218.0540008544922,672.8359985351562,-1297.491943359375,17000.0,0.056505035609006875,-1.4676038026809692,-0.6447682380676271,17000.0,1002.6699829101564,17000.0,0.7920861244201659,-11.97928237915039,-7.8820648193359375,17000.0,4.724154472351074,-7.627434253692628,3.9591655731201167,17000.0,5.51624059677124,-19.60671615600586,-3.9228994846344
241,17100.0,215.5970001220703,671.7949829101562,-1301.300048828125,17100.0,0.056505035609006875,-1.4676038026809692,-0.6447682380676271,17100.0,1002.6699829101564,17100.0,-0.09250569343566896,-0.4249258041381836,-1.351895093917847,17100.0,0.9364618062973022,-9.76060676574707,0.15479426085948944,17100.0,0.8439561128616333,-10.185532569885254,-1.1971008777618408
242,17200.0,213.7350006103516,671.4119873046875,-1307.5400390625,17200.0,-0.2293798923492432,-0.16554448008537292,-0.2403754740953445,17200.0,1002.6799926757812,17200.0,-0.09250569343566896,-0.4249258041381836,-1.351895093917847,17200.0,0.9364618062973022,-9.76060676574707,0.15479426085948944,17200.0,0.8439561128616333,-10.185532569885254,-1.1971008777618408
243,17300.0,212.0540008544922,670.7260131835938,-1311.7760009765625,17300.0,-0.2293798923492432,-0.16554448008537292,-0.2403754740953445,17300.0,1002.6599731445312,17300.0,3.0598125457763667,1.054607391357422,2.7538247108459486,17300.0,-0.29510802030563354,-9.55402374267578,-2.1917858123779297,17300.0,2.764704465866089,-8.499416351318361,0.5620388388633728
244,17400.0,210.8350067138672,670.4219970703125,-1312.1519775390625,17400.0,-1.5375478267669678,-2.9443705081939697,0.33567044138908386,17400.0,1002.6599731445312,17400.0,3.0598125457763667,1.054607391357422,2.7538247108459486,17400.0,-0.29510802030563354,-9.55402374267578,-2.1917858123779297,17400.0,2.764704465866089,-8.499416351318361,0.5620388388633728
245,17500.0,209.5850067138672,670.4219970703125,-1311.511962890625,17500.0,-1.5375478267669678,-2.9443705081939697,0.33567044138908386,17500.0,1002.6599731445312,17500.0,1.4599971771240234,0.08999061584472656,0.266624391078949,17500.0,0.9904682040214542,-9.723061561584473,-0.8071154356002808,17500.0,2.450465440750122,-9.633070945739746,-0.5404910445213318
246,17600.0,209.2570037841797,670.7670288085938,-1310.43701171875,17600.0,-0.607810914516449,-1.2901474237442017,-0.0907134860754013,17600.0,1002.6599731445312,17600.0,1.4599971771240234,0.08999061584472656,0.266624391078949,17600.0,0.9904682040214542,-9.723061561584473,-0.8071154356002808,17600.0,2.450465440750122,-9.633070945739746,-0.5404910445213318
247,17700.0,208.49899291992188,671.781005859375,-1308.3599853515625,17700.0,0.3381139039993286,-0.4297437071800232,-0.40378192067146296,17700.0,1002.719970703125,17700.0,-2.5464441776275635,-1.3814306259155271,-2.291354417800904,17700.0,1.4109940528869631,-9.67080307006836,0.8093436360359192,17700.0,-1.1354501247406006,-11.052233695983887,-1.4820108413696291
248,17800.0,204.33799743652344,672.10498046875,-1308.85302734375,17800.0,0.3381139039993286,-0.4297437071800232,-0.40378192067146296,17800.0,1002.719970703125,17800.0,1.0614314079284668,0.6391029357910156,-4.908352851867676,17800.0,1.4109940528869631,-9.67080307006836,0.8093436360359192,17800.0,1.734000563621521,-8.51677417755127,-1.4604630470275881
249,17900.0,199.7570037841797,672.447998046875,-1308.5439453125,17900.0,1.9428569078445441,0.02443460933864117,0.05283984541893005,17900.0,1002.719970703125,17900.0,1.0614314079284668,0.6391029357910156,-4.908352851867676,17900.0,0.6725690960884094,-9.155877113342283,3.447889566421509,17900.0,1.734000563621521,-8.51677417755127,-1.4604630470275881
250,17500.0,209.5850067138672,670.4219970703125,-1311.511962890625,17500.0,-1.5375478267669678,-2.9443705081939697,0.33567044138908386,17500.0,1002.6599731445312,17500.0,1.4599971771240234,0.08999061584472656,0.266624391078949,17500.0,0.9904682040214542,-9.723061561584473,-0.8071154356002808,17500.0,2.450465440750122,-9.633070945739746,-0.5404910445213318
251,17600.0,209.2570037841797,670.7670288085938,-1310.43701171875,17600.0,-0.607810914516449,-1.2901474237442017,-0.0907134860754013,17600.0,1002.6599731445312,17600.0,1.4599971771240234,0.08999061584472656,0.266624391078949,17600.0,0.9904682040214542,-9.723061561584473,-0.8071154356002808,17600.0,2.450465440750122,-9.633070945739746,-0.5404910445213318
252,17700.0,208.49899291992188,671.781005859375,-1308.3599853515625,17700.0,0.3381139039993286,-0.4297437071800232,-0.40378192067146296,17700.0,1002.719970703125,17700.0,-2.5464441776275635,-1.3814306259155271,-2.291354417800904,17700.0,1.4109940528869631,-9.67080307006836,0.8093436360359192,17700.0,-1.1354501247406006,-11.052233695983887,-1.4820108413696291
253,17800.0,204.33799743652344,672.10498046875,-1308.85302734375,17800.0,0.3381139039993286,-0.4297437071800232,-0.40378192067146296,17800.0,1002.719970703125,17800.0,1.0614314079284668,0.6391029357910156,-4.908352851867676,17800.0,1.4109940528869631,-9.67080307006836,0.8093436360359192,17800.0,1.734000563621521,-8.51677417755127,-1.4604630470275881
254,17900.0,199.7570037841797,672.447998046875,-1308.5439453125,17900.0,1.9428569078445441,0.02443460933864117,0.05283984541893005,17900.0,1002.719970703125,17900.0,1.0614314079284668,0.6391029357910156,-4.908352851867676,17900.0,0.6725690960884094,-9.155877113342283,3.447889566421509,17900.0,1.734000563621521,-8.51677417755127,-1.4604630470275881
255,18000.0,195.5500030517578,669.4970092773438,-1308.2130126953125,18000.0,1.9428569078445441,0.02443460933864117,0.05283984541893005,18000.0,1002.719970703125,18000.0,-3.8822407722473145,-3.0675830841064453,4.503459930419922,18000.0,0.0748615488409996,-9.512150764465332,2.3840596675872803,18000.0,-3.8073792457580566,-12.579733848571776,6.887519836425781
256,18100.0,190.9129943847656,666.801025390625,-1309.884033203125,18100.0,0.9254608750343324,-0.6301075220108032,0.2269364446401596,18100.0,1002.6300048828124,18100.0,-3.8822407722473145,-3.0675830841064453,4.503459930419922,18100.0,0.0748615488409996,-9.512150764465332,2.3840596675872803,18100.0,-3.8073792457580566,-12.579733848571776,6.887519836425781
257,18200.0,186.2209930419922,663.43798828125,-1311.0870361328125,18200.0,0.9254608750343324,-0.6301075220108032,0.2269364446401596,18200.0,1002.6900024414064,18200.0,1.9142351150512693,-0.0983266830444336,-1.464571237564087,18200.0,-1.6969612836837769,-8.986472129821777,3.5403439998626722,18200.0,0.2172738015651703,-9.084798812866213,2.075772762298584
258,18300.0,181.81900024414062,661.4500122070312,-1310.5810546875,18300.0,1.281595230102539,-3.86891508102417,2.0815234184265137,18300.0,1002.6900024414064,18300.0,1.9142351150512693,-0.0983266830444336,-1.464571237564087,18300.0,-1.6969612836837769,-8.986472129821777,3.5403439998626722,18300.0,0.2172738015651703,-9.084798812866213,2.075772762298584
259,18400.0,178.4600067138672,661.4500122070312,-1311.0379638671875,18400.0,1.281595230102539,-3.86891508102417,2.0815234184265137,18400.0,1002.5599975585938,18400.0,0.3904768526554108,4.588425159454347,2.93531346321106,18400.0,-0.8531563282012941,-9.698848724365234,1.1725380420684814,18400.0,-0.4626794755458832,-5.110423564910889,4.107851505279541
260,18000.0,195.5500030517578,669.4970092773438,-1308.2130126953125,18000.0,1.9428569078445441,0.02443460933864117,0.05283984541893005,18000.0,1002.719970703125,18000.0,-3.8822407722473145,-3.0675830841064453,4.503459930419922,18000.0,0.0748615488409996,-9.512150764465332,2.3840596675872803,18000.0,-3.8073792457580566,-12.579733848571776,6.887519836425781
261,18100.0,190.9129943847656,666.801025390625,-1309.884033203125,18100.0,0.9254608750343324,-0.6301075220108032,0.2269364446401596,18100.0,1002.6300048828124,18100.0,-3.8822407722473145,-3.0675830841064453,4.503459930419922,18100.0,0.0748615488409996,-9.512150764465332,2.3840596675872803,18100.0,-3.8073792457580566,-12.579733848571776,6.887519836425781
262,18200.0,186.2209930419922,663.43798828125,-1311.0870361328125,18200.0,0.9254608750343324,-0.6301075220108032,0.2269364446401596,18200.0,1002.6900024414064,18200.0,1.9142351150512693,-0.0983266830444336,-1.464571237564087,18200.0,-1.6969612836837769,-8.986472129821777,3.5403439998626722,18200.0,0.2172738015651703,-9.084798812866213,2.075772762298584
263,18300.0,181.81900024414062,661.4500122070312,-1310.5810546875,18300.0,1.281595230102539,-3.86891508102417,2.0815234184265137,18300.0,1002.6900024414064,18300.0,1.9142351150512693,-0.0983266830444336,-1.464571237564087,18300.0,-1.6969612836837769,-8.986472129821777,3.5403439998626722,18300.0,0.2172738015651703,-9.084798812866213,2.075772762298584
264,18400.0,178.4600067138672,661.4500122070312,-1311.0379638671875,18400.0,1.281595230102539,-3.86891508102417,2.0815234184265137,18400.0,1002.5599975585938,18400.0,0.3904768526554108,4.588425159454347,2.93531346321106,18400.0,-0.8531563282012941,-9.698848724365234,1.1725380420684814,18400.0,-0.4626794755458832,-5.110423564910889,4.107851505279541
265,18500.0,175.34300231933594,662.8629760742188,-1311.0379638671875,18500.0,-0.08888089656829834,-0.7360926270484924,0.7049384713172913,18500.0,1002.5599975585938,18500.0,0.3904768526554108,4.588425159454347,2.93531346321106,18500.0,-0.8531563282012941,-9.698848724365234,1.1725380420684814,18500.0,-0.4626794755458832,-5.110423564910889,4.107851505279541
266,18600.0,172.74000549316406,665.864013671875,-1311.375,18600.0,-0.08888089656829834,-0.7360926270484924,0.7049384713172913,18600.0,1002.6799926757812,18600.0,-0.6263431310653687,-0.2639780044555664,4.855011463165283,18600.0,-1.5841037034988403,-9.67555046081543,-0.21145722270011905,18600.0,-2.210446834564209,-9.939528465270996,4.643554210662842
267,18700.0,172.8459930419922,670.5029907226562,-1312.031005859375,18700.0,-0.9019425511360168,-0.6023131608963013,0.3790418803691864,18700.0,1002.6799926757812,18700.0,-0.6263431310653687,-0.2639780044555664,4.855011463165283,18700.0,-1.5841037034988403,-9.67555046081543,-0.21145722270011905,18700.0,-2.210446834564209,-9.939528465270996,4.643554210662842
268,18800.0,172.54400634765625,672.4409790039062,-1312.907958984375,18800.0,-1.0613783597946167,-0.24007004499435425,-0.4923573732376098,18800.0,1002.6900024414064,18800.0,1.5471489429473877,1.4763565063476565,3.3211920261383057,18800.0,-0.8809623122215271,-9.57474422454834,-1.9283652305603027,18800.0,0.6661866307258606,-8.098387718200684,1.392826795578003
269,18900.0,172.1230010986328,673.718994140625,-1313.8070068359375,18900.0,-1.0613783597946167,-0.24007004499435425,-0.4923573732376098,18900.0,1002.6900024414064,18900.0,-1.6146785020828247,-0.5361385345458984,2.8277165889739986,18900.0,0.20389512181282046,-9.44648551940918,-2.625406503677368,18900.0,-1.4107834100723269,-9.982624053955078,0.20231004059314728
270,18500.0,175.34300231933594,662.8629760742188,-1311.0379638671875,18500.0,-0.08888089656829834,-0.7360926270484924,0.7049384713172913,18500.0,1002.5599975585938,18500.0,0.3904768526554108,4.588425159454347,2.93531346321106,18500.0,-0.8531563282012941,-9.698848724365234,1.1725380420684814,18500.0,-0.4626794755458832,-5.110423564910889,4.107851505279541
271,18600.0,172.74000549316406,665.864013671875,-1311.375,18600.0,-0.08888089656829834,-0.7360926270484924,0.7049384713172913,18600.0,1002.6799926757812,18600.0,-0.6263431310653687,-0.2639780044555664,4.855011463165283,18600.0,-1.5841037034988403,-9.67555046081543,-0.21145722270011905,18600.0,-2.210446834564209,-9.939528465270996,4.643554210662842
272,18700.0,172.8459930419922,670.5029907226562,-1312.031005859375,18700.0,-0.9019425511360168,-0.6023131608963013,0.3790418803691864,18700.0,1002.6799926757812,18700.0,-0.6263431310653687,-0.2639780044555664,4.855011463165283,18700.0,-1.5841037034988403,-9.67555046081543,-0.21145722270011905,18700.0,-2.210446834564209,-9.939528465270996,4.643554210662842
273,18800.0,172.54400634765625,672.4409790039062,-1312.907958984375,18800.0,-1.0613783597946167,-0.24007004499435425,-0.4923573732376098,18800.0,1002.6900024414064,18800.0,1.5471489429473877,1.4763565063476565,3.3211920261383057,18800.0,-0.8809623122215271,-9.57474422454834,-1.9283652305603027,18800.0,0.6661866307258606,-8.098387718200684,1.392826795578003
274,18900.0,172.1230010986328,673.718994140625,-1313.8070068359375,18900.0,-1.0613783597946167,-0.24007004499435425,-0.4923573732376098,18900.0,1002.6900024414064,18900.0,-1.6146785020828247,-0.5361385345458984,2.8277165889739986,18900.0,0.20389512181282046,-9.44648551940918,-2.625406503677368,18900.0,-1.4107834100723269,-9.982624053955078,0.20231004059314728
275,19000.0,171.44700622558594,674.6790161132812,-1314.550048828125,19000.0,-0.4480696618556976,-0.02932153269648552,-0.7061602473258972,19000.0,1002.760009765625,19000.0,-1.6146785020828247,-0.5361385345458984,2.8277165889739986,19000.0,0.20389512181282046,-9.44648551940918,-2.625406503677368,19000.0,-1.4107834100723269,-9.982624053955078,0.20231004059314728
276,19100.0,169.13099670410156,676.083984375,-1314.550048828125,19100.0,-0.4480696618556976,-0.02932153269648552,-0.7061602473258972,19100.0,1002.719970703125,19100.0,1.0163824558258057,-0.2536725997924805,3.7551095485687256,19100.0,-0.23766832053661344,-9.222578048706056,-3.325350284576416,19100.0,0.7787141203880309,-9.476250648498537,0.4297592043876648
277,19200.0,168.14100646972656,677.989013671875,-1314.550048828125,19200.0,-0.4575380682945252,-0.5723807215690613,0.01771509274840355,19200.0,1002.719970703125,19200.0,1.0163824558258057,-0.2536725997924805,3.7551095485687256,19200.0,-0.23766832053661344,-9.222578048706056,-3.325350284576416,19200.0,0.7787141203880309,-9.476250648498537,0.4297592043876648
278,19300.0,168.14100646972656,679.2340087890625,-1313.758056640625,19300.0,-0.4575380682945252,-0.5723807215690613,0.01771509274840355,19300.0,1002.6900024414064,19300.0,1.1114578247070312,-0.05945014953613281,3.103762149810791,19300.0,-0.6906768679618835,-9.131291389465332,-3.5089807510375977,19300.0,0.4207809567451477,-9.190741539001463,-0.405218631029129
279,19400.0,167.7740020751953,679.843017578125,-1313.114013671875,19400.0,-0.21044307947158813,-1.1594222784042358,-0.21930062770843506,19400.0,1002.6900024414064,19400.0,1.1114578247070312,-0.05945014953613281,3.103762149810791,19400.0,-0.6906768679618835,-9.131291389465332,-3.5089807510375977,19400.0,0.4207809567451477,-9.190741539001463,-0.405218631029129
280,19000.0,171.44700622558594,674.6790161132812,-1314.550048828125,19000.0,-0.4480696618556976,-0.02932153269648552,-0.7061602473258972,19000.0,1002.760009765625,19000.0,-1.6146785020828247,-0.5361385345458984,2.8277165889739986,19000.0,0.20389512181282046,-9.44648551940918,-2.625406503677368,19000.0,-1.4107834100723269,-9.982624053955078,0.20231004059314728
281,19100.0,169.13099670410156,676.083984375,-1314.550048828125,19100.0,-0.4480696618556976,-0.02932153269648552,-0.7061602473258972,19100.0,1002.719970703125,19100.0,1.0163824558258057,-0.2536725997924805,3.7551095485687256,19100.0,-0.23766832053661344,-9.222578048706056,-3.325350284576416,19100.0,0.7787141203880309,-9.476250648498537,0.4297592043876648
282,19200.0,168.14100646972656,677.989013671875,-1314.550048828125,19200.0,-0.4575380682945252,-0.5723807215690613,0.01771509274840355,19200.0,1002.719970703125,19200.0,1.0163824558258057,-0.2536725997924805,3.7551095485687256,19200.0,-0.23766832053661344,-9.222578048706056,-3.325350284576416,19200.0,0.7787141203880309,-9.476250648498537,0.4297592043876648
283,19300.0,168.14100646972656,679.2340087890625,-1313.758056640625,19300.0,-0.4575380682945252,-0.5723807215690613,0.01771509274840355,19300.0,1002.6900024414064,19300.0,1.1114578247070312,-0.05945014953613281,3.103762149810791,19300.0,-0.6906768679618835,-9.131291389465332,-3.5089807510375977,19300.0,0.4207809567451477,-9.190741539001463,-0.405218631029129
284,19400.0,167.7740020751953,679.843017578125,-1313.114013671875,19400.0,-0.21044307947158813,-1.1594222784042358,-0.21930062770843506,19400.0,1002.6900024414064,19400.0,1.1114578247070312,-0.05945014953613281,3.103762149810791,19400.0,-0.6906768679618835,-9.131291389465332,-3.5089807510375977,19400.0,0.4207809567451477,-9.190741539001463,-0.405218631029129
285,19500.0,167.7740020751953,680.1580200195312,-1313.114013671875,19500.0,-0.21044307947158813,-1.1594222784042358,-0.21930062770843506,19500.0,1002.5900268554688,19500.0,2.0491738319396973,-3.432456970214844,0.4135890007019043,19500.0,-0.16792993247509005,-9.246038436889648,-3.2638862133026123,19500.0,1.8812439441680908,-12.678495407104492,-2.850297212600708
286,19600.0,168.18600463867188,680.5540161132812,-1313.114013671875,19600.0,0.11820242553949355,0.23487769067287445,-0.28008171916008,19600.0,1002.5900268554688,19600.0,2.0491738319396973,-3.432456970214844,0.4135890007019043,19600.0,-0.16792993247509005,-9.246038436889648,-3.2638862133026123,19600.0,1.8812439441680908,-12.678495407104492,-2.850297212600708
287,19700.0,168.5279998779297,678.2880249023438,-1313.844970703125,19700.0,0.9963212013244628,1.3698652982711792,-0.12308934330940248,19700.0,1002.719970703125,19700.0,1.358245849609375,-0.6761989593505859,4.810291290283203,19700.0,0.5367646813392639,-9.68470859527588,-1.4452409744262695,19700.0,1.8950105905532844,-10.360907554626463,3.3650505542755127
288,19800.0,170.63099670410156,675.3090209960938,-1316.43798828125,19800.0,0.9963212013244628,1.3698652982711792,-0.12308934330940248,19800.0,1002.719970703125,19800.0,-1.3082952499389648,0.14596843719482422,2.51343846321106,19800.0,-0.2551185190677643,-9.787418365478516,0.5583224296569824,19800.0,-1.5634137392044067,-9.641449928283693,3.071760892868042
289,19900.0,171.1020050048828,670.155029296875,-1318.0550537109375,19900.0,1.1151344776153564,-0.7247915863990784,0.3530801236629486,19900.0,1002.6199951171876,19900.0,-1.3082952499389648,0.14596843719482422,2.51343846321106,19900.0,-0.2551185190677643,-9.787418365478516,0.5583224296569824,19900.0,-1.5634137392044067,-9.641449928283693,3.071760892868042
290,19500.0,167.7740020751953,680.1580200195312,-1313.114013671875,19500.0,-0.21044307947158813,-1.1594222784042358,-0.21930062770843506,19500.0,1002.5900268554688,19500.0,2.0491738319396973,-3.432456970214844,0.4135890007019043,19500.0,-0.16792993247509005,-9.246038436889648,-3.2638862133026123,19500.0,1.8812439441680908,-12.678495407104492,-2.850297212600708
291,19600.0,168.18600463867188,680.5540161132812,-1313.114013671875,19600.0,0.11820242553949355,0.23487769067287445,-0.28008171916008,19600.0,1002.5900268554688,19600.0,2.0491738319396973,-3.432456970214844,0.4135890007019043,19600.0,-0.16792993247509005,-9.246038436889648,-3.2638862133026123,19600.0,1.8812439441680908,-12.678495407104492,-2.850297212600708
292,19700.0,168.5279998779297,678.2880249023438,-1313.844970703125,19700.0,0.9963212013244628,1.3698652982711792,-0.12308934330940248,19700.0,1002.719970703125,19700.0,1.358245849609375,-0.6761989593505859,4.810291290283203,19700.0,0.5367646813392639,-9.68470859527588,-1.4452409744262695,19700.0,1.8950105905532844,-10.360907554626463,3.3650505542755127
293,19800.0,170.63099670410156,675.3090209960938,-1316.43798828125,19800.0,0.9963212013244628,1.3698652982711792,-0.12308934330940248,19800.0,1002.719970703125,19800.0,-1.3082952499389648,0.14596843719482422,2.51343846321106,19800.0,-0.2551185190677643,-9.787418365478516,0.5583224296569824,19800.0,-1.5634137392044067,-9.641449928283693,3.071760892868042
294,19900.0,171.1020050048828,670.155029296875,-1318.0550537109375,19900.0,1.1151344776153564,-0.7247915863990784,0.3530801236629486,19900.0,1002.6199951171876,19900.0,-1.3082952499389648,0.14596843719482422,2.51343846321106,19900.0,-0.2551185190677643,-9.787418365478516,0.5583224296569824,19900.0,-1.5634137392044067,-9.641449928283693,3.071760892868042
295,20000.0,170.29400634765625,667.416015625,-1317.800048828125,20000.0,1.1151344776153564,-0.7247915863990784,0.3530801236629486,20000.0,1002.5900268554688,20000.0,2.025943756103516,2.905839443206787,-0.06459188461303711,20000.0,-2.878878116607666,-8.96735954284668,2.7329297065734863,20000.0,-0.8529343605041504,-6.061520099639893,2.668337821960449
296,20100.0,167.88600158691406,666.6680297851562,-1318.1610107421875,20100.0,1.151481032371521,-0.5510004758834839,1.585806131362915,20100.0,1002.5900268554688,20100.0,2.025943756103516,2.905839443206787,-0.06459188461303711,20100.0,-2.878878116607666,-8.96735954284668,2.7329297065734863,20100.0,-0.8529343605041504,-6.061520099639893,2.668337821960449
297,20200.0,165.177001953125,667.1179809570312,-1317.8489990234375,20200.0,1.151481032371521,-0.5510004758834839,1.585806131362915,20200.0,1002.6400146484376,20200.0,2.107302188873291,2.9811506271362305,1.801798105239868,20200.0,-2.932104587554932,-8.87088680267334,2.9800212383270264,20200.0,-0.8248024582862854,-5.8897361755371085,4.781819343566895
298,20300.0,161.48800659179688,667.0419921875,-1317.8489990234375,20300.0,-0.03940080851316452,-0.4544837474822998,0.12339477986097334,20300.0,1002.6400146484376,20300.0,2.107302188873291,2.9811506271362305,1.801798105239868,20300.0,-2.932104587554932,-8.87088680267334,2.9800212383270264,20300.0,-0.8248024582862854,-5.8897361755371085,4.781819343566895
299,20400.0,159.68299865722656,670.8900146484375,-1318.39501953125,20400.0,-1.3652838468551636,-0.4670064747333527,0.0507018156349659,20400.0,1002.5900268554688,20400.0,2.299025774002075,-6.218864440917969,2.597155809402466,20400.0,-2.8712399005889893,-9.315913200378418,1.0677683353424072,20400.0,-0.5722141861915588,-15.534777641296387,3.664924144744873
300,20000.0,170.29400634765625,667.416015625,-1317.800048828125,20000.0,1.1151344776153564,-0.7247915863990784,0.3530801236629486,20000.0,1002.5900268554688,20000.0,2.025943756103516,2.905839443206787,-0.06459188461303711,20000.0,-2.878878116607666,-8.96735954284668,2.7329297065734863,20000.0,-0.8529343605041504,-6.061520099639893,2.668337821960449
301,20100.0,167.88600158691406,666.6680297851562,-1318.1610107421875,20100.0,1.151481032371521,-0.5510004758834839,1.585806131362915,20100.0,1002.5900268554688,20100.0,2.025943756103516,2.905839443206787,-0.06459188461303711,20100.0,-2.878878116607666,-8.96735954284668,2.7329297065734863,20100.0,-0.8529343605041504,-6.061520099639893,2.668337821960449
302,20200.0,165.177001953125,667.1179809570312,-1317.8489990234375,20200.0,1.151481032371521,-0.5510004758834839,1.585806131362915,20200.0,1002.6400146484376,20200.0,2.107302188873291,2.9811506271362305,1.801798105239868,20200.0,-2.932104587554932,-8.87088680267334,2.9800212383270264,20200.0,-0.8248024582862854,-5.8897361755371085,4.781819343566895
303,20300.0,161.48800659179688,667.0419921875,-1317.8489990234375,20300.0,-0.03940080851316452,-0.4544837474822998,0.12339477986097334,20300.0,1002.6400146484376,20300.0,2.107302188873291,2.9811506271362305,1.801798105239868,20300.0,-2.932104587554932,-8.87088680267334,2.9800212383270264,20300.0,-0.8248024582862854,-5.8897361755371085,4.781819343566895
304,20400.0,159.68299865722656,670.8900146484375,-1318.39501953125,20400.0,-1.3652838468551636,-0.4670064747333527,0.0507018156349659,20400.0,1002.5900268554688,20400.0,2.299025774002075,-6.218864440917969,2.597155809402466,20400.0,-2.8712399005889893,-9.315913200378418,1.0677683353424072,20400.0,-0.5722141861915588,-15.534777641296387,3.664924144744873
305,20500.0,160.51400756835938,675.5700073242188,-1320.68603515625,20500.0,-1.3652838468551636,-0.4670064747333527,0.0507018156349659,20500.0,1002.5900268554688,20500.0,2.299025774002075,-6.218864440917969,2.597155809402466,20500.0,-2.8712399005889893,-9.315913200378418,1.0677683353424072,20500.0,-0.5722141861915588,-15.534777641296387,3.664924144744873
306,20600.0,160.1649932861328,676.530029296875,-1321.39404296875,20600.0,-0.8698720932006836,0.5870414972305298,-0.6646214127540588,20600.0,1002.5800170898438,20600.0,2.4401450157165527,2.1304192543029785,1.4697352647781372,20600.0,-1.8439886569976809,-9.613496780395508,-0.5922603607177734,20600.0,0.5961562395095825,-7.483077526092527,0.8774749040603638
307,20700.0,159.33299255371094,676.9910278320312,-1321.39404296875,20700.0,-0.8698720932006836,0.5870414972305298,-0.6646214127540588,20700.0,1002.5800170898438,20700.0,2.5437088012695317,0.9466381072998048,2.037566900253296,20700.0,-1.7045409679412842,-9.574742317199707,-1.2606483697891235,20700.0,0.8391677141189575,-8.628104209899902,0.7769184708595276
308,20800.0,157.7689971923828,677.9630126953125,-1321.39404296875,20800.0,-0.4300491213798523,-0.002443460980430245,-0.1264491081237793,20800.0,1002.6799926757812,20800.0,2.5437088012695317,0.9466381072998048,2.037566900253296,20800.0,-1.7045409679412842,-9.574742317199707,-1.2606483697891235,20800.0,0.8391677141189575,-8.628104209899902,0.7769184708595276
309,20900.0,156.3699951171875,679.6489868164062,-1319.4010009765625,20900.0,-0.4300491213798523,-0.002443460980430245,-0.1264491081237793,20900.0,1002.6799926757812,20900.0,2.819631338119507,0.08416461944580078,4.1283960342407235,20900.0,-2.527538776397705,-9.163576126098633,-2.4105565547943115,20900.0,0.2920926213264465,-9.079411506652832,1.7178397178649902
310,20500.0,160.51400756835938,675.5700073242188,-1320.68603515625,20500.0,-1.3652838468551636,-0.4670064747333527,0.0507018156349659,20500.0,1002.5900268554688,20500.0,2.299025774002075,-6.218864440917969,2.597155809402466,20500.0,-2.8712399005889893,-9.315913200378418,1.0677683353424072,20500.0,-0.5722141861915588,-15.534777641296387,3.664924144744873
311,20600.0,160.1649932861328,676.530029296875,-1321.39404296875,20600.0,-0.8698720932006836,0.5870414972305298,-0.6646214127540588,20600.0,1002.5800170898438,20600.0,2.4401450157165527,2.1304192543029785,1.4697352647781372,20600.0,-1.8439886569976809,-9.613496780395508,-0.5922603607177734,20600.0,0.5961562395095825,-7.483077526092527,0.8774749040603638
312,20700.0,159.33299255371094,676.9910278320312,-1321.39404296875,20700.0,-0.8698720932006836,0.5870414972305298,-0.6646214127540588,20700.0,1002.5800170898438,20700.0,2.5437088012695317,0.9466381072998048,2.037566900253296,20700.0,-1.7045409679412842,-9.574742317199707,-1.2606483697891235,20700.0,0.8391677141189575,-8.628104209899902,0.7769184708595276
313,20800.0,157.7689971923828,677.9630126953125,-1321.39404296875,20800.0,-0.4300491213798523,-0.002443460980430245,-0.1264491081237793,20800.0,1002.6799926757812,20800.0,2.5437088012695317,0.9466381072998048,2.037566900253296,20800.0,-1.7045409679412842,-9.574742317199707,-1.2606483697891235,20800.0,0.8391677141189575,-8.628104209899902,0.7769184708595276
314,20900.0,156.3699951171875,679.6489868164062,-1319.4010009765625,20900.0,-0.4300491213798523,-0.002443460980430245,-0.1264491081237793,20900.0,1002.6799926757812,20900.0,2.819631338119507,0.08416461944580078,4.1283960342407235,20900.0,-2.527538776397705,-9.163576126098633,-2.4105565547943115,20900.0,0.2920926213264465,-9.079411506652832,1.7178397178649902
315,21000.0,156.69200134277344,682.9219970703125,-1318.594970703125,21000.0,-0.911410927772522,-0.8289441466331482,0.2788599729537964,21000.0,1002.5999755859376,21000.0,2.819631338119507,0.08416461944580078,4.1283960342407235,21000.0,-2.527538776397705,-9.163576126098633,-2.4105565547943115,21000.0,0.2920926213264465,-9.079411506652832,1.7178397178649902
316,21100.0,156.38699340820312,684.614013671875,-1318.489990234375,21100.0,-0.911410927772522,-0.8289441466331482,0.2788599729537964,21100.0,1002.6099853515624,21100.0,1.9361103773117063,-0.8342170715332031,1.2497212886810305,21100.0,-2.3000290393829346,-9.237590789794922,-2.3552439212799072,21100.0,-0.36391866207122797,-10.071807861328123,-1.105522632598877
317,21200.0,156.38699340820312,684.9500122070312,-1318.489990234375,21200.0,-0.1765400618314743,-0.6386595964431763,-0.3442225754261017,21200.0,1002.6099853515624,21200.0,1.9361103773117063,-0.8342170715332031,1.2497212886810305,21200.0,-2.3000290393829346,-9.237590789794922,-2.3552439212799072,21200.0,-0.36391866207122797,-10.071807861328123,-1.105522632598877
318,21300.0,157.91000366210938,684.9500122070312,-1319.0560302734375,21300.0,-0.1765400618314743,-0.6386595964431763,-0.3442225754261017,21300.0,1002.5800170898438,21300.0,3.9804763793945312,-3.7363014221191406,0.06255841255187987,21300.0,-1.670071721076965,-9.38512134552002,-2.3023340702056885,21300.0,2.3104045391082764,-13.12142276763916,-2.2397756576538086
319,21400.0,160.00900268554688,684.385009765625,-1321.0489501953125,21400.0,0.13561208546161652,0.6973026990890503,-0.21074850857257849,21400.0,1002.5800170898438,21400.0,3.9804763793945312,-3.7363014221191406,0.06255841255187987,21400.0,-1.670071721076965,-9.38512134552002,-2.3023340702056885,21400.0,2.3104045391082764,-13.12142276763916,-2.2397756576538086
320,21000.0,156.69200134277344,682.9219970703125,-1318.594970703125,21000.0,-0.911410927772522,-0.8289441466331482,0.2788599729537964,21000.0,1002.5999755859376,21000.0,2.819631338119507,0.08416461944580078,4.1283960342407235,21000.0,-2.527538776397705,-9.163576126098633,-2.4105565547943115,21000.0,0.2920926213264465,-9.079411506652832,1.7178397178649902
321,21100.0,156.38699340820312,684.614013671875,-1318.489990234375,21100.0,-0.911410927772522,-0.8289441466331482,0.2788599729537964,21100.0,1002.6099853515624,21100.0,1.9361103773117063,-0.8342170715332031,1.2497212886810305,21100.0,-2.3000290393829346,-9.237590789794922,-2.3552439212799072,21100.0,-0.36391866207122797,-10.071807861328123,-1.105522632598877
322,21200.0,156.38699340820312,684.9500122070312,-1318.489990234375,21200.0,-0.1765400618314743,-0.6386595964431763,-0.3442225754261017,21200.0,1002.6099853515624,21200.0,1.9361103773117063,-0.8342170715332031,1.2497212886810305,21200.0,-2.3000290393829346,-9.237590789794922,-2.3552439212799072,21200.0,-0.36391866207122797,-10.071807861328123,-1.105522632598877
323,21300.0,157.91000366210938,684.9500122070312,-1319.0560302734375,21300.0,-0.1765400618314743,-0.6386595964431763,-0.3442225754261017,21300.0,1002.5800170898438,21300.0,3.9804763793945312,-3.7363014221191406,0.06255841255187987,21300.0,-1.670071721076965,-9.38512134552002,-2.3023340702056885,21300.0,2.3104045391082764,-13.12142276763916,-2.2397756576538086
324,21400.0,160.00900268554688,684.385009765625,-1321.0489501953125,21400.0,0.13561208546161652,0.6973026990890503,-0.21074850857257849,21400.0,1002.5800170898438,21400.0,3.9804763793945312,-3.7363014221191406,0.06255841255187987,21400.0,-1.670071721076965,-9.38512134552002,-2.3023340702056885,21400.0,2.3104045391082764,-13.12142276763916,-2.2397756576538086
325,21500.0,162.7050018310547,678.72900390625,-1324.4940185546875,21500.0,0.4273002445697784,0.9502009153366088,-0.1270599663257599,21500.0,1002.6799926757812,21500.0,4.1218366622924805,-1.025782585144043,5.144498825073242,21500.0,-1.1326761245727541,-9.587713241577148,-1.7213889360427856,21500.0,2.9891607761383057,-10.613495826721193,3.423109769821167
326,21600.0,168.7239990234375,674.052001953125,-1326.9759521484375,21600.0,0.4273002445697784,0.9502009153366088,-0.1270599663257599,21600.0,1002.6799926757812,21600.0,0.2251518964767456,-0.2690925598144531,4.772289276123047,21600.0,-1.8657785654067995,-9.620756149291992,-0.360972672700882,21600.0,-1.6406266689300537,-9.889848709106444,4.411316394805908
327,21700.0,170.0749969482422,670.343017578125,-1327.3370361328125,21700.0,0.6524040699005127,-0.569631814956665,0.3097086846828461,21700.0,1002.5800170898438,21700.0,0.2251518964767456,-0.2690925598144531,4.772289276123047,21700.0,-1.8657785654067995,-9.620756149291992,-0.360972672700882,21700.0,-1.6406266689300537,-9.889848709106444,4.411316394805908
328,21800.0,168.5970001220703,666.3720092773438,-1326.866943359375,21800.0,0.6524040699005127,-0.569631814956665,0.3097086846828461,21800.0,1002.5800170898438,21800.0,3.471157550811768,0.444610595703125,1.7091939449310305,21800.0,-4.547351360321045,-8.641758918762207,0.9010843634605408,21800.0,-1.0761936902999878,-8.197148323059082,2.610278367996216
329,21900.0,166.30799865722656,663.9349975585938,-1327.2679443359375,21900.0,0.8677340745925903,0.4080579876899719,1.577254056930542,21900.0,1002.6400146484376,21900.0,3.471157550811768,0.444610595703125,1.7091939449310305,21900.0,-4.547351360321045,-8.641758918762207,0.9010843634605408,21900.0,-1.0761936902999878,-8.197148323059082,2.610278367996216
330,21500.0,162.7050018310547,678.72900390625,-1324.4940185546875,21500.0,0.4273002445697784,0.9502009153366088,-0.1270599663257599,21500.0,1002.6799926757812,21500.0,4.1218366622924805,-1.025782585144043,5.144498825073242,21500.0,-1.1326761245727541,-9.587713241577148,-1.7213889360427856,21500.0,2.9891607761383057,-10.613495826721193,3.423109769821167
331,21600.0,168.7239990234375,674.052001953125,-1326.9759521484375,21600.0,0.4273002445697784,0.9502009153366088,-0.1270599663257599,21600.0,1002.6799926757812,21600.0,0.2251518964767456,-0.2690925598144531,4.772289276123047,21600.0,-1.8657785654067995,-9.620756149291992,-0.360972672700882,21600.0,-1.6406266689300537,-9.889848709106444,4.411316394805908
332,21700.0,170.0749969482422,670.343017578125,-1327.3370361328125,21700.0,0.6524040699005127,-0.569631814956665,0.3097086846828461,21700.0,1002.5800170898438,21700.0,0.2251518964767456,-0.2690925598144531,4.772289276123047,21700.0,-1.8657785654067995,-9.620756149291992,-0.360972672700882,21700.0,-1.6406266689300537,-9.889848709106444,4.411316394805908
333,21800.0,168.5970001220703,666.3720092773438,-1326.866943359375,21800.0,0.6524040699005127,-0.569631814956665,0.3097086846828461,21800.0,1002.5800170898438,21800.0,3.471157550811768,0.444610595703125,1.7091939449310305,21800.0,-4.547351360321045,-8.641758918762207,0.9010843634605408,21800.0,-1.0761936902999878,-8.197148323059082,2.610278367996216
334,21900.0,166.30799865722656,663.9349975585938,-1327.2679443359375,21900.0,0.8677340745925903,0.4080579876899719,1.577254056930542,21900.0,1002.6400146484376,21900.0,3.471157550811768,0.444610595703125,1.7091939449310305,21900.0,-4.547351360321045,-8.641758918762207,0.9010843634605408,21900.0,-1.0761936902999878,-8.197148323059082,2.610278367996216
335,22000.0,162.23199462890625,662.9390258789062,-1326.9239501953125,22000.0,0.8677340745925903,0.4080579876899719,1.577254056930542,22000.0,1002.5999755859376,22000.0,3.974538564682007,1.98854398727417,2.6405820846557617,22000.0,-5.271597385406494,-8.122488975524902,1.551066279411316,22000.0,-1.2970588207244873,-6.133944988250732,4.191648483276366
336,22100.0,160.8679962158203,664.2249755859375,-1326.5059814453125,22100.0,0.3484986126422882,-0.05833763256669045,0.44287729263305664,22100.0,1002.5999755859376,22100.0,3.974538564682007,1.98854398727417,2.6405820846557617,22100.0,-5.271597385406494,-8.122488975524902,1.551066279411316,22100.0,-1.2970588207244873,-6.133944988250732,4.191648483276366
337,22200.0,158.69900512695312,664.2249755859375,-1326.1820068359375,22200.0,0.3484986126422882,-0.05833763256669045,0.44287729263305664,22200.0,1002.530029296875,22200.0,3.58152437210083,0.9863381385803224,4.932168006896973,22200.0,-5.0952582359313965,-8.298230171203612,1.161074995994568,22200.0,-1.513733983039856,-7.311892032623291,6.09324312210083
338,22300.0,158.33399963378906,668.3790283203125,-1325.8599853515625,22300.0,-0.6432411074638367,-0.5302310585975647,-0.07269296050071716,22300.0,1002.530029296875,22300.0,3.58152437210083,0.9863381385803224,4.932168006896973,22300.0,-5.0952582359313965,-8.298230171203612,1.161074995994568,22300.0,-1.513733983039856,-7.311892032623291,6.09324312210083
339,22400.0,158.33399963378906,671.1849975585938,-1325.8599853515625,22400.0,-0.9853256344795228,-0.3274237811565399,-0.4932736754417419,22400.0,1002.6099853515624,22400.0,4.412436485290527,-1.289703369140625,3.8626112937927246,22400.0,-4.350785732269287,-8.788688659667969,-0.00196107104420662,22400.0,0.061650693416595466,-10.078392028808594,3.8606503009796143
340,22000.0,162.23199462890625,662.9390258789062,-1326.9239501953125,22000.0,0.8677340745925903,0.4080579876899719,1.577254056930542,22000.0,1002.5999755859376,22000.0,3.974538564682007,1.98854398727417,2.6405820846557617,22000.0,-5.271597385406494,-8.122488975524902,1.551066279411316,22000.0,-1.2970588207244873,-6.133944988250732,4.191648483276366
341,22100.0,160.8679962158203,664.2249755859375,-1326.5059814453125,22100.0,0.3484986126422882,-0.05833763256669045,0.44287729263305664,22100.0,1002.5999755859376,22100.0,3.974538564682007,1.98854398727417,2.6405820846557617,22100.0,-5.271597385406494,-8.122488975524902,1.551066279411316,22100.0,-1.2970588207244873,-6.133944988250732,4.191648483276366
342,22200.0,158.69900512695312,664.2249755859375,-1326.1820068359375,22200.0,0.3484986126422882,-0.05833763256669045,0.44287729263305664,22200.0,1002.530029296875,22200.0,3.58152437210083,0.9863381385803224,4.932168006896973,22200.0,-5.0952582359313965,-8.298230171203612,1.161074995994568,22200.0,-1.513733983039856,-7.311892032623291,6.09324312210083
343,22300.0,158.33399963378906,668.3790283203125,-1325.8599853515625,22300.0,-0.6432411074638367,-0.5302310585975647,-0.07269296050071716,22300.0,1002.530029296875,22300.0,3.58152437210083,0.9863381385803224,4.932168006896973,22300.0,-5.0952582359313965,-8.298230171203612,1.161074995994568,22300.0,-1.513733983039856,-7.311892032623291,6.09324312210083
344,22400.0,158.33399963378906,671.1849975585938,-1325.8599853515625,22400.0,-0.9853256344795228,-0.3274237811565399,-0.4932736754417419,22400.0,1002.6099853515624,22400.0,4.412436485290527,-1.289703369140625,3.8626112937927246,22400.0,-4.350785732269287,-8.788688659667969,-0.00196107104420662,22400.0,0.061650693416595466,-10.078392028808594,3.8606503009796143
345,22500.0,158.33399963378906,673.68701171875,-1326.541015625,22500.0,-0.9853256344795228,-0.3274237811565399,-0.4932736754417419,22500.0,1002.6099853515624,22500.0,2.117439985275269,-0.8042192459106445,2.12002944946289,22500.0,-3.106245279312134,-9.142491340637207,-1.7136136293411257,22500.0,-0.9888052940368652,-9.946710586547852,0.406415730714798
346,22600.0,158.33399963378906,674.0399780273438,-1326.9820556640625,22600.0,-1.0082330703735352,0.1991420686244965,-0.7797694802284241,22600.0,1002.5999755859376,22600.0,2.117439985275269,-0.8042192459106445,2.12002944946289,22600.0,-3.106245279312134,-9.142491340637207,-1.7136136293411257,22600.0,-0.9888052940368652,-9.946710586547852,0.406415730714798
347,22700.0,157.86199951171875,674.010986328125,-1327.343017578125,22700.0,-1.0082330703735352,0.1991420686244965,-0.7797694802284241,22700.0,1002.5999755859376,22700.0,2.6498332023620605,-0.03517627716064453,3.0636446475982666,22700.0,-2.41819429397583,-9.146587371826172,-2.5812129974365234,22700.0,0.23163901269435885,-9.181763648986816,0.4824316501617432
348,22800.0,155.86199951171875,674.4719848632812,-1326.8349609375,22800.0,-0.4783074855804443,0.3097086846828461,-0.384845107793808,22800.0,1002.5599975585938,22800.0,2.6498332023620605,-0.03517627716064453,3.0636446475982666,22800.0,-2.41819429397583,-9.146587371826172,-2.5812129974365234,22800.0,0.23163901269435885,-9.181763648986816,0.4824316501617432
349,22900.0,154.8470001220703,678.1640014648438,-1325.97900390625,22900.0,-0.4783074855804443,0.3097086846828461,-0.384845107793808,22900.0,1002.6400146484376,22900.0,2.6998162269592285,-0.42588138580322266,2.6986570358276367,22900.0,-2.6615090370178223,-8.851051330566406,-3.2780537605285645,22900.0,0.038307227194309235,-9.276932716369627,-0.5793967843055725
350,22500.0,158.33399963378906,673.68701171875,-1326.541015625,22500.0,-0.9853256344795228,-0.3274237811565399,-0.4932736754417419,22500.0,1002.6099853515624,22500.0,2.117439985275269,-0.8042192459106445,2.12002944946289,22500.0,-3.106245279312134,-9.142491340637207,-1.7136136293411257,22500.0,-0.9888052940368652,-9.946710586547852,0.406415730714798
351,22600.0,158.33399963378906,674.0399780273438,-1326.9820556640625,22600.0,-1.0082330703735352,0.1991420686244965,-0.7797694802284241,22600.0,1002.5999755859376,22600.0,2.117439985275269,-0.8042192459106445,2.12002944946289,22600.0,-3.106245279312134,-9.142491340637207,-1.7136136293411257,22600.0,-0.9888052940368652,-9.946710586547852,0.406415730714798
352,22700.0,157.86199951171875,674.010986328125,-1327.343017578125,22700.0,-1.0082330703735352,0.1991420686244965,-0.7797694802284241,22700.0,1002.5999755859376,22700.0,2.6498332023620605,-0.03517627716064453,3.0636446475982666,22700.0,-2.41819429397583,-9.146587371826172,-2.5812129974365234,22700.0,0.23163901269435885,-9.181763648986816,0.4824316501617432
353,22800.0,155.86199951171875,674.4719848632812,-1326.8349609375,22800.0,-0.4783074855804443,0.3097086846828461,-0.384845107793808,22800.0,1002.5599975585938,22800.0,2.6498332023620605,-0.03517627716064453,3.0636446475982666,22800.0,-2.41819429397583,-9.146587371826172,-2.5812129974365234,22800.0,0.23163901269435885,-9.181763648986816,0.4824316501617432
354,22900.0,154.8470001220703,678.1640014648438,-1325.97900390625,22900.0,-0.4783074855804443,0.3097086846828461,-0.384845107793808,22900.0,1002.6400146484376,22900.0,2.6998162269592285,-0.42588138580322266,2.6986570358276367,22900.0,-2.6615090370178223,-8.851051330566406,-3.2780537605285645,22900.0,0.038307227194309235,-9.276932716369627,-0.5793967843055725
355,23000.0,155.302001953125,680.8510131835938,-1325.5899658203125,23000.0,-0.6420193910598755,-0.5748242139816284,-0.07605272531509401,23000.0,1002.6400146484376,23000.0,2.6998162269592285,-0.42588138580322266,2.6986570358276367,23000.0,-2.6615090370178223,-8.851051330566406,-3.2780537605285645,23000.0,0.038307227194309235,-9.276932716369627,-0.5793967843055725
356,23100.0,155.302001953125,683.0759887695312,-1325.218994140625,23100.0,-0.6420193910598755,-0.5748242139816284,-0.07605272531509401,23100.0,1002.6099853515624,23100.0,3.1926803588867188,-1.2936334609985352,2.9937644004821777,23100.0,-2.475018262863159,-8.593222618103027,-4.02506685256958,23100.0,0.71766197681427,-9.886856079101564,-1.0313023328781128
357,23200.0,156.82200622558594,683.0759887695312,-1325.218994140625,23200.0,-0.5119050741195679,0.011301007121801376,-0.14569136500358582,23200.0,1002.6099853515624,23200.0,3.1926803588867188,-1.2936334609985352,2.9937644004821777,23200.0,-2.475018262863159,-8.593222618103027,-4.02506685256958,23200.0,0.71766197681427,-9.886856079101564,-1.0313023328781128
358,23300.0,160.2050018310547,683.0759887695312,-1325.6099853515625,23300.0,-0.02138028293848037,0.2730567753314972,-0.3338378667831421,23300.0,1002.6300048828124,23300.0,1.9925274848937988,-1.600139617919922,2.927096128463745,23300.0,-1.8045827150344849,-8.727848052978517,-4.0912766456603995,23300.0,0.18794482946395874,-10.327987670898438,-1.1641805171966553
359,23400.0,161.56700134277344,683.416015625,-1326.383056640625,23400.0,-0.02138028293848037,0.2730567753314972,-0.3338378667831421,23400.0,1002.6300048828124,23400.0,1.752490520477295,-3.185845375061035,4.737830638885498,23400.0,-0.7205896973609924,-9.078453063964844,-3.637694835662842,23400.0,1.0319008827209473,-12.26429843902588,1.1001356840133667
360,23000.0,155.302001953125,680.8510131835938,-1325.5899658203125,23000.0,-0.6420193910598755,-0.5748242139816284,-0.07605272531509401,23000.0,1002.6400146484376,23000.0,2.6998162269592285,-0.42588138580322266,2.6986570358276367,23000.0,-2.6615090370178223,-8.851051330566406,-3.2780537605285645,23000.0,0.038307227194309235,-9.276932716369627,-0.5793967843055725
361,23100.0,155.302001953125,683.0759887695312,-1325.218994140625,23100.0,-0.6420193910598755,-0.5748242139816284,-0.07605272531509401,23100.0,1002.6099853515624,23100.0,3.1926803588867188,-1.2936334609985352,2.9937644004821777,23100.0,-2.475018262863159,-8.593222618103027,-4.02506685256958,23100.0,0.71766197681427,-9.886856079101564,-1.0313023328781128
362,23200.0,156.82200622558594,683.0759887695312,-1325.218994140625,23200.0,-0.5119050741195679,0.011301007121801376,-0.14569136500358582,23200.0,1002.6099853515624,23200.0,3.1926803588867188,-1.2936334609985352,2.9937644004821777,23200.0,-2.475018262863159,-8.593222618103027,-4.02506685256958,23200.0,0.71766197681427,-9.886856079101564,-1.0313023328781128
363,23300.0,160.2050018310547,683.0759887695312,-1325.6099853515625,23300.0,-0.02138028293848037,0.2730567753314972,-0.3338378667831421,23300.0,1002.6300048828124,23300.0,1.9925274848937988,-1.600139617919922,2.927096128463745,23300.0,-1.8045827150344849,-8.727848052978517,-4.0912766456603995,23300.0,0.18794482946395874,-10.327987670898438,-1.1641805171966553
364,23400.0,161.56700134277344,683.416015625,-1326.383056640625,23400.0,-0.02138028293848037,0.2730567753314972,-0.3338378667831421,23400.0,1002.6300048828124,23400.0,1.752490520477295,-3.185845375061035,4.737830638885498,23400.0,-0.7205896973609924,-9.078453063964844,-3.637694835662842,23400.0,1.0319008827209473,-12.26429843902588,1.1001356840133667
365,23500.0,163.20599365234375,682.4180297851562,-1328.47900390625,23500.0,0.3836233615875244,1.0726794004440308,-0.2284636050462723,23500.0,1002.6500244140624,23500.0,1.752490520477295,-3.185845375061035,4.737830638885498,23500.0,-0.7205896973609924,-9.078453063964844,-3.637694835662842,23500.0,1.0319008827209473,-12.26429843902588,1.1001356840133667
366,23600.0,166.88800048828125,673.7349853515625,-1331.114990234375,23600.0,0.3836233615875244,1.0726794004440308,-0.2284636050462723,23600.0,1002.6500244140624,23600.0,1.1649696826934814,-0.21092605590820315,-2.8629422187805176,23600.0,-1.3253811597824097,-9.689696311950684,-0.7235720753669739,23600.0,-0.1604115068912506,-9.900622367858887,-3.5865142345428467
367,23700.0,168.44400024414062,669.7579956054688,-1332.051025390625,23700.0,1.6951510906219482,0.1621847152709961,0.3500257730484009,23700.0,1002.5499877929688,23700.0,1.1649696826934814,-0.21092605590820315,-2.8629422187805176,23700.0,-1.3253811597824097,-9.689696311950684,-0.7235720753669739,23700.0,-0.1604115068912506,-9.900622367858887,-3.5865142345428467
368,23800.0,165.7729949951172,666.0089721679688,-1332.448974609375,23800.0,1.6951510906219482,0.1621847152709961,0.3500257730484009,23800.0,1002.5599975585938,23800.0,5.425339221954347,0.928091049194336,0.6779688000679016,23800.0,-3.0862040519714355,-9.257518768310547,0.9716361165046692,23800.0,2.33913516998291,-8.329427719116211,1.6496049165725708
369,23900.0,163.26699829101562,663.9110107421875,-1332.3790283203125,23900.0,1.3271046876907349,1.6588045358657837,0.9825767278671264,23900.0,1002.5599975585938,23900.0,5.425339221954347,0.928091049194336,0.6779688000679016,23900.0,-3.0862040519714355,-9.257518768310547,0.9716361165046692,23900.0,2.33913516998291,-8.329427719116211,1.6496049165725708
370,23500.0,163.20599365234375,682.4180297851562,-1328.47900390625,23500.0,0.3836233615875244,1.0726794004440308,-0.2284636050462723,23500.0,1002.6500244140624,23500.0,1.752490520477295,-3.185845375061035,4.737830638885498,23500.0,-0.7205896973609924,-9.078453063964844,-3.637694835662842,23500.0,1.0319008827209473,-12.26429843902588,1.1001356840133667
371,23600.0,166.88800048828125,673.7349853515625,-1331.114990234375,23600.0,0.3836233615875244,1.0726794004440308,-0.2284636050462723,23600.0,1002.6500244140624,23600.0,1.1649696826934814,-0.21092605590820315,-2.8629422187805176,23600.0,-1.3253811597824097,-9.689696311950684,-0.7235720753669739,23600.0,-0.1604115068912506,-9.900622367858887,-3.5865142345428467
372,23700.0,168.44400024414062,669.7579956054688,-1332.051025390625,23700.0,1.6951510906219482,0.1621847152709961,0.3500257730484009,23700.0,1002.5499877929688,23700.0,1.1649696826934814,-0.21092605590820315,-2.8629422187805176,23700.0,-1.3253811597824097,-9.689696311950684,-0.7235720753669739,23700.0,-0.1604115068912506,-9.900622367858887,-3.5865142345428467
373,23800.0,165.7729949951172,666.0089721679688,-1332.448974609375,23800.0,1.6951510906219482,0.1621847152709961,0.3500257730484009,23800.0,1002.5599975585938,23800.0,5.425339221954347,0.928091049194336,0.6779688000679016,23800.0,-3.0862040519714355,-9.257518768310547,0.9716361165046692,23800.0,2.33913516998291,-8.329427719116211,1.6496049165725708
374,23900.0,163.26699829101562,663.9110107421875,-1332.3790283203125,23900.0,1.3271046876907349,1.6588045358657837,0.9825767278671264,23900.0,1002.5599975585938,23900.0,5.425339221954347,0.928091049194336,0.6779688000679016,23900.0,-3.0862040519714355,-9.257518768310547,0.9716361165046692,23900.0,2.33913516998291,-8.329427719116211,1.6496049165725708
375,24000.0,159.11500549316406,662.8090209960938,-1331.3170166015625,24000.0,1.3271046876907349,1.6588045358657837,0.9825767278671264,24000.0,1002.530029296875,24000.0,3.406798839569092,1.8535504341125488,1.6952064037322998,24000.0,-4.288463592529297,-8.539957046508789,2.201955318450928,24000.0,-0.8816647529602051,-6.68640661239624,3.897161722183228
376,24100.0,157.03199768066406,663.9609985351562,-1329.6629638671875,24100.0,0.732122004032135,0.03573561832308768,0.7006624341011047,24100.0,1002.530029296875,24100.0,3.406798839569092,1.8535504341125488,1.6952064037322998,24100.0,-4.288463592529297,-8.539957046508789,2.201955318450928,24100.0,-0.8816647529602051,-6.68640661239624,3.897161722183228
377,24200.0,155.40899658203125,664.93798828125,-1328.822998046875,24200.0,-0.39797869324684143,-0.7577783465385437,0.18600846827030185,24200.0,1002.510009765625,24200.0,3.180729389190674,2.549787998199463,2.842225790023804,24200.0,-4.334136009216309,-8.502970695495605,2.2550294399261475,24200.0,-1.1534066200256348,-5.953182697296143,5.097255229949951
378,24300.0,154.875,670.916015625,-1328.822998046875,24300.0,-0.39797869324684143,-0.7577783465385437,0.18600846827030185,24300.0,1002.510009765625,24300.0,5.038520336151123,1.9271249771118164,3.848259449005127,24300.0,-3.1494953632354736,-9.059452056884766,2.0438709259033203,24300.0,1.889025092124939,-7.132327079772949,5.892130374908447
379,24400.0,155.23599243164062,676.6179809570312,-1328.4739990234375,24400.0,-0.4010330438613892,-0.5128213763237001,-0.6731734871864319,24400.0,1002.47998046875,24400.0,5.038520336151123,1.9271249771118164,3.848259449005127,24400.0,-3.1494953632354736,-9.059452056884766,2.0438709259033203,24400.0,1.889025092124939,-7.132327079772949,5.892130374908447
380,24000.0,159.11500549316406,662.8090209960938,-1331.3170166015625,24000.0,1.3271046876907349,1.6588045358657837,0.9825767278671264,24000.0,1002.530029296875,24000.0,3.406798839569092,1.8535504341125488,1.6952064037322998,24000.0,-4.288463592529297,-8.539957046508789,2.201955318450928,24000.0,-0.8816647529602051,-6.68640661239624,3.897161722183228
381,24100.0,157.03199768066406,663.9609985351562,-1329.6629638671875,24100.0,0.732122004032135,0.03573561832308768,0.7006624341011047,24100.0,1002.530029296875,24100.0,3.406798839569092,1.8535504341125488,1.6952064037322998,24100.0,-4.288463592529297,-8.539957046508789,2.201955318450928,24100.0,-0.8816647529602051,-6.68640661239624,3.897161722183228
382,24200.0,155.40899658203125,664.93798828125,-1328.822998046875,24200.0,-0.39797869324684143,-0.7577783465385437,0.18600846827030185,24200.0,1002.510009765625,24200.0,3.180729389190674,2.549787998199463,2.842225790023804,24200.0,-4.334136009216309,-8.502970695495605,2.2550294399261475,24200.0,-1.1534066200256348,-5.953182697296143,5.097255229949951
383,24300.0,154.875,670.916015625,-1328.822998046875,24300.0,-0.39797869324684143,-0.7577783465385437,0.18600846827030185,24300.0,1002.510009765625,24300.0,5.038520336151123,1.9271249771118164,3.848259449005127,24300.0,-3.1494953632354736,-9.059452056884766,2.0438709259033203,24300.0,1.889025092124939,-7.132327079772949,5.892130374908447
384,24400.0,155.23599243164062,676.6179809570312,-1328.4739990234375,24400.0,-0.4010330438613892,-0.5128213763237001,-0.6731734871864319,24400.0,1002.47998046875,24400.0,5.038520336151123,1.9271249771118164,3.848259449005127,24400.0,-3.1494953632354736,-9.059452056884766,2.0438709259033203,24400.0,1.889025092124939,-7.132327079772949,5.892130374908447
385,24500.0,154.593994140625,678.3049926757812,-1328.4739990234375,24500.0,-0.4010330438613892,-0.5128213763237001,-0.6731734871864319,24500.0,1002.47998046875,24500.0,2.8851051330566406,0.2807455062866211,0.2175397276878357,24500.0,-0.9733349084854126,-9.725871086120604,0.7940104603767395,24500.0,1.9117701053619385,-9.445125579833984,1.0115501880645752
386,24600.0,154.593994140625,679.3359985351562,-1328.4739990234375,24600.0,-0.8350527882575989,-0.2474004179239273,-1.2764029502868652,24600.0,1002.5900268554688,24600.0,2.8851051330566406,0.2807455062866211,0.2175397276878357,24600.0,-0.9733349084854126,-9.725871086120604,0.7940104603767395,24600.0,1.9117701053619385,-9.445125579833984,1.0115501880645752
387,24700.0,154.24600219726562,679.7769775390625,-1328.7939453125,24700.0,-0.8350527882575989,-0.2474004179239273,-1.2764029502868652,24700.0,1002.5399780273438,24700.0,0.1393592357635498,0.9149551391601564,0.4008914232254028,24700.0,-0.4146924316883087,-9.795647621154783,0.20903146266937256,24700.0,-0.2753331959247589,-8.880692481994629,0.6099228858947754
388,24800.0,152.73399353027344,681.2329711914062,-1328.47900390625,24800.0,-0.3988949954509735,-0.3026837408542633,-0.3457497358322144,24800.0,1002.5399780273438,24800.0,0.1393592357635498,0.9149551391601564,0.4008914232254028,24800.0,-0.4146924316883087,-9.795647621154783,0.20903146266937256,24800.0,-0.2753331959247589,-8.880692481994629,0.6099228858947754
389,24900.0,151.3990020751953,684.3560180664062,-1327.5369873046875,24900.0,-0.3988949954509735,-0.3026837408542633,-0.3457497358322144,24900.0,1002.469970703125,24900.0,1.4102599620819092,0.4533767700195313,0.7473556995391846,24900.0,-0.6518966555595398,-9.77639865875244,-0.4091746807098389,24900.0,0.7583633661270142,-9.32302188873291,0.3381809890270233
390,24500.0,154.593994140625,678.3049926757812,-1328.4739990234375,24500.0,-0.4010330438613892,-0.5128213763237001,-0.6731734871864319,24500.0,1002.47998046875,24500.0,2.8851051330566406,0.2807455062866211,0.2175397276878357,24500.0,-0.9733349084854126,-9.725871086120604,0.7940104603767395,24500.0,1.9117701053619385,-9.445125579833984,1.0115501880645752
391,24600.0,154.593994140625,679.3359985351562,-1328.4739990234375,24600.0,-0.8350527882575989,-0.2474004179239273,-1.2764029502868652,24600.0,1002.5900268554688,24600.0,2.8851051330566406,0.2807455062866211,0.2175397276878357,24600.0,-0.9733349084854126,-9.725871086120604,0.7940104603767395,24600.0,1.9117701053619385,-9.445125579833984,1.0115501880645752
392,24700.0,154.24600219726562,679.7769775390625,-1328.7939453125,24700.0,-0.8350527882575989,-0.2474004179239273,-1.2764029502868652,24700.0,1002.5399780273438,24700.0,0.1393592357635498,0.9149551391601564,0.4008914232254028,24700.0,-0.4146924316883087,-9.795647621154783,0.20903146266937256,24700.0,-0.2753331959247589,-8.880692481994629,0.6099228858947754
393,24800.0,152.73399353027344,681.2329711914062,-1328.47900390625,24800.0,-0.3988949954509735,-0.3026837408542633,-0.3457497358322144,24800.0,1002.5399780273438,24800.0,0.1393592357635498,0.9149551391601564,0.4008914232254028,24800.0,-0.4146924316883087,-9.795647621154783,0.20903146266937256,24800.0,-0.2753331959247589,-8.880692481994629,0.6099228858947754
394,24900.0,151.3990020751953,684.3560180664062,-1327.5369873046875,24900.0,-0.3988949954509735,-0.3026837408542633,-0.3457497358322144,24900.0,1002.469970703125,24900.0,1.4102599620819092,0.4533767700195313,0.7473556995391846,24900.0,-0.6518966555595398,-9.77639865875244,-0.4091746807098389,24900.0,0.7583633661270142,-9.32302188873291,0.3381809890270233
395,25000.0,151.90699768066406,686.9749755859375,-1326.9820556640625,25000.0,-0.4453207552433014,-0.9178250432014464,0.08338310569524765,25000.0,1002.469970703125,25000.0,1.4102599620819092,0.4533767700195313,0.7473556995391846,25000.0,-0.6518966555595398,-9.77639865875244,-0.4091746807098389,25000.0,0.7583633661270142,-9.32302188873291,0.3381809890270233
396,25100.0,154.44000244140625,687.5150146484375,-1326.6689453125,25100.0,-0.13500121235847473,-0.3988949954509735,-0.3475823104381561,25100.0,1002.489990234375,25100.0,0.5244425535202026,0.11448097229003905,-0.2448030710220337,25100.0,-0.14196886122226715,-9.790647506713867,-0.5416921973228455,25100.0,0.3824737071990967,-9.676166534423828,-0.7864952683448792
397,25200.0,157.4340057373047,687.1900024414062,-1329.112060546875,25200.0,-0.13500121235847473,-0.3988949954509735,-0.3475823104381561,25200.0,1002.489990234375,25200.0,2.055914878845216,-2.7737140655517583,-0.2676619291305542,25200.0,0.042004402726888664,-9.783873558044434,-0.6666752696037292,25200.0,2.097919225692749,-12.557587623596193,-0.9343371987342834
398,25300.0,161.16000366210938,687.1900024414062,-1333.02294921875,25300.0,-0.11362093687057495,0.5671883821487427,-0.10323622822761536,25300.0,1002.510009765625,25300.0,2.055914878845216,-2.7737140655517583,-0.2676619291305542,25300.0,0.042004402726888664,-9.783873558044434,-0.6666752696037292,25300.0,2.097919225692749,-12.557587623596193,-0.9343371987342834
399,25400.0,164.39599609375,680.4580078125,-1336.8780517578125,25400.0,-0.11362093687057495,0.5671883821487427,-0.10323622822761536,25400.0,1002.510009765625,25400.0,0.8397883176803589,-0.610015869140625,4.435420513153076,25400.0,-0.2190915197134018,-9.763461112976074,0.8928753137588501,25400.0,0.6206967830657959,-10.3734769821167,5.328295707702637
400,25000.0,151.90699768066406,686.9749755859375,-1326.9820556640625,25000.0,-0.4453207552433014,-0.9178250432014464,0.08338310569524765,25000.0,1002.469970703125,25000.0,1.4102599620819092,0.4533767700195313,0.7473556995391846,25000.0,-0.6518966555595398,-9.77639865875244,-0.4091746807098389,25000.0,0.7583633661270142,-9.32302188873291,0.3381809890270233
401,25100.0,154.44000244140625,687.5150146484375,-1326.6689453125,25100.0,-0.13500121235847473,-0.3988949954509735,-0.3475823104381561,25100.0,1002.489990234375,25100.0,0.5244425535202026,0.11448097229003905,-0.2448030710220337,25100.0,-0.14196886122226715,-9.790647506713867,-0.5416921973228455,25100.0,0.3824737071990967,-9.676166534423828,-0.7864952683448792
402,25200.0,157.4340057373047,687.1900024414062,-1329.112060546875,25200.0,-0.13500121235847473,-0.3988949954509735,-0.3475823104381561,25200.0,1002.489990234375,25200.0,2.055914878845216,-2.7737140655517583,-0.2676619291305542,25200.0,0.042004402726888664,-9.783873558044434,-0.6666752696037292,25200.0,2.097919225692749,-12.557587623596193,-0.9343371987342834
403,25300.0,161.16000366210938,687.1900024414062,-1333.02294921875,25300.0,-0.11362093687057495,0.5671883821487427,-0.10323622822761536,25300.0,1002.510009765625,25300.0,2.055914878845216,-2.7737140655517583,-0.2676619291305542,25300.0,0.042004402726888664,-9.783873558044434,-0.6666752696037292,25300.0,2.097919225692749,-12.557587623596193,-0.9343371987342834
404,25400.0,164.39599609375,680.4580078125,-1336.8780517578125,25400.0,-0.11362093687057495,0.5671883821487427,-0.10323622822761536,25400.0,1002.510009765625,25400.0,0.8397883176803589,-0.610015869140625,4.435420513153076,25400.0,-0.2190915197134018,-9.763461112976074,0.8928753137588501,25400.0,0.6206967830657959,-10.3734769821167,5.328295707702637
405,25500.0,173.01400756835938,674.0,-1339.927001953125,25500.0,0.8530732989311218,0.5928447246551514,0.10567969083786012,25500.0,1002.5599975585938,25500.0,0.8397883176803589,-0.610015869140625,4.435420513153076,25500.0,-0.2190915197134018,-9.763461112976074,0.8928753137588501,25500.0,0.6206967830657959,-10.3734769821167,5.328295707702637
406,25600.0,172.94400024414062,667.9580078125,-1341.4849853515625,25600.0,0.8530732989311218,0.5928447246551514,0.10567969083786012,25600.0,1002.5399780273438,25600.0,2.052126407623291,-0.3707265853881836,-0.7392857074737549,25600.0,-1.8450279235839844,-9.151013374328613,3.0042004585266118,25600.0,0.20709845423698425,-9.521739959716797,2.2649147510528564
407,25700.0,172.5760040283203,661.7960205078125,-1341.260986328125,25700.0,1.236696720123291,0.5271766781806946,0.7953465580940247,25700.0,1002.5399780273438,25700.0,2.052126407623291,-0.3707265853881836,-0.7392857074737549,25700.0,-1.8450279235839844,-9.151013374328613,3.0042004585266118,25700.0,0.20709845423698425,-9.521739959716797,2.2649147510528564
408,25800.0,168.04100036621094,657.39697265625,-1341.1199951171875,25800.0,1.236696720123291,0.5271766781806946,0.7953465580940247,25800.0,1002.5499877929688,25800.0,2.2682013511657715,0.9001250267028809,-1.8106067180633545,25800.0,-3.3916804790496826,-7.797820091247559,4.8847618103027335,25800.0,-1.1234791278839111,-6.897695064544678,3.07415509223938
409,25900.0,163.6439971923828,655.7630004882812,-1341.428955078125,25900.0,1.0106765031814575,-0.5613851547241211,1.2342532873153689,25900.0,1002.5499877929688,25900.0,2.2682013511657715,0.9001250267028809,-1.8106067180633545,25900.0,-3.3916804790496826,-7.797820091247559,4.8847618103027335,25900.0,-1.1234791278839111,-6.897695064544678,3.07415509223938
410,25500.0,173.01400756835938,674.0,-1339.927001953125,25500.0,0.8530732989311218,0.5928447246551514,0.10567969083786012,25500.0,1002.5599975585938,25500.0,0.8397883176803589,-0.610015869140625,4.435420513153076,25500.0,-0.2190915197134018,-9.763461112976074,0.8928753137588501,25500.0,0.6206967830657959,-10.3734769821167,5.328295707702637
411,25600.0,172.94400024414062,667.9580078125,-1341.4849853515625,25600.0,0.8530732989311218,0.5928447246551514,0.10567969083786012,25600.0,1002.5399780273438,25600.0,2.052126407623291,-0.3707265853881836,-0.7392857074737549,25600.0,-1.8450279235839844,-9.151013374328613,3.0042004585266118,25600.0,0.20709845423698425,-9.521739959716797,2.2649147510528564
412,25700.0,172.5760040283203,661.7960205078125,-1341.260986328125,25700.0,1.236696720123291,0.5271766781806946,0.7953465580940247,25700.0,1002.5399780273438,25700.0,2.052126407623291,-0.3707265853881836,-0.7392857074737549,25700.0,-1.8450279235839844,-9.151013374328613,3.0042004585266118,25700.0,0.20709845423698425,-9.521739959716797,2.2649147510528564
413,25800.0,168.04100036621094,657.39697265625,-1341.1199951171875,25800.0,1.236696720123291,0.5271766781806946,0.7953465580940247,25800.0,1002.5499877929688,25800.0,2.2682013511657715,0.9001250267028809,-1.8106067180633545,25800.0,-3.3916804790496826,-7.797820091247559,4.8847618103027335,25800.0,-1.1234791278839111,-6.897695064544678,3.07415509223938
414,25900.0,163.6439971923828,655.7630004882812,-1341.428955078125,25900.0,1.0106765031814575,-0.5613851547241211,1.2342532873153689,25900.0,1002.5499877929688,25900.0,2.2682013511657715,0.9001250267028809,-1.8106067180633545,25900.0,-3.3916804790496826,-7.797820091247559,4.8847618103027335,25900.0,-1.1234791278839111,-6.897695064544678,3.07415509223938
415,26000.0,161.8159942626953,656.8660278320312,-1341.428955078125,26000.0,-0.0916297882795334,-0.7751879692077637,0.1765400618314743,26000.0,1002.4199829101564,26000.0,1.7858102321624756,1.5237603187561035,-0.5629940032958984,26000.0,-2.9817140102386475,-7.718158721923827,5.26400899887085,26000.0,-1.195903778076172,-6.194398403167725,4.701014995574951
416,26100.0,160.3679962158203,658.3740234375,-1341.428955078125,26100.0,-0.0916297882795334,-0.7751879692077637,0.1765400618314743,26100.0,1002.4199829101564,26100.0,-0.03698849678039552,-1.3767061233520508,1.4132552146911619,26100.0,-2.897704124450684,-8.443112373352049,4.060488224029541,26100.0,-2.9346926212310787,-9.819818496704102,5.473743438720703
417,26200.0,161.56100463867188,663.1270141601562,-1341.428955078125,26200.0,-0.9941831827163696,-0.3597996234893799,0.1160643994808197,26200.0,1002.4500122070312,26200.0,-0.03698849678039552,-1.3767061233520508,1.4132552146911619,26200.0,-2.897704124450684,-8.443112373352049,4.060488224029541,26200.0,-2.9346926212310787,-9.819818496704102,5.473743438720703
418,26300.0,162.38699340820312,670.5419921875,-1344.3900146484375,26300.0,-0.9941831827163696,-0.3597996234893799,0.1160643994808197,26300.0,1002.4500122070312,26300.0,1.5906617641448977,-0.5853538513183594,-0.9474941492080688,26300.0,-1.2764228582382202,-9.508002281188963,2.0344617366790767,26300.0,0.314238965511322,-10.093356132507324,1.0869675874710083
419,26400.0,163.01199340820312,675.7899780273438,-1345.14697265625,26400.0,-1.3344351053237915,-0.1771509200334549,-0.9618073105812072,26400.0,1002.510009765625,26400.0,1.5906617641448977,-0.5853538513183594,-0.9474941492080688,26400.0,-1.2764228582382202,-9.508002281188963,2.0344617366790767,26400.0,0.314238965511322,-10.093356132507324,1.0869675874710083
420,26000.0,161.8159942626953,656.8660278320312,-1341.428955078125,26000.0,-0.0916297882795334,-0.7751879692077637,0.1765400618314743,26000.0,1002.4199829101564,26000.0,1.7858102321624756,1.5237603187561035,-0.5629940032958984,26000.0,-2.9817140102386475,-7.718158721923827,5.26400899887085,26000.0,-1.195903778076172,-6.194398403167725,4.701014995574951
421,26100.0,160.3679962158203,658.3740234375,-1341.428955078125,26100.0,-0.0916297882795334,-0.7751879692077637,0.1765400618314743,26100.0,1002.4199829101564,26100.0,-0.03698849678039552,-1.3767061233520508,1.4132552146911619,26100.0,-2.897704124450684,-8.443112373352049,4.060488224029541,26100.0,-2.9346926212310787,-9.819818496704102,5.473743438720703
422,26200.0,161.56100463867188,663.1270141601562,-1341.428955078125,26200.0,-0.9941831827163696,-0.3597996234893799,0.1160643994808197,26200.0,1002.4500122070312,26200.0,-0.03698849678039552,-1.3767061233520508,1.4132552146911619,26200.0,-2.897704124450684,-8.443112373352049,4.060488224029541,26200.0,-2.9346926212310787,-9.819818496704102,5.473743438720703
423,26300.0,162.38699340820312,670.5419921875,-1344.3900146484375,26300.0,-0.9941831827163696,-0.3597996234893799,0.1160643994808197,26300.0,1002.4500122070312,26300.0,1.5906617641448977,-0.5853538513183594,-0.9474941492080688,26300.0,-1.2764228582382202,-9.508002281188963,2.0344617366790767,26300.0,0.314238965511322,-10.093356132507324,1.0869675874710083
424,26400.0,163.01199340820312,675.7899780273438,-1345.14697265625,26400.0,-1.3344351053237915,-0.1771509200334549,-0.9618073105812072,26400.0,1002.510009765625,26400.0,1.5906617641448977,-0.5853538513183594,-0.9474941492080688,26400.0,-1.2764228582382202,-9.508002281188963,2.0344617366790767,26400.0,0.314238965511322,-10.093356132507324,1.0869675874710083
425,26500.0,161.80499267578125,676.052001953125,-1345.14697265625,26500.0,-1.3344351053237915,-0.1771509200334549,-0.9618073105812072,26500.0,1002.4400024414064,26500.0,-0.8018393516540527,-1.0233850479125977,-2.0225532054901123,26500.0,0.029110724106431007,-9.530256271362305,2.3116531372070317,26500.0,-0.7727286219596863,-10.553641319274902,0.2890998423099518
426,26600.0,157.96499633789062,678.6510009765625,-1345.14697265625,26600.0,0.14446963369846344,0.41661009192466736,-0.8943067193031311,26600.0,1002.4400024414064,26600.0,-0.8018393516540527,-1.0233850479125977,-2.0225532054901123,26600.0,0.029110724106431007,-9.530256271362305,2.3116531372070317,26600.0,-0.7727286219596863,-10.553641319274902,0.2890998423099518
427,26700.0,156.23300170898438,681.5819702148438,-1342.0679931640625,26700.0,0.14446963369846344,0.41661009192466736,-0.8943067193031311,26700.0,1002.469970703125,26700.0,0.10793286561965942,0.4479246139526367,-0.9095599055290222,26700.0,0.3715060353279114,-9.738025665283203,1.0969061851501465,26700.0,0.4794389009475708,-9.290101051330566,0.18734627962112427
428,26800.0,158.13699340820312,685.2869873046875,-1340.9620361328125,26800.0,-0.7235698699951172,-0.9608910083770752,-0.06780604273080826,26800.0,1002.469970703125,26800.0,0.10793286561965942,0.4479246139526367,-0.9095599055290222,26800.0,0.3715060353279114,-9.738025665283203,1.0969061851501465,26800.0,0.4794389009475708,-9.290101051330566,0.18734627962112427
429,26900.0,158.9980010986328,687.6190185546875,-1341.529052734375,26900.0,-0.7797694802284241,-0.15821409225463867,0.03481931984424591,26900.0,1002.47998046875,26900.0,1.5288225412368774,0.905665397644043,-0.31887713074684143,26900.0,0.260244756937027,-9.801321983337402,-0.19168636202812195,26900.0,1.7890672683715818,-8.89565658569336,-0.5105634927749634
430,26500.0,161.80499267578125,676.052001953125,-1345.14697265625,26500.0,-1.3344351053237915,-0.1771509200334549,-0.9618073105812072,26500.0,1002.4400024414064,26500.0,-0.8018393516540527,-1.0233850479125977,-2.0225532054901123,26500.0,0.029110724106431007,-9.530256271362305,2.3116531372070317,26500.0,-0.7727286219596863,-10.553641319274902,0.2890998423099518
431,26600.0,157.96499633789062,678.6510009765625,-1345.14697265625,26600.0,0.14446963369846344,0.41661009192466736,-0.8943067193031311,26600.0,1002.4400024414064,26600.0,-0.8018393516540527,-1.0233850479125977,-2.0225532054901123,26600.0,0.029110724106431007,-9.530256271362305,2.3116531372070317,26600.0,-0.7727286219596863,-10.553641319274902,0.2890998423099518
432,26700.0,156.23300170898438,681.5819702148438,-1342.0679931640625,26700.0,0.14446963369846344,0.41661009192466736,-0.8943067193031311,26700.0,1002.469970703125,26700.0,0.10793286561965942,0.4479246139526367,-0.9095599055290222,26700.0,0.3715060353279114,-9.738025665283203,1.0969061851501465,26700.0,0.4794389009475708,-9.290101051330566,0.18734627962112427
433,26800.0,158.13699340820312,685.2869873046875,-1340.9620361328125,26800.0,-0.7235698699951172,-0.9608910083770752,-0.06780604273080826,26800.0,1002.469970703125,26800.0,0.10793286561965942,0.4479246139526367,-0.9095599055290222,26800.0,0.3715060353279114,-9.738025665283203,1.0969061851501465,26800.0,0.4794389009475708,-9.290101051330566,0.18734627962112427
434,26900.0,158.9980010986328,687.6190185546875,-1341.529052734375,26900.0,-0.7797694802284241,-0.15821409225463867,0.03481931984424591,26900.0,1002.47998046875,26900.0,1.5288225412368774,0.905665397644043,-0.31887713074684143,26900.0,0.260244756937027,-9.801321983337402,-0.19168636202812195,26900.0,1.7890672683715818,-8.89565658569336,-0.5105634927749634
435,27000.0,163.62100219726562,687.22802734375,-1341.529052734375,27000.0,-0.7797694802284241,-0.15821409225463867,0.03481931984424591,27000.0,1002.47998046875,27000.0,-0.4716944098472595,-1.0543527603149414,-1.8828660249710083,27000.0,0.6452740430831909,-9.77881145477295,0.3589566648006439,27000.0,0.1735796183347702,-10.83316421508789,-1.523909330368042
436,27100.0,169.76400756835938,685.72900390625,-1344.260986328125,27100.0,0.21349740028381348,1.1035280227661133,-0.26908615231513977,27100.0,1002.6099853515624,27100.0,-0.4716944098472595,-1.0543527603149414,-1.8828660249710083,27100.0,0.6452740430831909,-9.77881145477295,0.3589566648006439,27100.0,0.1735796183347702,-10.83316421508789,-1.523909330368042
437,27200.0,170.94400024414062,683.5089721679688,-1346.4339599609375,27200.0,0.21349740028381348,1.1035280227661133,-0.26908615231513977,27200.0,1002.6099853515624,27200.0,0.5488636493682861,-1.1102619171142578,-1.9516472816467283,27200.0,0.630879282951355,-9.392502784729004,2.7483179569244385,27200.0,1.1797429323196411,-10.502764701843262,0.7966706156730652
438,27300.0,172.9239959716797,673.8460083007812,-1349.375,27300.0,1.273043155670166,1.2397509813308716,-0.23090706765651706,27300.0,1002.489990234375,27300.0,0.5488636493682861,-1.1102619171142578,-1.9516472816467283,27300.0,0.630879282951355,-9.392502784729004,2.7483179569244385,27300.0,1.1797429323196411,-10.502764701843262,0.7966706156730652
439,27400.0,179.947998046875,666.6640014648438,-1348.7030029296875,27400.0,1.273043155670166,1.2397509813308716,-0.23090706765651706,27400.0,1002.510009765625,27400.0,1.0428962707519531,0.16727924346923828,-7.172059059143066,27400.0,-0.8645282983779907,-8.708593368530272,4.425311088562012,27400.0,0.17836803197860718,-8.541314125061035,-2.7467479705810547
440,27000.0,163.62100219726562,687.22802734375,-1341.529052734375,27000.0,-0.7797694802284241,-0.15821409225463867,0.03481931984424591,27000.0,1002.47998046875,27000.0,-0.4716944098472595,-1.0543527603149414,-1.8828660249710083,27000.0,0.6452740430831909,-9.77881145477295,0.3589566648006439,27000.0,0.1735796183347702,-10.83316421508789,-1.523909330368042
441,27100.0,169.76400756835938,685.72900390625,-1344.260986328125,27100.0,0.21349740028381348,1.1035280227661133,-0.26908615231513977,27100.0,1002.6099853515624,27100.0,-0.4716944098472595,-1.0543527603149414,-1.8828660249710083,27100.0,0.6452740430831909,-9.77881145477295,0.3589566648006439,27100.0,0.1735796183347702,-10.83316421508789,-1.523909330368042
442,27200.0,170.94400024414062,683.5089721679688,-1346.4339599609375,27200.0,0.21349740028381348,1.1035280227661133,-0.26908615231513977,27200.0,1002.6099853515624,27200.0,0.5488636493682861,-1.1102619171142578,-1.9516472816467283,27200.0,0.630879282951355,-9.392502784729004,2.7483179569244385,27200.0,1.1797429323196411,-10.502764701843262,0.7966706156730652
443,27300.0,172.9239959716797,673.8460083007812,-1349.375,27300.0,1.273043155670166,1.2397509813308716,-0.23090706765651706,27300.0,1002.489990234375,27300.0,0.5488636493682861,-1.1102619171142578,-1.9516472816467283,27300.0,0.630879282951355,-9.392502784729004,2.7483179569244385,27300.0,1.1797429323196411,-10.502764701843262,0.7966706156730652
444,27400.0,179.947998046875,666.6640014648438,-1348.7030029296875,27400.0,1.273043155670166,1.2397509813308716,-0.23090706765651706,27400.0,1002.510009765625,27400.0,1.0428962707519531,0.16727924346923828,-7.172059059143066,27400.0,-0.8645282983779907,-8.708593368530272,4.425311088562012,27400.0,0.17836803197860718,-8.541314125061035,-2.7467479705810547
445,27500.0,177.97799682617188,658.5059814453125,-1348.635009765625,27500.0,0.9929614663124084,0.4007275998592377,0.7101308703422546,27500.0,1002.510009765625,27500.0,1.0428962707519531,0.16727924346923828,-7.172059059143066,27500.0,-0.8645282983779907,-8.708593368530272,4.425311088562012,27500.0,0.17836803197860718,-8.541314125061035,-2.7467479705810547
446,27600.0,175.93899536132812,651.6840209960938,-1348.635009765625,27600.0,0.9929614663124084,0.4007275998592377,0.7101308703422546,27600.0,1002.5599975585938,27600.0,4.1047582626342765,-1.306788444519043,-1.879732131958008,27600.0,-3.8838932514190674,-6.871206283569336,5.8199896812438965,27600.0,0.22086510062217712,-8.177994728088379,3.9402575492858887
447,27700.0,168.50999450683594,647.8770141601562,-1348.2159423828125,27700.0,1.3640620708465576,1.4107933044433594,1.1661417484283447,27700.0,1002.5599975585938,27700.0,4.1047582626342765,-1.306788444519043,-1.879732131958008,27700.0,-3.8838932514190674,-6.871206283569336,5.8199896812438965,27700.0,0.22086510062217712,-8.177994728088379,3.9402575492858887
448,27800.0,163.46200561523438,646.9860229492188,-1346.4849853515625,27800.0,0.5302310585975647,-0.15241087973117828,0.6588181853294373,27800.0,1002.5,27800.0,3.611712455749512,0.3186140060424805,-2.0048413276672363,27800.0,-4.489187240600586,-5.714546203613281,6.584949016571045,27800.0,-0.8774749040603638,-5.395932197570801,4.580107688903809
449,27900.0,161.36300659179688,648.4829711914062,-1346.1419677734375,27900.0,0.5302310585975647,-0.15241087973117828,0.6588181853294373,27900.0,1002.5,27900.0,1.4215538501739502,0.3846840858459473,-1.9343004226684568,27900.0,-3.455428123474121,-6.321107387542725,6.653870582580566,27900.0,-2.033874273300171,-5.936423301696777,4.7195701599121085
450,27500.0,177.97799682617188,658.5059814453125,-1348.635009765625,27500.0,0.9929614663124084,0.4007275998592377,0.7101308703422546,27500.0,1002.510009765625,27500.0,1.0428962707519531,0.16727924346923828,-7.172059059143066,27500.0,-0.8645282983779907,-8.708593368530272,4.425311088562012,27500.0,0.17836803197860718,-8.541314125061035,-2.7467479705810547
451,27600.0,175.93899536132812,651.6840209960938,-1348.635009765625,27600.0,0.9929614663124084,0.4007275998592377,0.7101308703422546,27600.0,1002.5599975585938,27600.0,4.1047582626342765,-1.306788444519043,-1.879732131958008,27600.0,-3.8838932514190674,-6.871206283569336,5.8199896812438965,27600.0,0.22086510062217712,-8.177994728088379,3.9402575492858887
452,27700.0,168.50999450683594,647.8770141601562,-1348.2159423828125,27700.0,1.3640620708465576,1.4107933044433594,1.1661417484283447,27700.0,1002.5599975585938,27700.0,4.1047582626342765,-1.306788444519043,-1.879732131958008,27700.0,-3.8838932514190674,-6.871206283569336,5.8199896812438965,27700.0,0.22086510062217712,-8.177994728088379,3.9402575492858887
453,27800.0,163.46200561523438,646.9860229492188,-1346.4849853515625,27800.0,0.5302310585975647,-0.15241087973117828,0.6588181853294373,27800.0,1002.5,27800.0,3.611712455749512,0.3186140060424805,-2.0048413276672363,27800.0,-4.489187240600586,-5.714546203613281,6.584949016571045,27800.0,-0.8774749040603638,-5.395932197570801,4.580107688903809
454,27900.0,161.36300659179688,648.4829711914062,-1346.1419677734375,27900.0,0.5302310585975647,-0.15241087973117828,0.6588181853294373,27900.0,1002.5,27900.0,1.4215538501739502,0.3846840858459473,-1.9343004226684568,27900.0,-3.455428123474121,-6.321107387542725,6.653870582580566,27900.0,-2.033874273300171,-5.936423301696777,4.7195701599121085
455,28000.0,159.6999969482422,651.7130126953125,-1346.1419677734375,28000.0,-0.6130032539367676,-0.9520334601402284,0.062308255583047874,28000.0,1002.4600219726564,28000.0,1.4215538501739502,0.3846840858459473,-1.9343004226684568,28000.0,-3.455428123474121,-6.321107387542725,6.653870582580566,28000.0,-2.033874273300171,-5.936423301696777,4.7195701599121085
456,28100.0,161.697998046875,657.0780029296875,-1348.073974609375,28100.0,-0.6130032539367676,-0.9520334601402284,0.062308255583047874,28100.0,1002.4600219726564,28100.0,2.574341297149658,3.9403104782104488,-2.9776096343994136,28100.0,-2.536034107208252,-7.3137407302856445,6.020639896392822,28100.0,0.038307227194309235,-3.3734302520751966,3.043030261993408
457,28200.0,163.94500732421875,665.47802734375,-1350.7900390625,28200.0,-0.7040221691131592,-0.3332269787788391,-0.4667010605335236,28200.0,1002.4500122070312,28200.0,2.574341297149658,3.9403104782104488,-2.9776096343994136,28200.0,-2.536034107208252,-7.3137407302856445,6.020639896392822,28200.0,0.038307227194309235,-3.3734302520751966,3.043030261993408
458,28300.0,161.51400756835938,667.323974609375,-1350.491943359375,28300.0,-0.7040221691131592,-0.3332269787788391,-0.4667010605335236,28300.0,1002.5,28300.0,-1.2098698616027832,-1.1568107604980469,-0.4693833887577057,28300.0,2.854087829589844,-9.352537155151367,0.7447165846824646,28300.0,1.6442179679870603,-10.509347915649414,0.2753331959247589
459,28400.0,156.18699645996094,670.177978515625,-1350.125,28400.0,-0.7632761001586914,-0.3649919927120209,-1.605048418045044,28400.0,1002.5,28400.0,-1.2098698616027832,-1.1568107604980469,-0.4693833887577057,28400.0,2.854087829589844,-9.352537155151367,0.7447165846824646,28400.0,1.6442179679870603,-10.509347915649414,0.2753331959247589
460,28000.0,159.6999969482422,651.7130126953125,-1346.1419677734375,28000.0,-0.6130032539367676,-0.9520334601402284,0.062308255583047874,28000.0,1002.4600219726564,28000.0,1.4215538501739502,0.3846840858459473,-1.9343004226684568,28000.0,-3.455428123474121,-6.321107387542725,6.653870582580566,28000.0,-2.033874273300171,-5.936423301696777,4.7195701599121085
461,28100.0,161.697998046875,657.0780029296875,-1348.073974609375,28100.0,-0.6130032539367676,-0.9520334601402284,0.062308255583047874,28100.0,1002.4600219726564,28100.0,2.574341297149658,3.9403104782104488,-2.9776096343994136,28100.0,-2.536034107208252,-7.3137407302856445,6.020639896392822,28100.0,0.038307227194309235,-3.3734302520751966,3.043030261993408
462,28200.0,163.94500732421875,665.47802734375,-1350.7900390625,28200.0,-0.7040221691131592,-0.3332269787788391,-0.4667010605335236,28200.0,1002.4500122070312,28200.0,2.574341297149658,3.9403104782104488,-2.9776096343994136,28200.0,-2.536034107208252,-7.3137407302856445,6.020639896392822,28200.0,0.038307227194309235,-3.3734302520751966,3.043030261993408
463,28300.0,161.51400756835938,667.323974609375,-1350.491943359375,28300.0,-0.7040221691131592,-0.3332269787788391,-0.4667010605335236,28300.0,1002.5,28300.0,-1.2098698616027832,-1.1568107604980469,-0.4693833887577057,28300.0,2.854087829589844,-9.352537155151367,0.7447165846824646,28300.0,1.6442179679870603,-10.509347915649414,0.2753331959247589
464,28400.0,156.18699645996094,670.177978515625,-1350.125,28400.0,-0.7632761001586914,-0.3649919927120209,-1.605048418045044,28400.0,1002.5,28400.0,-1.2098698616027832,-1.1568107604980469,-0.4693833887577057,28400.0,2.854087829589844,-9.352537155151367,0.7447165846824646,28400.0,1.6442179679870603,-10.509347915649414,0.2753331959247589
465,28500.0,152.85000610351562,674.197998046875,-1347.678955078125,28500.0,-0.7632761001586914,-0.3649919927120209,-1.605048418045044,28500.0,1002.510009765625,28500.0,1.6412832736968994,1.281773567199707,0.6079297065734863,28500.0,0.2615085542201996,-9.77640151977539,0.7238450050354004,28500.0,1.9027918577194207,-8.494627952575684,1.3317747116088867
466,28600.0,152.85000610351562,678.760986328125,-1346.5009765625,28600.0,-0.7562511563301086,-0.9230173826217652,0.11301007121801375,28600.0,1002.510009765625,28600.0,1.6412832736968994,1.281773567199707,0.6079297065734863,28600.0,0.2615085542201996,-9.77640151977539,0.7238450050354004,28600.0,1.9027918577194207,-8.494627952575684,1.3317747116088867
467,28700.0,155.3489990234375,682.2899780273438,-1347.011962890625,28700.0,-0.4535674452781677,-0.7440338730812073,0.2339613884687424,28700.0,1002.469970703125,28700.0,-0.265907347202301,-0.5303306579589844,-1.1662521362304688,28700.0,-0.06090120598673821,-9.750969886779783,1.0417536497116089,28700.0,-0.32680854201316833,-10.28130054473877,-0.12449848651885985
468,28800.0,155.71200561523438,684.2360229492188,-1347.011962890625,28800.0,-0.4535674452781677,-0.7440338730812073,0.2339613884687424,28800.0,1002.469970703125,28800.0,-0.3778495788574219,0.28952789306640625,-1.9675650596618648,28800.0,0.8135942816734314,-9.725675582885742,0.9590075612068176,28800.0,0.4357447028160095,-9.436147689819336,-1.0085574388504028
469,28900.0,161.5749969482422,684.7100219726562,-1347.7530517578125,28900.0,-0.3359758853912353,0.03573561832308768,-0.3640756905078888,28900.0,1002.4500122070312,28900.0,-0.3778495788574219,0.28952789306640625,-1.9675650596618648,28900.0,0.8135942816734314,-9.725675582885742,0.9590075612068176,28900.0,0.4357447028160095,-9.436147689819336,-1.0085574388504028
470,28500.0,152.85000610351562,674.197998046875,-1347.678955078125,28500.0,-0.7632761001586914,-0.3649919927120209,-1.605048418045044,28500.0,1002.510009765625,28500.0,1.6412832736968994,1.281773567199707,0.6079297065734863,28500.0,0.2615085542201996,-9.77640151977539,0.7238450050354004,28500.0,1.9027918577194207,-8.494627952575684,1.3317747116088867
471,28600.0,152.85000610351562,678.760986328125,-1346.5009765625,28600.0,-0.7562511563301086,-0.9230173826217652,0.11301007121801375,28600.0,1002.510009765625,28600.0,1.6412832736968994,1.281773567199707,0.6079297065734863,28600.0,0.2615085542201996,-9.77640151977539,0.7238450050354004,28600.0,1.9027918577194207,-8.494627952575684,1.3317747116088867
472,28700.0,155.3489990234375,682.2899780273438,-1347.011962890625,28700.0,-0.4535674452781677,-0.7440338730812073,0.2339613884687424,28700.0,1002.469970703125,28700.0,-0.265907347202301,-0.5303306579589844,-1.1662521362304688,28700.0,-0.06090120598673821,-9.750969886779783,1.0417536497116089,28700.0,-0.32680854201316833,-10.28130054473877,-0.12449848651885985
473,28800.0,155.71200561523438,684.2360229492188,-1347.011962890625,28800.0,-0.4535674452781677,-0.7440338730812073,0.2339613884687424,28800.0,1002.469970703125,28800.0,-0.3778495788574219,0.28952789306640625,-1.9675650596618648,28800.0,0.8135942816734314,-9.725675582885742,0.9590075612068176,28800.0,0.4357447028160095,-9.436147689819336,-1.0085574388504028
474,28900.0,161.5749969482422,684.7100219726562,-1347.7530517578125,28900.0,-0.3359758853912353,0.03573561832308768,-0.3640756905078888,28900.0,1002.4500122070312,28900.0,-0.3778495788574219,0.28952789306640625,-1.9675650596618648,28900.0,0.8135942816734314,-9.725675582885742,0.9590075612068176,28900.0,0.4357447028160095,-9.436147689819336,-1.0085574388504028
475,29000.0,167.1060028076172,685.5189819335938,-1349.323974609375,29000.0,-0.3359758853912353,0.03573561832308768,-0.3640756905078888,29000.0,1002.4500122070312,29000.0,-1.4467346668243408,-1.8018007278442385,-2.8936452865600586,29000.0,0.806884229183197,-9.693360328674316,1.2482300996780396,29000.0,-0.639850378036499,-11.495161056518555,-1.6454150676727295
476,29100.0,167.10499572753906,685.0599975585938,-1349.489990234375,29100.0,0.009162978269159794,0.5827654600143433,-0.485027015209198,29100.0,1002.4299926757812,29100.0,-1.4467346668243408,-1.8018007278442385,-2.8936452865600586,29100.0,0.806884229183197,-9.693360328674316,1.2482300996780396,29100.0,-0.639850378036499,-11.495161056518555,-1.6454150676727295
477,29200.0,165.6439971923828,684.1530151367188,-1350.2530517578125,29200.0,0.009162978269159794,0.5827654600143433,-0.485027015209198,29200.0,1002.4299926757812,29200.0,2.6834053993225098,0.516108512878418,-2.576040029525757,29200.0,0.09686127305030824,-9.426130294799805,2.703531265258789,29200.0,2.780266761779785,-8.910021781921387,0.12749123573303225
478,29300.0,164.83399963378906,669.1129760742188,-1351.3360595703125,29300.0,0.912938117980957,0.8927795290946959,-0.013439035043120384,29300.0,1002.5700073242188,29300.0,2.6834053993225098,0.516108512878418,-2.576040029525757,29300.0,0.09686127305030824,-9.426130294799805,2.703531265258789,29300.0,2.780266761779785,-8.910021781921387,0.12749123573303225
479,29400.0,162.87899780273438,659.2630004882812,-1351.718017578125,29400.0,0.912938117980957,0.8927795290946959,-0.013439035043120384,29400.0,1002.5,29400.0,0.6972669959068298,0.09357643127441406,-5.0517578125,29400.0,-0.30222371220588684,-9.032328605651855,3.807371616363525,29400.0,0.395043283700943,-8.938752174377441,-1.2443863153457642
480,29000.0,167.1060028076172,685.5189819335938,-1349.323974609375,29000.0,-0.3359758853912353,0.03573561832308768,-0.3640756905078888,29000.0,1002.4500122070312,29000.0,-1.4467346668243408,-1.8018007278442385,-2.8936452865600586,29000.0,0.806884229183197,-9.693360328674316,1.2482300996780396,29000.0,-0.639850378036499,-11.495161056518555,-1.6454150676727295
481,29100.0,167.10499572753906,685.0599975585938,-1349.489990234375,29100.0,0.009162978269159794,0.5827654600143433,-0.485027015209198,29100.0,1002.4299926757812,29100.0,-1.4467346668243408,-1.8018007278442385,-2.8936452865600586,29100.0,0.806884229183197,-9.693360328674316,1.2482300996780396,29100.0,-0.639850378036499,-11.495161056518555,-1.6454150676727295
482,29200.0,165.6439971923828,684.1530151367188,-1350.2530517578125,29200.0,0.009162978269159794,0.5827654600143433,-0.485027015209198,29200.0,1002.4299926757812,29200.0,2.6834053993225098,0.516108512878418,-2.576040029525757,29200.0,0.09686127305030824,-9.426130294799805,2.703531265258789,29200.0,2.780266761779785,-8.910021781921387,0.12749123573303225
483,29300.0,164.83399963378906,669.1129760742188,-1351.3360595703125,29300.0,0.912938117980957,0.8927795290946959,-0.013439035043120384,29300.0,1002.5700073242188,29300.0,2.6834053993225098,0.516108512878418,-2.576040029525757,29300.0,0.09686127305030824,-9.426130294799805,2.703531265258789,29300.0,2.780266761779785,-8.910021781921387,0.12749123573303225
484,29400.0,162.87899780273438,659.2630004882812,-1351.718017578125,29400.0,0.912938117980957,0.8927795290946959,-0.013439035043120384,29400.0,1002.5,29400.0,0.6972669959068298,0.09357643127441406,-5.0517578125,29400.0,-0.30222371220588684,-9.032328605651855,3.807371616363525,29400.0,0.395043283700943,-8.938752174377441,-1.2443863153457642
485,29500.0,157.4080047607422,659.0859985351562,-1351.718017578125,29500.0,1.7702875137329102,-0.5723807215690613,0.5430592298507689,29500.0,1002.5,29500.0,0.6972669959068298,0.09357643127441406,-5.0517578125,29500.0,-0.30222371220588684,-9.032328605651855,3.807371616363525,29500.0,0.395043283700943,-8.938752174377441,-1.2443863153457642
486,29600.0,148.39599609375,660.3770141601562,-1346.928955078125,29600.0,1.7702875137329102,-0.5723807215690613,0.5430592298507689,29600.0,1002.4299926757812,29600.0,2.1505689620971684,2.203394889831543,-0.6999427676200867,29600.0,-1.222815752029419,-9.704428672790527,0.7065268158912659,29600.0,0.9277531504631042,-7.501033782958982,0.0065840547904372215
487,29700.0,142.5070037841797,661.8250122070312,-1344.468017578125,29700.0,-0.06536258012056351,-0.5500841736793518,0.9764680862426758,29700.0,1002.4299926757812,29700.0,2.4784255027771,0.6216449737548828,0.579086422920227,29700.0,-2.4101908206939697,-9.504732131958008,-0.1463344693183899,29700.0,0.06823474913835527,-8.883087158203125,0.4327519536018372
488,29800.0,131.59100341796878,666.2059936523438,-1337.625,29800.0,-0.6948592066764832,-0.8338310718536377,0.6695083379745483,29800.0,1002.469970703125,29800.0,2.4784255027771,0.6216449737548828,0.579086422920227,29800.0,-2.4101908206939697,-9.504732131958008,-0.1463344693183899,29800.0,0.06823474913835527,-8.883087158203125,0.4327519536018372
489,29900.0,126.61699676513672,668.9920043945312,-1334.677001953125,29900.0,-0.6948592066764832,-0.8338310718536377,0.6695083379745483,29900.0,1002.469970703125,29900.0,-1.5201551914215088,-4.386275291442871,4.2560787200927725,29900.0,-2.54460072517395,-9.466575622558594,-0.2817038893699646,29900.0,-4.064755916595459,-13.852850914001465,3.9743747711181636
490,29500.0,157.4080047607422,659.0859985351562,-1351.718017578125,29500.0,1.7702875137329102,-0.5723807215690613,0.5430592298507689,29500.0,1002.5,29500.0,0.6972669959068298,0.09357643127441406,-5.0517578125,29500.0,-0.30222371220588684,-9.032328605651855,3.807371616363525,29500.0,0.395043283700943,-8.938752174377441,-1.2443863153457642
491,29600.0,148.39599609375,660.3770141601562,-1346.928955078125,29600.0,1.7702875137329102,-0.5723807215690613,0.5430592298507689,29600.0,1002.4299926757812,29600.0,2.1505689620971684,2.203394889831543,-0.6999427676200867,29600.0,-1.222815752029419,-9.704428672790527,0.7065268158912659,29600.0,0.9277531504631042,-7.501033782958982,0.0065840547904372215
492,29700.0,142.5070037841797,661.8250122070312,-1344.468017578125,29700.0,-0.06536258012056351,-0.5500841736793518,0.9764680862426758,29700.0,1002.4299926757812,29700.0,2.4784255027771,0.6216449737548828,0.579086422920227,29700.0,-2.4101908206939697,-9.504732131958008,-0.1463344693183899,29700.0,0.06823474913835527,-8.883087158203125,0.4327519536018372
493,29800.0,131.59100341796878,666.2059936523438,-1337.625,29800.0,-0.6948592066764832,-0.8338310718536377,0.6695083379745483,29800.0,1002.469970703125,29800.0,2.4784255027771,0.6216449737548828,0.579086422920227,29800.0,-2.4101908206939697,-9.504732131958008,-0.1463344693183899,29800.0,0.06823474913835527,-8.883087158203125,0.4327519536018372
494,29900.0,126.61699676513672,668.9920043945312,-1334.677001953125,29900.0,-0.6948592066764832,-0.8338310718536377,0.6695083379745483,29900.0,1002.469970703125,29900.0,-1.5201551914215088,-4.386275291442871,4.2560787200927725,29900.0,-2.54460072517395,-9.466575622558594,-0.2817038893699646,29900.0,-4.064755916595459,-13.852850914001465,3.9743747711181636
495,30000.0,123.93000030517578,668.4400024414062,-1331.72705078125,30000.0,-0.6288857460021973,-1.9135353565216064,-0.010079276748001577,30000.0,1002.3699951171876,30000.0,-1.5201551914215088,-4.386275291442871,4.2560787200927725,30000.0,-2.54460072517395,-9.466575622558594,-0.2817038893699646,30000.0,-4.064755916595459,-13.852850914001465,3.9743747711181636
496,30100.0,121.39099884033205,666.9730224609375,-1322.529052734375,30100.0,-0.6288857460021973,-1.9135353565216064,-0.010079276748001577,30100.0,1002.5399780273438,30100.0,4.74129056930542,6.8062076568603525,-0.8586118221282959,30100.0,-2.9851436614990234,-9.322513580322266,0.591658353805542,30100.0,1.7561469078063965,-2.516305923461914,-0.2669534981250763
497,30200.0,119.20600128173828,666.4000244140625,-1313.862060546875,30200.0,0.1609629988670349,-1.0280861854553225,0.2318233549594879,30200.0,1002.5399780273438,30200.0,4.74129056930542,6.8062076568603525,-0.8586118221282959,30200.0,-2.9851436614990234,-9.322513580322266,0.591658353805542,30200.0,1.7561469078063965,-2.516305923461914,-0.2669534981250763
498,30300.0,119.8730010986328,666.3070068359375,-1312.907958984375,30300.0,0.1609629988670349,-1.0280861854553225,0.2318233549594879,30300.0,1002.47998046875,30300.0,0.4713937044143677,-0.2180471420288086,-2.4149422645568848,30300.0,0.08825094997882843,-9.775350570678713,0.7779068946838379,30300.0,0.5596446394920349,-9.99339771270752,-1.6370353698730469
499,30400.0,119.8730010986328,669.4970092773438,-1312.3680419921875,30400.0,0.03970624133944512,-0.760832667350769,0.08399397134780884,30400.0,1002.47998046875,30400.0,0.4713937044143677,-0.2180471420288086,-2.4149422645568848,30400.0,0.08825094997882843,-9.775350570678713,0.7779068946838379,30400.0,0.5596446394920349,-9.99339771270752,-1.6370353698730469
500,30000.0,123.93000030517578,668.4400024414062,-1331.72705078125,30000.0,-0.6288857460021973,-1.9135353565216064,-0.010079276748001577,30000.0,1002.3699951171876,30000.0,-1.5201551914215088,-4.386275291442871,4.2560787200927725,30000.0,-2.54460072517395,-9.466575622558594,-0.2817038893699646,30000.0,-4.064755916595459,-13.852850914001465,3.9743747711181636
501,30100.0,121.39099884033205,666.9730224609375,-1322.529052734375,30100.0,-0.6288857460021973,-1.9135353565216064,-0.010079276748001577,30100.0,1002.5399780273438,30100.0,4.74129056930542,6.8062076568603525,-0.8586118221282959,30100.0,-2.9851436614990234,-9.322513580322266,0.591658353805542,30100.0,1.7561469078063965,-2.516305923461914,-0.2669534981250763
502,30200.0,119.20600128173828,666.4000244140625,-1313.862060546875,30200.0,0.1609629988670349,-1.0280861854553225,0.2318233549594879,30200.0,1002.5399780273438,30200.0,4.74129056930542,6.8062076568603525,-0.8586118221282959,30200.0,-2.9851436614990234,-9.322513580322266,0.591658353805542,30200.0,1.7561469078063965,-2.516305923461914,-0.2669534981250763
503,30300.0,119.8730010986328,666.3070068359375,-1312.907958984375,30300.0,0.1609629988670349,-1.0280861854553225,0.2318233549594879,30300.0,1002.47998046875,30300.0,0.4713937044143677,-0.2180471420288086,-2.4149422645568848,30300.0,0.08825094997882843,-9.775350570678713,0.7779068946838379,30300.0,0.5596446394920349,-9.99339771270752,-1.6370353698730469
504,30400.0,119.8730010986328,669.4970092773438,-1312.3680419921875,30400.0,0.03970624133944512,-0.760832667350769,0.08399397134780884,30400.0,1002.47998046875,30400.0,0.4713937044143677,-0.2180471420288086,-2.4149422645568848,30400.0,0.08825094997882843,-9.775350570678713,0.7779068946838379,30400.0,0.5596446394920349,-9.99339771270752,-1.6370353698730469
505,30500.0,119.8730010986328,670.1719970703125,-1308.9300537109375,30500.0,-0.7638869881629944,0.02626720629632473,-0.19394971430301666,30500.0,1002.4199829101564,30500.0,0.30274903774261475,0.320892333984375,0.8328367471694946,30500.0,0.5489882230758667,-9.769010543823242,-0.6598556637763977,30500.0,0.8517372608184814,-9.448118209838867,0.17298106849193573
506,30600.0,119.8730010986328,670.6099853515625,-1311.0799560546875,30600.0,-0.7638869881629944,0.02626720629632473,-0.19394971430301666,30600.0,1002.4199829101564,30600.0,-0.8896581530570984,-0.04936504364013672,-0.8968191146850586,30600.0,0.8417741060256958,-9.770453453063963,-0.0016050970880314708,30600.0,-0.047884032130241394,-9.819818496704102,-0.8984242081642151
507,30700.0,122.33399963378906,670.1489868164062,-1311.8280029296875,30700.0,-0.23671028017997744,-0.9575312733650208,-0.3549126982688904,30700.0,1002.4600219726564,30700.0,-0.8896581530570984,-0.04936504364013672,-0.8968191146850586,30700.0,0.8417741060256958,-9.770453453063963,-0.0016050970880314708,30700.0,-0.047884032130241394,-9.819818496704102,-0.8984242081642151
508,30800.0,125.2249984741211,670.1489868164062,-1314.2159423828125,30800.0,-0.23671028017997744,-0.9575312733650208,-0.3549126982688904,30800.0,1002.4600219726564,30800.0,-1.1621066331863403,-1.7634830474853516,-1.3426508903503418,30800.0,0.3869837820529938,-9.79572296142578,0.2538876831531525,30800.0,-0.7751228213310242,-11.559206008911133,-1.0887632369995115
509,30900.0,128.61700439453122,669.8040161132812,-1313.2760009765625,30900.0,-0.05955936014652252,0.323147714138031,-0.19456058740615845,30900.0,1002.489990234375,30900.0,-1.1621066331863403,-1.7634830474853516,-1.3426508903503418,30900.0,0.3869837820529938,-9.79572296142578,0.2538876831531525,30900.0,-0.7751228213310242,-11.559206008911133,-1.0887632369995115
510,30500.0,119.8730010986328,670.1719970703125,-1308.9300537109375,30500.0,-0.7638869881629944,0.02626720629632473,-0.19394971430301666,30500.0,1002.4199829101564,30500.0,0.30274903774261475,0.320892333984375,0.8328367471694946,30500.0,0.5489882230758667,-9.769010543823242,-0.6598556637763977,30500.0,0.8517372608184814,-9.448118209838867,0.17298106849193573
511,30600.0,119.8730010986328,670.6099853515625,-1311.0799560546875,30600.0,-0.7638869881629944,0.02626720629632473,-0.19394971430301666,30600.0,1002.4199829101564,30600.0,-0.8896581530570984,-0.04936504364013672,-0.8968191146850586,30600.0,0.8417741060256958,-9.770453453063963,-0.0016050970880314708,30600.0,-0.047884032130241394,-9.819818496704102,-0.8984242081642151
512,30700.0,122.33399963378906,670.1489868164062,-1311.8280029296875,30700.0,-0.23671028017997744,-0.9575312733650208,-0.3549126982688904,30700.0,1002.4600219726564,30700.0,-0.8896581530570984,-0.04936504364013672,-0.8968191146850586,30700.0,0.8417741060256958,-9.770453453063963,-0.0016050970880314708,30700.0,-0.047884032130241394,-9.819818496704102,-0.8984242081642151
513,30800.0,125.2249984741211,670.1489868164062,-1314.2159423828125,30800.0,-0.23671028017997744,-0.9575312733650208,-0.3549126982688904,30800.0,1002.4600219726564,30800.0,-1.1621066331863403,-1.7634830474853516,-1.3426508903503418,30800.0,0.3869837820529938,-9.79572296142578,0.2538876831531525,30800.0,-0.7751228213310242,-11.559206008911133,-1.0887632369995115
514,30900.0,128.61700439453122,669.8040161132812,-1313.2760009765625,30900.0,-0.05955936014652252,0.323147714138031,-0.19456058740615845,30900.0,1002.489990234375,30900.0,-1.1621066331863403,-1.7634830474853516,-1.3426508903503418,30900.0,0.3869837820529938,-9.79572296142578,0.2538876831531525,30900.0,-0.7751228213310242,-11.559206008911133,-1.0887632369995115
515,31000.0,130.93499755859378,668.9569702148438,-1311.123046875,31000.0,-0.05955936014652252,0.323147714138031,-0.19456058740615845,31000.0,1002.4500122070312,31000.0,-0.20347978174686432,-0.4492244720458984,-3.440241575241089,31000.0,0.4039941728115082,-9.1317720413208,3.552170515060425,31000.0,0.20051439106464386,-9.5809965133667,0.11192893236875534
516,31100.0,132.34199523925778,665.781982421875,-1306.239990234375,31100.0,1.919338583946228,-0.4691445231437683,-0.10231992602348328,31100.0,1002.4500122070312,31100.0,-0.20347978174686432,-0.4492244720458984,-3.440241575241089,31100.0,0.4039941728115082,-9.1317720413208,3.552170515060425,31100.0,0.20051439106464386,-9.5809965133667,0.11192893236875534
517,31200.0,135.59500122070312,667.2449951171875,-1307.3310546875,31200.0,1.919338583946228,-0.4691445231437683,-0.10231992602348328,31200.0,1002.4500122070312,31200.0,-0.921112298965454,0.8558034896850586,-1.021214723587036,31200.0,-2.0309383869171143,-9.55752944946289,0.8362626433372498,31200.0,-2.9520506858825684,-8.701725959777832,-0.1849520802497864
518,31300.0,134.40199279785156,666.7570190429688,-1296.800048828125,31300.0,0.22021691501140594,-0.8145887851715088,1.0519099235534668,31300.0,1002.4500122070312,31300.0,-0.921112298965454,0.8558034896850586,-1.021214723587036,31300.0,-2.0309383869171143,-9.55752944946289,0.8362626433372498,31300.0,-2.9520506858825684,-8.701725959777832,-0.1849520802497864
519,31400.0,134.98199462890622,668.3330078125,-1292.48095703125,31400.0,-0.5632177591323853,2.294715404510498,0.6065891981124878,31400.0,1002.4400024414064,31400.0,2.7297022342681885,2.075897216796875,2.044000625610352,31400.0,-1.0322132110595703,-9.719386100769043,-0.7990157008171082,31400.0,1.6974890232086182,-7.643488883972168,1.2449848651885986
520,31000.0,130.93499755859378,668.9569702148438,-1311.123046875,31000.0,-0.05955936014652252,0.323147714138031,-0.19456058740615845,31000.0,1002.4500122070312,31000.0,-0.20347978174686432,-0.4492244720458984,-3.440241575241089,31000.0,0.4039941728115082,-9.1317720413208,3.552170515060425,31000.0,0.20051439106464386,-9.5809965133667,0.11192893236875534
521,31100.0,132.34199523925778,665.781982421875,-1306.239990234375,31100.0,1.919338583946228,-0.4691445231437683,-0.10231992602348328,31100.0,1002.4500122070312,31100.0,-0.20347978174686432,-0.4492244720458984,-3.440241575241089,31100.0,0.4039941728115082,-9.1317720413208,3.552170515060425,31100.0,0.20051439106464386,-9.5809965133667,0.11192893236875534
522,31200.0,135.59500122070312,667.2449951171875,-1307.3310546875,31200.0,1.919338583946228,-0.4691445231437683,-0.10231992602348328,31200.0,1002.4500122070312,31200.0,-0.921112298965454,0.8558034896850586,-1.021214723587036,31200.0,-2.0309383869171143,-9.55752944946289,0.8362626433372498,31200.0,-2.9520506858825684,-8.701725959777832,-0.1849520802497864
523,31300.0,134.40199279785156,666.7570190429688,-1296.800048828125,31300.0,0.22021691501140594,-0.8145887851715088,1.0519099235534668,31300.0,1002.4500122070312,31300.0,-0.921112298965454,0.8558034896850586,-1.021214723587036,31300.0,-2.0309383869171143,-9.55752944946289,0.8362626433372498,31300.0,-2.9520506858825684,-8.701725959777832,-0.1849520802497864
524,31400.0,134.98199462890622,668.3330078125,-1292.48095703125,31400.0,-0.5632177591323853,2.294715404510498,0.6065891981124878,31400.0,1002.4400024414064,31400.0,2.7297022342681885,2.075897216796875,2.044000625610352,31400.0,-1.0322132110595703,-9.719386100769043,-0.7990157008171082,31400.0,1.6974890232086182,-7.643488883972168,1.2449848651885986
525,31500.0,135.6820068359375,668.3330078125,-1288.512939453125,31500.0,-0.5632177591323853,2.294715404510498,0.6065891981124878,31500.0,1002.4400024414064,31500.0,-0.13455215096473694,-0.10682392120361328,4.7803730964660645,31500.0,-0.4119243919849396,-9.762075424194336,0.8382195830345154,31500.0,-0.5464765429496765,-9.86889934539795,5.618592739105225
526,31600.0,136.07600402832028,668.7009887695312,-1287.23095703125,31600.0,-0.1059851199388504,-1.3338242769241333,0.2831360399723053,31600.0,1002.4600219726564,31600.0,-0.13455215096473694,-0.10682392120361328,4.7803730964660645,31600.0,-0.4119243919849396,-9.762075424194336,0.8382195830345154,31600.0,-0.5464765429496765,-9.86889934539795,5.618592739105225
527,31700.0,138.20399475097656,669.0560302734375,-1286.6109619140625,31700.0,-0.1059851199388504,-1.3338242769241333,0.2831360399723053,31700.0,1002.4600219726564,31700.0,1.4041378498077393,1.6392850875854492,0.4651268422603607,31700.0,-0.03285886347293854,-9.805907249450684,0.1160655915737152,31700.0,1.371279001235962,-8.166622161865233,0.5811924338340759
528,31800.0,139.55599975585938,668.677978515625,-1284.9449462890625,31800.0,-0.4749477207660675,-0.9068294763565063,-0.208610475063324,31800.0,1002.4299926757812,31800.0,1.4041378498077393,1.6392850875854492,0.4651268422603607,31800.0,-0.03285886347293854,-9.805907249450684,0.1160655915737152,31800.0,1.371279001235962,-8.166622161865233,0.5811924338340759
529,31900.0,141.78599548339844,667.8579711914062,-1280.4189453125,31900.0,-0.4749477207660675,-0.9068294763565063,-0.208610475063324,31900.0,1002.47998046875,31900.0,0.4202974736690521,-0.7584762573242188,-0.4452829360961914,31900.0,-0.4484293460845947,-9.79456615447998,0.1891033500432968,31900.0,-0.028131870552897453,-10.5530424118042,-0.2561795711517334
530,31500.0,135.6820068359375,668.3330078125,-1288.512939453125,31500.0,-0.5632177591323853,2.294715404510498,0.6065891981124878,31500.0,1002.4400024414064,31500.0,-0.13455215096473694,-0.10682392120361328,4.7803730964660645,31500.0,-0.4119243919849396,-9.762075424194336,0.8382195830345154,31500.0,-0.5464765429496765,-9.86889934539795,5.618592739105225
531,31600.0,136.07600402832028,668.7009887695312,-1287.23095703125,31600.0,-0.1059851199388504,-1.3338242769241333,0.2831360399723053,31600.0,1002.4600219726564,31600.0,-0.13455215096473694,-0.10682392120361328,4.7803730964660645,31600.0,-0.4119243919849396,-9.762075424194336,0.8382195830345154,31600.0,-0.5464765429496765,-9.86889934539795,5.618592739105225
532,31700.0,138.20399475097656,669.0560302734375,-1286.6109619140625,31700.0,-0.1059851199388504,-1.3338242769241333,0.2831360399723053,31700.0,1002.4600219726564,31700.0,1.4041378498077393,1.6392850875854492,0.4651268422603607,31700.0,-0.03285886347293854,-9.805907249450684,0.1160655915737152,31700.0,1.371279001235962,-8.166622161865233,0.5811924338340759
533,31800.0,139.55599975585938,668.677978515625,-1284.9449462890625,31800.0,-0.4749477207660675,-0.9068294763565063,-0.208610475063324,31800.0,1002.4299926757812,31800.0,1.4041378498077393,1.6392850875854492,0.4651268422603607,31800.0,-0.03285886347293854,-9.805907249450684,0.1160655915737152,31800.0,1.371279001235962,-8.166622161865233,0.5811924338340759
534,31900.0,141.78599548339844,667.8579711914062,-1280.4189453125,31900.0,-0.4749477207660675,-0.9068294763565063,-0.208610475063324,31900.0,1002.47998046875,31900.0,0.4202974736690521,-0.7584762573242188,-0.4452829360961914,31900.0,-0.4484293460845947,-9.79456615447998,0.1891033500432968,31900.0,-0.028131870552897453,-10.5530424118042,-0.2561795711517334
535,32000.0,142.2270050048828,667.5029907226562,-1278.72900390625,32000.0,-0.0039706239476799965,-0.045814894139766686,0.1963931769132614,32000.0,1002.47998046875,32000.0,0.4202974736690521,-0.7584762573242188,-0.4452829360961914,32000.0,-0.4484293460845947,-9.79456615447998,0.1891033500432968,32000.0,-0.028131870552897453,-10.5530424118042,-0.2561795711517334
536,32100.0,142.2270050048828,667.5029907226562,-1277.31396484375,32100.0,-0.0039706239476799965,-0.045814894139766686,0.1963931769132614,32100.0,1002.4400024414064,32100.0,4.286178112030028,-0.5712156295776367,1.7388054132461548,32100.0,-1.4292970895767212,-9.538899421691896,-1.7711271047592163,32100.0,2.8568811416625977,-10.110115051269533,-0.03232172131538391
537,32200.0,143.3070068359375,667.5029907226562,-1277.31103515625,32200.0,-1.2935070991516109,-1.3976596593856812,0.413555771112442,32200.0,1002.4400024414064,32200.0,4.286178112030028,-0.5712156295776367,1.7388054132461548,32200.0,-1.4292970895767212,-9.538899421691896,-1.7711271047592163,32200.0,2.8568811416625977,-10.110115051269533,-0.03232172131538391
538,32300.0,143.62399291992188,667.5029907226562,-1277.31103515625,32300.0,-0.15332718193531036,-1.1942415237426758,-0.2266310006380081,32300.0,1002.4400024414064,32300.0,1.6904923915863037,0.1734638214111328,0.3546130657196045,32300.0,-1.4708243608474731,-9.555143356323242,-1.6450878381729126,32300.0,0.21966800093650807,-9.38167953491211,-1.2904747724533079
539,32400.0,143.62399291992188,667.5029907226562,-1277.31103515625,32400.0,-0.15332718193531036,-1.1942415237426758,-0.2266310006380081,32400.0,1002.4400024414064,32400.0,0.4771633446216583,-1.2562360763549805,-1.4899778366088867,32400.0,-0.8805863261222839,-9.64276885986328,-1.5530524253845217,32400.0,-0.4034229815006256,-10.899004936218262,-3.043030261993408
540,32000.0,142.2270050048828,667.5029907226562,-1278.72900390625,32000.0,-0.0039706239476799965,-0.045814894139766686,0.1963931769132614,32000.0,1002.47998046875,32000.0,0.4202974736690521,-0.7584762573242188,-0.4452829360961914,32000.0,-0.4484293460845947,-9.79456615447998,0.1891033500432968,32000.0,-0.028131870552897453,-10.5530424118042,-0.2561795711517334
541,32100.0,142.2270050048828,667.5029907226562,-1277.31396484375,32100.0,-0.0039706239476799965,-0.045814894139766686,0.1963931769132614,32100.0,1002.4400024414064,32100.0,4.286178112030028,-0.5712156295776367,1.7388054132461548,32100.0,-1.4292970895767212,-9.538899421691896,-1.7711271047592163,32100.0,2.8568811416625977,-10.110115051269533,-0.03232172131538391
542,32200.0,143.3070068359375,667.5029907226562,-1277.31103515625,32200.0,-1.2935070991516109,-1.3976596593856812,0.413555771112442,32200.0,1002.4400024414064,32200.0,4.286178112030028,-0.5712156295776367,1.7388054132461548,32200.0,-1.4292970895767212,-9.538899421691896,-1.7711271047592163,32200.0,2.8568811416625977,-10.110115051269533,-0.03232172131538391
543,32300.0,143.62399291992188,667.5029907226562,-1277.31103515625,32300.0,-0.15332718193531036,-1.1942415237426758,-0.2266310006380081,32300.0,1002.4400024414064,32300.0,1.6904923915863037,0.1734638214111328,0.3546130657196045,32300.0,-1.4708243608474731,-9.555143356323242,-1.6450878381729126,32300.0,0.21966800093650807,-9.38167953491211,-1.2904747724533079
544,32400.0,143.62399291992188,667.5029907226562,-1277.31103515625,32400.0,-0.15332718193531036,-1.1942415237426758,-0.2266310006380081,32400.0,1002.4400024414064,32400.0,0.4771633446216583,-1.2562360763549805,-1.4899778366088867,32400.0,-0.8805863261222839,-9.64276885986328,-1.5530524253845217,32400.0,-0.4034229815006256,-10.899004936218262,-3.043030261993408
545,32500.0,143.62399291992188,666.7230224609375,-1279.95703125,32500.0,0.01924225501716137,0.08765916526317596,-0.3677408695220947,32500.0,1002.4099731445312,32500.0,0.4771633446216583,-1.2562360763549805,-1.4899778366088867,32500.0,-0.8805863261222839,-9.64276885986328,-1.5530524253845217,32500.0,-0.4034229815006256,-10.899004936218262,-3.043030261993408
546,32600.0,143.29200744628906,666.2839965820312,-1280.5799560546875,32600.0,0.01924225501716137,0.08765916526317596,-0.3677408695220947,32600.0,1002.4099731445312,32600.0,2.5751194953918457,-0.4725141525268554,0.07173837721347809,32600.0,-0.4688204526901245,-9.793224334716797,-0.2082078754901886,32600.0,2.106298923492432,-10.265738487243652,-0.1364694982767105
547,32700.0,142.99000549316406,665.9299926757812,-1280.2650146484375,32700.0,0.7415903806686401,0.4202753007411957,-0.22327125072479248,32700.0,1002.4400024414064,32700.0,2.5751194953918457,-0.4725141525268554,0.07173837721347809,32700.0,-0.4688204526901245,-9.793224334716797,-0.2082078754901886,32700.0,2.106298923492432,-10.265738487243652,-0.1364694982767105
548,32800.0,142.99000549316406,665.9299926757812,-1280.6910400390625,32800.0,0.7415903806686401,0.4202753007411957,-0.22327125072479248,32800.0,1002.4400024414064,32800.0,1.961949586868286,-0.658416748046875,0.03596210479736328,32800.0,-0.6810517311096191,-9.714462280273438,1.1557518243789673,32800.0,1.280897855758667,-10.372879028320312,1.1917139291763306
549,32900.0,142.67100524902344,670.2249755859375,-1280.1400146484375,32900.0,0.7113525867462158,-0.4386012554168701,0.11270463466644287,32900.0,1002.4400024414064,32900.0,1.961949586868286,-0.658416748046875,0.03596210479736328,32900.0,-0.6810517311096191,-9.714462280273438,1.1557518243789673,32900.0,1.280897855758667,-10.372879028320312,1.1917139291763306
550,32500.0,143.62399291992188,666.7230224609375,-1279.95703125,32500.0,0.01924225501716137,0.08765916526317596,-0.3677408695220947,32500.0,1002.4099731445312,32500.0,0.4771633446216583,-1.2562360763549805,-1.4899778366088867,32500.0,-0.8805863261222839,-9.64276885986328,-1.5530524253845217,32500.0,-0.4034229815006256,-10.899004936218262,-3.043030261993408
551,32600.0,143.29200744628906,666.2839965820312,-1280.5799560546875,32600.0,0.01924225501716137,0.08765916526317596,-0.3677408695220947,32600.0,1002.4099731445312,32600.0,2.5751194953918457,-0.4725141525268554,0.07173837721347809,32600.0,-0.4688204526901245,-9.793224334716797,-0.2082078754901886,32600.0,2.106298923492432,-10.265738487243652,-0.1364694982767105
552,32700.0,142.99000549316406,665.9299926757812,-1280.2650146484375,32700.0,0.7415903806686401,0.4202753007411957,-0.22327125072479248,32700.0,1002.4400024414064,32700.0,2.5751194953918457,-0.4725141525268554,0.07173837721347809,32700.0,-0.4688204526901245,-9.793224334716797,-0.2082078754901886,32700.0,2.106298923492432,-10.265738487243652,-0.1364694982767105
553,32800.0,142.99000549316406,665.9299926757812,-1280.6910400390625,32800.0,0.7415903806686401,0.4202753007411957,-0.22327125072479248,32800.0,1002.4400024414064,32800.0,1.961949586868286,-0.658416748046875,0.03596210479736328,32800.0,-0.6810517311096191,-9.714462280273438,1.1557518243789673,32800.0,1.280897855758667,-10.372879028320312,1.1917139291763306
554,32900.0,142.67100524902344,670.2249755859375,-1280.1400146484375,32900.0,0.7113525867462158,-0.4386012554168701,0.11270463466644287,32900.0,1002.4400024414064,32900.0,1.961949586868286,-0.658416748046875,0.03596210479736328,32900.0,-0.6810517311096191,-9.714462280273438,1.1557518243789673,32900.0,1.280897855758667,-10.372879028320312,1.1917139291763306
555,33000.0,142.2949981689453,673.5159912109375,-1279.7950439453125,33000.0,0.7113525867462158,-0.4386012554168701,0.11270463466644287,33000.0,1002.4000244140624,33000.0,0.5475935935974121,-1.8547372817993164,-2.717029571533203,33000.0,-1.1545237302780151,-8.928747177124023,3.8877942562103267,33000.0,-0.606930136680603,-10.78348445892334,1.170764684677124
556,33100.0,141.57200622558594,680.114013671875,-1279.4439697265625,33100.0,1.4822645187377932,-1.0015136003494265,0.5152648091316223,33100.0,1002.4000244140624,33100.0,0.5475935935974121,-1.8547372817993164,-2.717029571533203,33100.0,-1.1545237302780151,-8.928747177124023,3.8877942562103267,33100.0,-0.606930136680603,-10.78348445892334,1.170764684677124
557,33200.0,141.57200622558594,685.3499755859375,-1277.0150146484375,33200.0,0.9437867999076844,0.34025195240974426,1.0806206464767456,33200.0,1002.4000244140624,33200.0,3.9133729934692383,1.0498542785644531,-1.9788732528686523,33200.0,-3.113709688186645,-7.6722164154052725,5.254739761352539,33200.0,0.7996633648872375,-6.62236213684082,3.2758665084838867
558,33300.0,142.08299255371094,687.510009765625,-1274.5279541015625,33300.0,0.9437867999076844,0.34025195240974426,1.0806206464767456,33300.0,1002.4000244140624,33300.0,1.744598150253296,1.9190969467163088,-0.7227087020874023,33300.0,-3.113709688186645,-7.6722164154052725,5.254739761352539,33300.0,-1.0540473461151123,-5.8681883811950675,4.5400052070617685
559,33400.0,143.0189971923828,687.4520263671875,-1272.2989501953125,33400.0,-0.3090978264808655,-0.6960809230804443,0.21807889640331268,33400.0,1002.4099731445312,33400.0,1.744598150253296,1.9190969467163088,-0.7227087020874023,33400.0,-2.798645496368408,-7.787285327911378,5.26271390914917,33400.0,-1.0540473461151123,-5.8681883811950675,4.5400052070617685
560,33000.0,142.2949981689453,673.5159912109375,-1279.7950439453125,33000.0,0.7113525867462158,-0.4386012554168701,0.11270463466644287,33000.0,1002.4000244140624,33000.0,0.5475935935974121,-1.8547372817993164,-2.717029571533203,33000.0,-1.1545237302780151,-8.928747177124023,3.8877942562103267,33000.0,-0.606930136680603,-10.78348445892334,1.170764684677124
561,33100.0,141.57200622558594,680.114013671875,-1279.4439697265625,33100.0,1.4822645187377932,-1.0015136003494265,0.5152648091316223,33100.0,1002.4000244140624,33100.0,0.5475935935974121,-1.8547372817993164,-2.717029571533203,33100.0,-1.1545237302780151,-8.928747177124023,3.8877942562103267,33100.0,-0.606930136680603,-10.78348445892334,1.170764684677124
562,33200.0,141.57200622558594,685.3499755859375,-1277.0150146484375,33200.0,0.9437867999076844,0.34025195240974426,1.0806206464767456,33200.0,1002.4000244140624,33200.0,3.9133729934692383,1.0498542785644531,-1.9788732528686523,33200.0,-3.113709688186645,-7.6722164154052725,5.254739761352539,33200.0,0.7996633648872375,-6.62236213684082,3.2758665084838867
563,33300.0,142.08299255371094,687.510009765625,-1274.5279541015625,33300.0,0.9437867999076844,0.34025195240974426,1.0806206464767456,33300.0,1002.4000244140624,33300.0,1.744598150253296,1.9190969467163088,-0.7227087020874023,33300.0,-3.113709688186645,-7.6722164154052725,5.254739761352539,33300.0,-1.0540473461151123,-5.8681883811950675,4.5400052070617685
564,33400.0,143.0189971923828,687.4520263671875,-1272.2989501953125,33400.0,-0.3090978264808655,-0.6960809230804443,0.21807889640331268,33400.0,1002.4099731445312,33400.0,1.744598150253296,1.9190969467163088,-0.7227087020874023,33400.0,-2.798645496368408,-7.787285327911378,5.26271390914917,33400.0,-1.0540473461151123,-5.8681883811950675,4.5400052070617685
565,33500.0,143.3470001220703,686.968017578125,-1272.2349853515625,33500.0,-0.3090978264808655,-0.6960809230804443,0.21807889640331268,33500.0,1002.4099731445312,33500.0,4.316153049468993,1.2788748741149902,-0.8430781364440918,33500.0,-1.3239994049072266,-7.912609100341798,5.639861106872559,33500.0,2.992153644561768,-6.6337342262268075,4.796782970428467
566,33600.0,143.3470001220703,685.6060180664062,-1270.988037109375,33600.0,0.0705549344420433,-0.5818491578102112,-0.6472117304801941,33600.0,1002.4400024414064,33600.0,4.316153049468993,1.2788748741149902,-0.8430781364440918,33600.0,-1.3239994049072266,-7.912609100341798,5.639861106872559,33600.0,2.992153644561768,-6.6337342262268075,4.796782970428467
567,33700.0,142.97900390625,678.9959716796875,-1270.988037109375,33700.0,0.0705549344420433,-0.5818491578102112,-0.6472117304801941,33700.0,1002.4299926757812,33700.0,0.94841730594635,-0.04734230041503906,-3.3370184898376465,33700.0,0.3677951097488403,-8.732793807983397,4.446731090545653,33700.0,1.3162124156951904,-8.780136108398438,1.1097124814987185
568,33800.0,142.5780029296875,675.0670166015625,-1270.6080322265625,33800.0,-0.8732318878173828,-0.5360342264175415,-0.8274169564247131,33800.0,1002.4299926757812,33800.0,0.94841730594635,-0.04734230041503906,-3.3370184898376465,33800.0,0.3677951097488403,-8.732793807983397,4.446731090545653,33800.0,1.3162124156951904,-8.780136108398438,1.1097124814987185
569,33900.0,142.26300048828125,673.0430297851562,-1269.342041015625,33900.0,-0.8732318878173828,-0.5360342264175415,-0.8274169564247131,33900.0,1002.4400024414064,33900.0,-1.4705566167831419,-0.6049423217773438,-3.6001908779144287,33900.0,1.133572697639465,-8.965280532836914,3.8090848922729488,33900.0,-0.3369838893413544,-9.570222854614258,0.20889410376548767
570,33500.0,143.3470001220703,686.968017578125,-1272.2349853515625,33500.0,-0.3090978264808655,-0.6960809230804443,0.21807889640331268,33500.0,1002.4099731445312,33500.0,4.316153049468993,1.2788748741149902,-0.8430781364440918,33500.0,-1.3239994049072266,-7.912609100341798,5.639861106872559,33500.0,2.992153644561768,-6.6337342262268075,4.796782970428467
571,33600.0,143.3470001220703,685.6060180664062,-1270.988037109375,33600.0,0.0705549344420433,-0.5818491578102112,-0.6472117304801941,33600.0,1002.4400024414064,33600.0,4.316153049468993,1.2788748741149902,-0.8430781364440918,33600.0,-1.3239994049072266,-7.912609100341798,5.639861106872559,33600.0,2.992153644561768,-6.6337342262268075,4.796782970428467
572,33700.0,142.97900390625,678.9959716796875,-1270.988037109375,33700.0,0.0705549344420433,-0.5818491578102112,-0.6472117304801941,33700.0,1002.4299926757812,33700.0,0.94841730594635,-0.04734230041503906,-3.3370184898376465,33700.0,0.3677951097488403,-8.732793807983397,4.446731090545653,33700.0,1.3162124156951904,-8.780136108398438,1.1097124814987185
573,33800.0,142.5780029296875,675.0670166015625,-1270.6080322265625,33800.0,-0.8732318878173828,-0.5360342264175415,-0.8274169564247131,33800.0,1002.4299926757812,33800.0,0.94841730594635,-0.04734230041503906,-3.3370184898376465,33800.0,0.3677951097488403,-8.732793807983397,4.446731090545653,33800.0,1.3162124156951904,-8.780136108398438,1.1097124814987185
574,33900.0,142.26300048828125,673.0430297851562,-1269.342041015625,33900.0,-0.8732318878173828,-0.5360342264175415,-0.8274169564247131,33900.0,1002.4400024414064,33900.0,-1.4705566167831419,-0.6049423217773438,-3.6001908779144287,33900.0,1.133572697639465,-8.965280532836914,3.8090848922729488,33900.0,-0.3369838893413544,-9.570222854614258,0.20889410376548767
575,34000.0,145.1269989013672,671.5980224609375,-1266.2130126953125,34000.0,-0.41661009192466736,-0.2895501255989075,-0.38087448477745056,34000.0,1002.4400024414064,34000.0,-1.4705566167831419,-0.6049423217773438,-3.6001908779144287,34000.0,1.133572697639465,-8.965280532836914,3.8090848922729488,34000.0,-0.3369838893413544,-9.570222854614258,0.20889410376548767
576,34100.0,146.9949951171875,671.0120239257812,-1264.64794921875,34100.0,-0.6921103000640869,-0.9364564418792723,0.2025018334388733,34100.0,1002.3900146484376,34100.0,-1.3438270092010498,-0.03180503845214844,-1.6476502418518066,34100.0,1.2630226612091064,-9.38997745513916,2.5305120944976807,34100.0,-0.08080431073904037,-9.421782493591307,0.882861852645874
577,34200.0,145.41299438476562,671.0120239257812,-1266.02099609375,34200.0,-0.6921103000640869,-0.9364564418792723,0.2025018334388733,34200.0,1002.3900146484376,34200.0,-1.4456416368484497,-0.5956516265869141,-2.5005075931549072,34200.0,1.2630226612091064,-9.38997745513916,2.5305120944976807,34200.0,0.6129156351089478,-9.970054626464844,-0.487220048904419
578,34300.0,145.4040069580078,670.3289794921875,-1266.258056640625,34300.0,-0.18875735998153687,-0.9059131741523744,-0.2932153046131134,34300.0,1002.4000244140624,34300.0,-1.4456416368484497,-0.5956516265869141,-2.5005075931549072,34300.0,2.058557271957397,-9.37440299987793,2.0132875442504883,34300.0,0.6129156351089478,-9.970054626464844,-0.487220048904419
579,34400.0,142.33200073242188,669.9349975585938,-1270.748046875,34400.0,-0.18875735998153687,-0.9059131741523744,-0.2932153046131134,34400.0,1002.4000244140624,34400.0,-0.3775420188903809,-2.926563262939453,-3.492726325988768,34400.0,2.077425241470337,-9.292244911193848,2.3471009731292725,34400.0,1.699883222579956,-12.2188081741333,-1.1456254720687866
580,34000.0,145.1269989013672,671.5980224609375,-1266.2130126953125,34000.0,-0.41661009192466736,-0.2895501255989075,-0.38087448477745056,34000.0,1002.4400024414064,34000.0,-1.4705566167831419,-0.6049423217773438,-3.6001908779144287,34000.0,1.133572697639465,-8.965280532836914,3.8090848922729488,34000.0,-0.3369838893413544,-9.570222854614258,0.20889410376548767
581,34100.0,146.9949951171875,671.0120239257812,-1264.64794921875,34100.0,-0.6921103000640869,-0.9364564418792723,0.2025018334388733,34100.0,1002.3900146484376,34100.0,-1.3438270092010498,-0.03180503845214844,-1.6476502418518066,34100.0,1.2630226612091064,-9.38997745513916,2.5305120944976807,34100.0,-0.08080431073904037,-9.421782493591307,0.882861852645874
582,34200.0,145.41299438476562,671.0120239257812,-1266.02099609375,34200.0,-0.6921103000640869,-0.9364564418792723,0.2025018334388733,34200.0,1002.3900146484376,34200.0,-1.4456416368484497,-0.5956516265869141,-2.5005075931549072,34200.0,1.2630226612091064,-9.38997745513916,2.5305120944976807,34200.0,0.6129156351089478,-9.970054626464844,-0.487220048904419
583,34300.0,145.4040069580078,670.3289794921875,-1266.258056640625,34300.0,-0.18875735998153687,-0.9059131741523744,-0.2932153046131134,34300.0,1002.4000244140624,34300.0,-1.4456416368484497,-0.5956516265869141,-2.5005075931549072,34300.0,2.058557271957397,-9.37440299987793,2.0132875442504883,34300.0,0.6129156351089478,-9.970054626464844,-0.487220048904419
584,34400.0,142.33200073242188,669.9349975585938,-1270.748046875,34400.0,-0.18875735998153687,-0.9059131741523744,-0.2932153046131134,34400.0,1002.4000244140624,34400.0,-0.3775420188903809,-2.926563262939453,-3.492726325988768,34400.0,2.077425241470337,-9.292244911193848,2.3471009731292725,34400.0,1.699883222579956,-12.2188081741333,-1.1456254720687866
585,34500.0,141.5749969482422,669.5830078125,-1271.85595703125,34500.0,0.03481931984424591,0.5641340613365173,-0.1878410577774048,34500.0,1002.3900146484376,34500.0,-0.3775420188903809,-2.926563262939453,-3.492726325988768,34500.0,2.077425241470337,-9.292244911193848,2.3471009731292725,34500.0,1.699883222579956,-12.2188081741333,-1.1456254720687866
586,34600.0,142.20199584960938,669.2680053710938,-1269.2120361328125,34600.0,0.03481931984424591,0.5641340613365173,-0.1878410577774048,34600.0,1002.4500122070312,34600.0,1.6838951110839844,-2.1954212188720703,0.6063973903656006,34600.0,1.8517422676086424,-8.916666984558105,3.6379234790802,34600.0,3.535637378692627,-11.112088203430176,4.244320869445802
587,34700.0,141.36300659179688,671.780029296875,-1274.989013671875,34700.0,0.6304129362106323,0.4670064747333527,-0.04642575979232788,34700.0,1002.4500122070312,34700.0,1.6838951110839844,-2.1954212188720703,0.6063973903656006,34700.0,1.8517422676086424,-8.916666984558105,3.6379234790802,34700.0,3.535637378692627,-11.112088203430176,4.244320869445802
588,34800.0,141.01400756835938,676.8889770507812,-1274.81005859375,34800.0,0.6304129362106323,0.4670064747333527,-0.04642575979232788,34800.0,1002.3900146484376,34800.0,-3.952973604202272,-2.2775626182556152,-1.911649703979492,34800.0,1.2205908298492432,-7.691295146942139,5.960244655609131,34800.0,-2.7323827743530287,-9.968857765197754,4.048594951629639
589,34900.0,141.01400756835938,683.0679931640625,-1274.8900146484375,34900.0,1.54945969581604,-0.1869247704744339,0.4648684561252594,34900.0,1002.3900146484376,34900.0,-3.952973604202272,-2.2775626182556152,-1.911649703979492,34900.0,1.2205908298492432,-7.691295146942139,5.960244655609131,34900.0,-2.7323827743530287,-9.968857765197754,4.048594951629639
590,34500.0,141.5749969482422,669.5830078125,-1271.85595703125,34500.0,0.03481931984424591,0.5641340613365173,-0.1878410577774048,34500.0,1002.3900146484376,34500.0,-0.3775420188903809,-2.926563262939453,-3.492726325988768,34500.0,2.077425241470337,-9.292244911193848,2.3471009731292725,34500.0,1.699883222579956,-12.2188081741333,-1.1456254720687866
591,34600.0,142.20199584960938,669.2680053710938,-1269.2120361328125,34600.0,0.03481931984424591,0.5641340613365173,-0.1878410577774048,34600.0,1002.4500122070312,34600.0,1.6838951110839844,-2.1954212188720703,0.6063973903656006,34600.0,1.8517422676086424,-8.916666984558105,3.6379234790802,34600.0,3.535637378692627,-11.112088203430176,4.244320869445802
592,34700.0,141.36300659179688,671.780029296875,-1274.989013671875,34700.0,0.6304129362106323,0.4670064747333527,-0.04642575979232788,34700.0,1002.4500122070312,34700.0,1.6838951110839844,-2.1954212188720703,0.6063973903656006,34700.0,1.8517422676086424,-8.916666984558105,3.6379234790802,34700.0,3.535637378692627,-11.112088203430176,4.244320869445802
593,34800.0,141.01400756835938,676.8889770507812,-1274.81005859375,34800.0,0.6304129362106323,0.4670064747333527,-0.04642575979232788,34800.0,1002.3900146484376,34800.0,-3.952973604202272,-2.2775626182556152,-1.911649703979492,34800.0,1.2205908298492432,-7.691295146942139,5.960244655609131,34800.0,-2.7323827743530287,-9.968857765197754,4.048594951629639
594,34900.0,141.01400756835938,683.0679931640625,-1274.8900146484375,34900.0,1.54945969581604,-0.1869247704744339,0.4648684561252594,34900.0,1002.3900146484376,34900.0,-3.952973604202272,-2.2775626182556152,-1.911649703979492,34900.0,1.2205908298492432,-7.691295146942139,5.960244655609131,34900.0,-2.7323827743530287,-9.968857765197754,4.048594951629639
595,35000.0,145.83700561523438,688.5390014648438,-1272.8499755859375,35000.0,0.8665123581886292,-0.7244861721992493,1.6157386302947998,35000.0,1002.3400268554688,35000.0,-0.8858008980751038,-0.3692326545715332,-4.551106452941895,35000.0,-0.08983630686998367,-6.806788444519043,7.059032440185548,35000.0,-0.9756371974945068,-7.176021099090576,2.5079262256622314
596,35100.0,149.0030059814453,690.385009765625,-1271.2049560546875,35100.0,0.8665123581886292,-0.7244861721992493,1.6157386302947998,35100.0,1002.3400268554688,35100.0,-1.394880771636963,1.1259212493896484,-2.437783718109131,35100.0,-0.08983630686998367,-6.806788444519043,7.059032440185548,35100.0,-1.0384849309921265,-6.2189388275146475,4.050390720367432
597,35200.0,149.98699951171875,689.406982421875,-1269.751953125,35200.0,-0.4749477207660675,-0.6404922008514404,0.2241875380277633,35200.0,1002.3699951171876,35200.0,-1.394880771636963,1.1259212493896484,-2.437783718109131,35200.0,0.35639581084251404,-7.344860076904298,6.4881744384765625,35200.0,-1.0384849309921265,-6.2189388275146475,4.050390720367432
598,35300.0,149.56199645996094,689.0180053710938,-1269.0439453125,35300.0,-0.4749477207660675,-0.6404922008514404,0.2241875380277633,35300.0,1002.3699951171876,35300.0,-3.004836082458496,-3.599242210388184,-0.8755049705505371,35300.0,0.9374430775642396,-8.393912315368652,4.983356475830078,35300.0,-2.0673930644989014,-11.993154525756836,4.107851505279541
599,35400.0,149.56199645996094,687.4769897460938,-1269.3740234375,35400.0,-1.0717630386352541,-0.25014930963516235,-0.2929098904132843,35400.0,1002.3900146484376,35400.0,-3.004836082458496,-3.599242210388184,-0.8755049705505371,35400.0,0.9374430775642396,-8.393912315368652,4.983356475830078,35400.0,-2.0673930644989014,-11.993154525756836,4.107851505279541
600,35000.0,145.83700561523438,688.5390014648438,-1272.8499755859375,35000.0,0.8665123581886292,-0.7244861721992493,1.6157386302947998,35000.0,1002.3400268554688,35000.0,-0.8858008980751038,-0.3692326545715332,-4.551106452941895,35000.0,-0.08983630686998367,-6.806788444519043,7.059032440185548,35000.0,-0.9756371974945068,-7.176021099090576,2.5079262256622314
601,35100.0,149.0030059814453,690.385009765625,-1271.2049560546875,35100.0,0.8665123581886292,-0.7244861721992493,1.6157386302947998,35100.0,1002.3400268554688,35100.0,-1.394880771636963,1.1259212493896484,-2.437783718109131,35100.0,-0.08983630686998367,-6.806788444519043,7.059032440185548,35100.0,-1.0384849309921265,-6.2189388275146475,4.050390720367432
602,35200.0,149.98699951171875,689.406982421875,-1269.751953125,35200.0,-0.4749477207660675,-0.6404922008514404,0.2241875380277633,35200.0,1002.3699951171876,35200.0,-1.394880771636963,1.1259212493896484,-2.437783718109131,35200.0,0.35639581084251404,-7.344860076904298,6.4881744384765625,35200.0,-1.0384849309921265,-6.2189388275146475,4.050390720367432
603,35300.0,149.56199645996094,689.0180053710938,-1269.0439453125,35300.0,-0.4749477207660675,-0.6404922008514404,0.2241875380277633,35300.0,1002.3699951171876,35300.0,-3.004836082458496,-3.599242210388184,-0.8755049705505371,35300.0,0.9374430775642396,-8.393912315368652,4.983356475830078,35300.0,-2.0673930644989014,-11.993154525756836,4.107851505279541
604,35400.0,149.56199645996094,687.4769897460938,-1269.3740234375,35400.0,-1.0717630386352541,-0.25014930963516235,-0.2929098904132843,35400.0,1002.3900146484376,35400.0,-3.004836082458496,-3.599242210388184,-0.8755049705505371,35400.0,0.9374430775642396,-8.393912315368652,4.983356475830078,35400.0,-2.0673930644989014,-11.993154525756836,4.107851505279541
605,35500.0,149.56199645996094,681.7969970703125,-1268.614990234375,35500.0,-1.0717630386352541,-0.25014930963516235,-0.2929098904132843,35500.0,1002.4500122070312,35500.0,-0.971665620803833,0.03767108917236328,-2.8855843544006348,35500.0,2.186722993850708,-8.572999954223633,4.229928493499757,35500.0,1.215057373046875,-8.53532886505127,1.3443442583084106
606,35600.0,149.56199645996094,678.5230102539062,-1268.282958984375,35600.0,-0.5748242139816284,0.2312124967575073,-0.9825767278671264,35600.0,1002.4500122070312,35600.0,-0.971665620803833,0.03767108917236328,-2.8855843544006348,35600.0,2.186722993850708,-8.572999954223633,4.229928493499757,35600.0,1.215057373046875,-8.53532886505127,1.3443442583084106
607,35700.0,150.28900146484375,676.5969848632812,-1267.178955078125,35700.0,-0.5748242139816284,0.2312124967575073,-0.9825767278671264,35700.0,1002.3300170898438,35700.0,-2.6913511753082275,-0.4854202270507813,-2.484604358673096,35700.0,2.79609751701355,-8.826827049255371,3.23099684715271,35700.0,0.10474632680416107,-9.312247276306152,0.7463923692703247
608,35800.0,152.92599487304688,674.3829956054688,-1265.321044921875,35800.0,-0.5574145317077637,-0.4050036668777466,-0.2773328125476837,35800.0,1002.3300170898438,35800.0,-2.6913511753082275,-0.4854202270507813,-2.484604358673096,35800.0,2.79609751701355,-8.826827049255371,3.23099684715271,35800.0,0.10474632680416107,-9.312247276306152,0.7463923692703247
609,35900.0,153.3990020751953,673.4929809570312,-1265.321044921875,35900.0,-0.5714644193649292,-0.8463537693023682,-0.008552113547921179,35900.0,1002.2899780273438,35900.0,-2.7245802879333496,-0.787933349609375,-1.3498475551605225,35900.0,3.0956814289093018,-9.109696388244627,1.8975211381912231,35900.0,0.3711012601852417,-9.897629737854004,0.5476736426353455
610,35500.0,149.56199645996094,681.7969970703125,-1268.614990234375,35500.0,-1.0717630386352541,-0.25014930963516235,-0.2929098904132843,35500.0,1002.4500122070312,35500.0,-0.971665620803833,0.03767108917236328,-2.8855843544006348,35500.0,2.186722993850708,-8.572999954223633,4.229928493499757,35500.0,1.215057373046875,-8.53532886505127,1.3443442583084106
611,35600.0,149.56199645996094,678.5230102539062,-1268.282958984375,35600.0,-0.5748242139816284,0.2312124967575073,-0.9825767278671264,35600.0,1002.4500122070312,35600.0,-0.971665620803833,0.03767108917236328,-2.8855843544006348,35600.0,2.186722993850708,-8.572999954223633,4.229928493499757,35600.0,1.215057373046875,-8.53532886505127,1.3443442583084106
612,35700.0,150.28900146484375,676.5969848632812,-1267.178955078125,35700.0,-0.5748242139816284,0.2312124967575073,-0.9825767278671264,35700.0,1002.3300170898438,35700.0,-2.6913511753082275,-0.4854202270507813,-2.484604358673096,35700.0,2.79609751701355,-8.826827049255371,3.23099684715271,35700.0,0.10474632680416107,-9.312247276306152,0.7463923692703247
613,35800.0,152.92599487304688,674.3829956054688,-1265.321044921875,35800.0,-0.5574145317077637,-0.4050036668777466,-0.2773328125476837,35800.0,1002.3300170898438,35800.0,-2.6913511753082275,-0.4854202270507813,-2.484604358673096,35800.0,2.79609751701355,-8.826827049255371,3.23099684715271,35800.0,0.10474632680416107,-9.312247276306152,0.7463923692703247
614,35900.0,153.3990020751953,673.4929809570312,-1265.321044921875,35900.0,-0.5714644193649292,-0.8463537693023682,-0.008552113547921179,35900.0,1002.2899780273438,35900.0,-2.7245802879333496,-0.787933349609375,-1.3498475551605225,35900.0,3.0956814289093018,-9.109696388244627,1.8975211381912231,35900.0,0.3711012601852417,-9.897629737854004,0.5476736426353455
615,36000.0,153.08599853515625,673.4929809570312,-1264.9449462890625,36000.0,-0.5714644193649292,-0.8463537693023682,-0.008552113547921179,36000.0,1002.2899780273438,36000.0,-2.6577472686767583,-0.416250228881836,-1.8295546770095823,36000.0,3.0956814289093018,-9.109696388244627,1.8975211381912231,36000.0,0.3926490843296051,-9.638457298278807,-0.4818331003189087
616,36100.0,153.08599853515625,673.0330200195312,-1264.9449462890625,36100.0,-0.3005456924438477,-0.1921171247959137,-0.0064140851609408855,36100.0,1002.3300170898438,36100.0,-2.6577472686767583,-0.416250228881836,-1.8295546770095823,36100.0,3.05039644241333,-9.222207069396973,1.3477215766906738,36100.0,0.3926490843296051,-9.638457298278807,-0.4818331003189087
617,36200.0,151.63800048828125,672.6220092773438,-1267.5810546875,36200.0,-0.3005456924438477,-0.1921171247959137,-0.0064140851609408855,36200.0,1002.3300170898438,36200.0,-3.2285373210906982,-1.393474578857422,-2.3390028476715092,36200.0,3.283005475997925,-9.088340759277344,1.671619176864624,36200.0,0.05446808785200119,-10.481815338134766,-0.6673837304115295
618,36300.0,149.58599853515625,672.27099609375,-1270.802978515625,36300.0,0.008857546374201775,0.4709770977497101,-0.29596421122550964,36300.0,1002.3300170898438,36300.0,-3.2285373210906982,-1.393474578857422,-2.3390028476715092,36300.0,3.283005475997925,-9.088340759277344,1.671619176864624,36300.0,0.05446808785200119,-10.481815338134766,-0.6673837304115295
619,36400.0,150.0279998779297,671.8909912109375,-1271.322021484375,36400.0,0.008857546374201775,0.4709770977497101,-0.29596421122550964,36400.0,1002.4199829101564,36400.0,-3.3561389446258545,-3.477391242980957,-3.3770449161529537,36400.0,3.4686663150787367,-8.481047630310059,3.4943606853485107,36400.0,0.1125274822115898,-11.958438873291016,0.1173158809542656
620,36000.0,153.08599853515625,673.4929809570312,-1264.9449462890625,36000.0,-0.5714644193649292,-0.8463537693023682,-0.008552113547921179,36000.0,1002.2899780273438,36000.0,-2.6577472686767583,-0.416250228881836,-1.8295546770095823,36000.0,3.0956814289093018,-9.109696388244627,1.8975211381912231,36000.0,0.3926490843296051,-9.638457298278807,-0.4818331003189087
621,36100.0,153.08599853515625,673.0330200195312,-1264.9449462890625,36100.0,-0.3005456924438477,-0.1921171247959137,-0.0064140851609408855,36100.0,1002.3300170898438,36100.0,-2.6577472686767583,-0.416250228881836,-1.8295546770095823,36100.0,3.05039644241333,-9.222207069396973,1.3477215766906738,36100.0,0.3926490843296051,-9.638457298278807,-0.4818331003189087
622,36200.0,151.63800048828125,672.6220092773438,-1267.5810546875,36200.0,-0.3005456924438477,-0.1921171247959137,-0.0064140851609408855,36200.0,1002.3300170898438,36200.0,-3.2285373210906982,-1.393474578857422,-2.3390028476715092,36200.0,3.283005475997925,-9.088340759277344,1.671619176864624,36200.0,0.05446808785200119,-10.481815338134766,-0.6673837304115295
623,36300.0,149.58599853515625,672.27099609375,-1270.802978515625,36300.0,0.008857546374201775,0.4709770977497101,-0.29596421122550964,36300.0,1002.3300170898438,36300.0,-3.2285373210906982,-1.393474578857422,-2.3390028476715092,36300.0,3.283005475997925,-9.088340759277344,1.671619176864624,36300.0,0.05446808785200119,-10.481815338134766,-0.6673837304115295
624,36400.0,150.0279998779297,671.8909912109375,-1271.322021484375,36400.0,0.008857546374201775,0.4709770977497101,-0.29596421122550964,36400.0,1002.4199829101564,36400.0,-3.3561389446258545,-3.477391242980957,-3.3770449161529537,36400.0,3.4686663150787367,-8.481047630310059,3.4943606853485107,36400.0,0.1125274822115898,-11.958438873291016,0.1173158809542656
625,36500.0,150.0279998779297,671.5859985351562,-1270.487060546875,36500.0,0.7617489695549011,1.0115928649902344,-0.5070181488990784,36500.0,1002.4199829101564,36500.0,-3.3561389446258545,-3.477391242980957,-3.3770449161529537,36500.0,3.4686663150787367,-8.481047630310059,3.4943606853485107,36500.0,0.1125274822115898,-11.958438873291016,0.1173158809542656
626,36600.0,150.5590057373047,671.5859985351562,-1271.1390380859375,36600.0,0.7617489695549011,1.0115928649902344,-0.5070181488990784,36600.0,1002.3800048828124,36600.0,-3.340162992477417,-3.1862964630126966,-5.8782830238342285,36600.0,2.6512315273284908,-6.9537458419799805,6.3864521980285645,36600.0,-0.6889315247535706,-10.140042304992676,0.5081692934036255
627,36700.0,150.8939971923828,673.2069702148438,-1271.1390380859375,36700.0,1.8869627714157104,0.4193589985370636,0.21838432550430287,36700.0,1002.3800048828124,36700.0,-3.340162992477417,-3.1862964630126966,-5.8782830238342285,36700.0,2.6512315273284908,-6.9537458419799805,6.3864521980285645,36700.0,-0.6889315247535706,-10.140042304992676,0.5081692934036255
628,36800.0,152.07200622558594,678.1339721679688,-1270.8060302734375,36800.0,0.5784893631935121,1.660637140274048,1.1346821784973145,36800.0,1002.3699951171876,36800.0,2.965998649597168,-2.5205330848693848,-5.849643707275393,36800.0,-0.8710720539093018,-6.405050754547119,7.3747501373291025,36800.0,2.0949265956878658,-8.925583839416504,1.525106430053711
629,36900.0,154.38600158691406,681.9639892578125,-1268.7249755859375,36900.0,0.5784893631935121,1.660637140274048,1.1346821784973145,36900.0,1002.3699951171876,36900.0,2.0525476932525635,-1.0390658378601074,-4.452893257141113,36900.0,-0.8710720539093018,-6.405050754547119,7.3747501373291025,36900.0,-0.14185644686222074,-6.164470672607423,3.614645957946777
630,36500.0,150.0279998779297,671.5859985351562,-1270.487060546875,36500.0,0.7617489695549011,1.0115928649902344,-0.5070181488990784,36500.0,1002.4199829101564,36500.0,-3.3561389446258545,-3.477391242980957,-3.3770449161529537,36500.0,3.4686663150787367,-8.481047630310059,3.4943606853485107,36500.0,0.1125274822115898,-11.958438873291016,0.1173158809542656
631,36600.0,150.5590057373047,671.5859985351562,-1271.1390380859375,36600.0,0.7617489695549011,1.0115928649902344,-0.5070181488990784,36600.0,1002.3800048828124,36600.0,-3.340162992477417,-3.1862964630126966,-5.8782830238342285,36600.0,2.6512315273284908,-6.9537458419799805,6.3864521980285645,36600.0,-0.6889315247535706,-10.140042304992676,0.5081692934036255
632,36700.0,150.8939971923828,673.2069702148438,-1271.1390380859375,36700.0,1.8869627714157104,0.4193589985370636,0.21838432550430287,36700.0,1002.3800048828124,36700.0,-3.340162992477417,-3.1862964630126966,-5.8782830238342285,36700.0,2.6512315273284908,-6.9537458419799805,6.3864521980285645,36700.0,-0.6889315247535706,-10.140042304992676,0.5081692934036255
633,36800.0,152.07200622558594,678.1339721679688,-1270.8060302734375,36800.0,0.5784893631935121,1.660637140274048,1.1346821784973145,36800.0,1002.3699951171876,36800.0,2.965998649597168,-2.5205330848693848,-5.849643707275393,36800.0,-0.8710720539093018,-6.405050754547119,7.3747501373291025,36800.0,2.0949265956878658,-8.925583839416504,1.525106430053711
634,36900.0,154.38600158691406,681.9639892578125,-1268.7249755859375,36900.0,0.5784893631935121,1.660637140274048,1.1346821784973145,36900.0,1002.3699951171876,36900.0,2.0525476932525635,-1.0390658378601074,-4.452893257141113,36900.0,-0.8710720539093018,-6.405050754547119,7.3747501373291025,36900.0,-0.14185644686222074,-6.164470672607423,3.614645957946777
635,37000.0,158.7989959716797,684.9450073242188,-1265.8819580078125,37000.0,0.71318519115448,0.26542094349861145,0.8851437568664551,37000.0,1002.3499755859376,37000.0,2.0525476932525635,-1.0390658378601074,-4.452893257141113,37000.0,-2.194404125213623,-5.1254048347473145,8.067539215087889,37000.0,-0.14185644686222074,-6.164470672607423,3.614645957946777
636,37100.0,160.7100067138672,684.9450073242188,-1265.06298828125,37100.0,0.71318519115448,0.26542094349861145,0.8851437568664551,37100.0,1002.3499755859376,37100.0,-1.156656265258789,-0.13048362731933594,-3.7483806610107417,37100.0,-0.963409423828125,-5.549161434173584,8.028016090393066,37100.0,-2.120065689086914,-5.67964506149292,4.279635429382323
637,37200.0,161.01600646972656,683.7550048828125,-1265.3709716796875,37200.0,-0.3475823104381561,-0.9355401396751404,0.09346238523721696,37200.0,1002.2999877929688,37200.0,-1.156656265258789,-0.13048362731933594,-3.7483806610107417,37200.0,-0.963409423828125,-5.549161434173584,8.028016090393066,37200.0,-2.120065689086914,-5.67964506149292,4.279635429382323
638,37300.0,161.01600646972656,682.4819946289062,-1264.6910400390625,37300.0,-0.3475823104381561,-0.9355401396751404,0.09346238523721696,37300.0,1002.3200073242188,37300.0,0.6696330904960632,-3.065465450286865,-2.0845613479614262,37300.0,0.639995276927948,-5.882264614105225,7.820469856262207,37300.0,1.3096283674240112,-8.94773006439209,5.735908508300781
639,37400.0,161.01600646972656,675.5139770507812,-1264.6910400390625,37400.0,-0.2440406680107117,-0.5180137157440186,-0.8689557909965515,37400.0,1002.3200073242188,37400.0,0.6696330904960632,-3.065465450286865,-2.0845613479614262,37400.0,0.639995276927948,-5.882264614105225,7.820469856262207,37400.0,1.3096283674240112,-8.94773006439209,5.735908508300781
640,37000.0,158.7989959716797,684.9450073242188,-1265.8819580078125,37000.0,0.71318519115448,0.26542094349861145,0.8851437568664551,37000.0,1002.3499755859376,37000.0,2.0525476932525635,-1.0390658378601074,-4.452893257141113,37000.0,-2.194404125213623,-5.1254048347473145,8.067539215087889,37000.0,-0.14185644686222074,-6.164470672607423,3.614645957946777
641,37100.0,160.7100067138672,684.9450073242188,-1265.06298828125,37100.0,0.71318519115448,0.26542094349861145,0.8851437568664551,37100.0,1002.3499755859376,37100.0,-1.156656265258789,-0.13048362731933594,-3.7483806610107417,37100.0,-0.963409423828125,-5.549161434173584,8.028016090393066,37100.0,-2.120065689086914,-5.67964506149292,4.279635429382323
642,37200.0,161.01600646972656,683.7550048828125,-1265.3709716796875,37200.0,-0.3475823104381561,-0.9355401396751404,0.09346238523721696,37200.0,1002.2999877929688,37200.0,-1.156656265258789,-0.13048362731933594,-3.7483806610107417,37200.0,-0.963409423828125,-5.549161434173584,8.028016090393066,37200.0,-2.120065689086914,-5.67964506149292,4.279635429382323
643,37300.0,161.01600646972656,682.4819946289062,-1264.6910400390625,37300.0,-0.3475823104381561,-0.9355401396751404,0.09346238523721696,37300.0,1002.3200073242188,37300.0,0.6696330904960632,-3.065465450286865,-2.0845613479614262,37300.0,0.639995276927948,-5.882264614105225,7.820469856262207,37300.0,1.3096283674240112,-8.94773006439209,5.735908508300781
644,37400.0,161.01600646972656,675.5139770507812,-1264.6910400390625,37400.0,-0.2440406680107117,-0.5180137157440186,-0.8689557909965515,37400.0,1002.3200073242188,37400.0,0.6696330904960632,-3.065465450286865,-2.0845613479614262,37400.0,0.639995276927948,-5.882264614105225,7.820469856262207,37400.0,1.3096283674240112,-8.94773006439209,5.735908508300781
645,37500.0,161.01600646972656,671.9609985351562,-1264.6910400390625,37500.0,-0.2440406680107117,-0.5180137157440186,-0.8689557909965515,37500.0,1002.3499755859376,37500.0,-0.06894898414611816,-2.5604491233825684,-6.566288948059082,37500.0,2.3159072399139404,-6.378303050994872,7.079844951629639,37500.0,2.2469582557678223,-8.938752174377441,0.5135562419891357
646,37600.0,161.01600646972656,669.9609985351562,-1265.0899658203125,37600.0,-0.5876523852348328,-0.4434881806373596,-1.0418306589126587,37600.0,1002.3499755859376,37600.0,-0.06894898414611816,-2.5604491233825684,-6.566288948059082,37600.0,2.3159072399139404,-6.378303050994872,7.079844951629639,37600.0,2.2469582557678223,-8.938752174377441,0.5135562419891357
647,37700.0,161.01600646972656,667.541015625,-1265.4310302734375,37700.0,-0.5931501388549805,-0.030848694965243336,-0.2486221492290497,37700.0,1002.3300170898438,37700.0,-2.859792232513428,-1.7827715873718262,-6.26056718826294,37700.0,2.570093870162964,-7.009933948516848,6.358130931854247,37700.0,-0.28969839215278625,-8.792705535888674,0.0975637212395668
648,37800.0,161.35800170898438,665.8489990234375,-1265.8260498046875,37800.0,-0.5931501388549805,-0.030848694965243336,-0.2486221492290497,37800.0,1002.3300170898438,37800.0,-2.859792232513428,-1.7827715873718262,-6.26056718826294,37800.0,2.570093870162964,-7.009933948516848,6.358130931854247,37800.0,-0.28969839215278625,-8.792705535888674,0.0975637212395668
649,37900.0,161.73199462890625,665.010986328125,-1266.553955078125,37900.0,-0.6982190012931824,0.32162055373191833,0.1408044397830963,37900.0,1002.2899780273438,37900.0,-2.3423914909362797,-1.7791080474853516,-5.6928749084472665,37900.0,1.9269975423812864,-7.8521671295166025,5.549821376800537,37900.0,-0.4153940081596375,-9.631275177001953,-0.1430535465478897
650,37500.0,161.01600646972656,671.9609985351562,-1264.6910400390625,37500.0,-0.2440406680107117,-0.5180137157440186,-0.8689557909965515,37500.0,1002.3499755859376,37500.0,-0.06894898414611816,-2.5604491233825684,-6.566288948059082,37500.0,2.3159072399139404,-6.378303050994872,7.079844951629639,37500.0,2.2469582557678223,-8.938752174377441,0.5135562419891357
651,37600.0,161.01600646972656,669.9609985351562,-1265.0899658203125,37600.0,-0.5876523852348328,-0.4434881806373596,-1.0418306589126587,37600.0,1002.3499755859376,37600.0,-0.06894898414611816,-2.5604491233825684,-6.566288948059082,37600.0,2.3159072399139404,-6.378303050994872,7.079844951629639,37600.0,2.2469582557678223,-8.938752174377441,0.5135562419891357
652,37700.0,161.01600646972656,667.541015625,-1265.4310302734375,37700.0,-0.5931501388549805,-0.030848694965243336,-0.2486221492290497,37700.0,1002.3300170898438,37700.0,-2.859792232513428,-1.7827715873718262,-6.26056718826294,37700.0,2.570093870162964,-7.009933948516848,6.358130931854247,37700.0,-0.28969839215278625,-8.792705535888674,0.0975637212395668
653,37800.0,161.35800170898438,665.8489990234375,-1265.8260498046875,37800.0,-0.5931501388549805,-0.030848694965243336,-0.2486221492290497,37800.0,1002.3300170898438,37800.0,-2.859792232513428,-1.7827715873718262,-6.26056718826294,37800.0,2.570093870162964,-7.009933948516848,6.358130931854247,37800.0,-0.28969839215278625,-8.792705535888674,0.0975637212395668
654,37900.0,161.73199462890625,665.010986328125,-1266.553955078125,37900.0,-0.6982190012931824,0.32162055373191833,0.1408044397830963,37900.0,1002.2899780273438,37900.0,-2.3423914909362797,-1.7791080474853516,-5.6928749084472665,37900.0,1.9269975423812864,-7.8521671295166025,5.549821376800537,37900.0,-0.4153940081596375,-9.631275177001953,-0.1430535465478897
655,38000.0,161.3459930419922,664.030029296875,-1267.5040283203125,38000.0,-0.6982190012931824,0.32162055373191833,0.1408044397830963,38000.0,1002.2899780273438,38000.0,-2.220379590988159,-1.66493558883667,-6.065929889678955,38000.0,2.344279527664185,-7.950178623199463,5.2411274909973145,38000.0,0.1238999366760254,-9.615114212036133,-0.8248024582862854
656,38100.0,160.0500030517578,663.0180053710938,-1269.6669921875,38100.0,-0.17104226350784302,-0.2122756689786911,-0.22021691501140594,38100.0,1002.3200073242188,38100.0,-2.220379590988159,-1.66493558883667,-6.065929889678955,38100.0,2.344279527664185,-7.950178623199463,5.2411274909973145,38100.0,0.1238999366760254,-9.615114212036133,-0.8248024582862854
657,38200.0,159.01400756835938,662.6599731445312,-1270.2559814453125,38200.0,-0.17104226350784302,-0.2122756689786911,-0.22021691501140594,38200.0,1002.260009765625,38200.0,-0.298703670501709,-4.1846208572387695,-7.762032508850098,38200.0,2.003375291824341,-7.5451717376708975,5.935256481170652,38200.0,1.7046716213226318,-11.729792594909668,-1.8267759084701536
658,38300.0,158.64700317382812,661.6220092773438,-1270.6190185546875,38300.0,0.34147366881370544,0.5485569834709167,-0.2318233549594879,38300.0,1002.260009765625,38300.0,-0.298703670501709,-4.1846208572387695,-7.762032508850098,38300.0,2.003375291824341,-7.5451717376708975,5.935256481170652,38300.0,1.7046716213226318,-11.729792594909668,-1.8267759084701536
659,38400.0,158.64700317382812,660.9920043945312,-1270.6190185546875,38400.0,0.34147366881370544,0.5485569834709167,-0.2318233549594879,38400.0,1002.2899780273438,38400.0,-0.5394172668457031,-3.3328185081481934,-7.395288944244385,38400.0,1.249298095703125,-6.5462565422058105,7.194176197052003,38400.0,0.7098808288574219,-9.879075050354004,-0.2011129409074784
660,38000.0,161.3459930419922,664.030029296875,-1267.5040283203125,38000.0,-0.6982190012931824,0.32162055373191833,0.1408044397830963,38000.0,1002.2899780273438,38000.0,-2.220379590988159,-1.66493558883667,-6.065929889678955,38000.0,2.344279527664185,-7.950178623199463,5.2411274909973145,38000.0,0.1238999366760254,-9.615114212036133,-0.8248024582862854
661,38100.0,160.0500030517578,663.0180053710938,-1269.6669921875,38100.0,-0.17104226350784302,-0.2122756689786911,-0.22021691501140594,38100.0,1002.3200073242188,38100.0,-2.220379590988159,-1.66493558883667,-6.065929889678955,38100.0,2.344279527664185,-7.950178623199463,5.2411274909973145,38100.0,0.1238999366760254,-9.615114212036133,-0.8248024582862854
662,38200.0,159.01400756835938,662.6599731445312,-1270.2559814453125,38200.0,-0.17104226350784302,-0.2122756689786911,-0.22021691501140594,38200.0,1002.260009765625,38200.0,-0.298703670501709,-4.1846208572387695,-7.762032508850098,38200.0,2.003375291824341,-7.5451717376708975,5.935256481170652,38200.0,1.7046716213226318,-11.729792594909668,-1.8267759084701536
663,38300.0,158.64700317382812,661.6220092773438,-1270.6190185546875,38300.0,0.34147366881370544,0.5485569834709167,-0.2318233549594879,38300.0,1002.260009765625,38300.0,-0.298703670501709,-4.1846208572387695,-7.762032508850098,38300.0,2.003375291824341,-7.5451717376708975,5.935256481170652,38300.0,1.7046716213226318,-11.729792594909668,-1.8267759084701536
664,38400.0,158.64700317382812,660.9920043945312,-1270.6190185546875,38400.0,0.34147366881370544,0.5485569834709167,-0.2318233549594879,38400.0,1002.2899780273438,38400.0,-0.5394172668457031,-3.3328185081481934,-7.395288944244385,38400.0,1.249298095703125,-6.5462565422058105,7.194176197052003,38400.0,0.7098808288574219,-9.879075050354004,-0.2011129409074784
665,38500.0,158.31399536132812,660.9920043945312,-1268.156982421875,38500.0,0.8194757103919983,0.6798930168151855,-0.12217304855585095,38500.0,1002.2899780273438,38500.0,-0.5394172668457031,-3.3328185081481934,-7.395288944244385,38500.0,1.249298095703125,-6.5462565422058105,7.194176197052003,38500.0,0.7098808288574219,-9.879075050354004,-0.2011129409074784
666,38600.0,157.48199462890625,666.8209838867188,-1263.9859619140625,38600.0,0.8194757103919983,0.6798930168151855,-0.12217304855585095,38600.0,1002.3099975585938,38600.0,-4.858057498931885,-5.866474628448486,1.5053014755249023,38600.0,1.5438839197158811,-5.94591760635376,7.6441402435302725,38600.0,-3.314173698425293,-11.812392234802244,9.149441719055176
667,38700.0,157.12100219726562,674.3889770507812,-1260.458984375,38700.0,0.5229006409645081,-0.5448917746543884,0.2587014436721802,38700.0,1002.3099975585938,38700.0,-4.858057498931885,-5.866474628448486,1.5053014755249023,38700.0,1.5438839197158811,-5.94591760635376,7.6441402435302725,38700.0,-3.314173698425293,-11.812392234802244,9.149441719055176
668,38800.0,158.7030029296875,681.301025390625,-1258.157958984375,38800.0,1.1850786209106443,-1.513113260269165,1.7201964855194092,38800.0,1002.25,38800.0,-2.089522123336792,-3.102532863616944,-6.437238693237305,38800.0,1.9668192863464355,-4.795340061187744,8.325066566467285,38800.0,-0.12270283699035645,-7.897872924804687,1.88782799243927
669,38900.0,161.73500061035156,683.5050048828125,-1258.1290283203125,38900.0,1.1850786209106443,-1.513113260269165,1.7201964855194092,38900.0,1002.25,38900.0,-3.6760077476501465,0.34091901779174805,-3.264684200286865,38900.0,3.4300036430358887,-4.935391902923584,7.749023914337157,38900.0,-0.24600422382354736,-4.594472885131836,4.484339714050293
670,38500.0,158.31399536132812,660.9920043945312,-1268.156982421875,38500.0,0.8194757103919983,0.6798930168151855,-0.12217304855585095,38500.0,1002.2899780273438,38500.0,-0.5394172668457031,-3.3328185081481934,-7.395288944244385,38500.0,1.249298095703125,-6.5462565422058105,7.194176197052003,38500.0,0.7098808288574219,-9.879075050354004,-0.2011129409074784
671,38600.0,157.48199462890625,666.8209838867188,-1263.9859619140625,38600.0,0.8194757103919983,0.6798930168151855,-0.12217304855585095,38600.0,1002.3099975585938,38600.0,-4.858057498931885,-5.866474628448486,1.5053014755249023,38600.0,1.5438839197158811,-5.94591760635376,7.6441402435302725,38600.0,-3.314173698425293,-11.812392234802244,9.149441719055176
672,38700.0,157.12100219726562,674.3889770507812,-1260.458984375,38700.0,0.5229006409645081,-0.5448917746543884,0.2587014436721802,38700.0,1002.3099975585938,38700.0,-4.858057498931885,-5.866474628448486,1.5053014755249023,38700.0,1.5438839197158811,-5.94591760635376,7.6441402435302725,38700.0,-3.314173698425293,-11.812392234802244,9.149441719055176
673,38800.0,158.7030029296875,681.301025390625,-1258.157958984375,38800.0,1.1850786209106443,-1.513113260269165,1.7201964855194092,38800.0,1002.25,38800.0,-2.089522123336792,-3.102532863616944,-6.437238693237305,38800.0,1.9668192863464355,-4.795340061187744,8.325066566467285,38800.0,-0.12270283699035645,-7.897872924804687,1.88782799243927
674,38900.0,161.73500061035156,683.5050048828125,-1258.1290283203125,38900.0,1.1850786209106443,-1.513113260269165,1.7201964855194092,38900.0,1002.25,38900.0,-3.6760077476501465,0.34091901779174805,-3.264684200286865,38900.0,3.4300036430358887,-4.935391902923584,7.749023914337157,38900.0,-0.24600422382354736,-4.594472885131836,4.484339714050293
675,39000.0,162.7570037841797,681.35498046875,-1258.3699951171875,39000.0,-0.0806342139840126,-1.0989465713500977,0.06841690838336945,39000.0,1002.2899780273438,39000.0,-3.6760077476501465,0.34091901779174805,-3.264684200286865,39000.0,3.4300036430358887,-4.935391902923584,7.749023914337157,39000.0,-0.24600422382354736,-4.594472885131836,4.484339714050293
676,39100.0,162.04800415039062,679.0050048828125,-1257.9539794921875,39100.0,-0.0806342139840126,-1.0989465713500977,0.06841690838336945,39100.0,1002.3300170898438,39100.0,-2.0471467971801762,-3.2684645652771,-1.9375972747802728,39100.0,4.7041120529174805,-5.266266345977783,6.805009365081787,39100.0,2.6569652557373047,-8.534730911254883,4.867412090301514
677,39200.0,162.04800415039062,672.208984375,-1257.9539794921875,39200.0,-0.5180137157440186,-0.6411030888557434,-0.5088507533073425,39200.0,1002.3300170898438,39200.0,-2.0471467971801762,-3.2684645652771,-1.9375972747802728,39200.0,4.7041120529174805,-5.266266345977783,6.805009365081787,39200.0,2.6569652557373047,-8.534730911254883,4.867412090301514
678,39300.0,162.04800415039062,668.6270141601562,-1257.9539794921875,39300.0,-0.5180137157440186,-0.6411030888557434,-0.5088507533073425,39300.0,1002.3099975585938,39300.0,-3.57612419128418,-4.622999668121338,-5.7255496978759775,39300.0,5.85899543762207,-4.679072856903076,6.32050895690918,39300.0,2.28287124633789,-9.302072525024414,0.5949591398239136
679,39400.0,161.71400451660156,665.9849853515625,-1257.9539794921875,39400.0,-0.5326744914054871,-0.011911871843039993,-1.331380844116211,39400.0,1002.3099975585938,39400.0,-3.57612419128418,-4.622999668121338,-5.7255496978759775,39400.0,5.85899543762207,-4.679072856903076,6.32050895690918,39400.0,2.28287124633789,-9.302072525024414,0.5949591398239136
680,39000.0,162.7570037841797,681.35498046875,-1258.3699951171875,39000.0,-0.0806342139840126,-1.0989465713500977,0.06841690838336945,39000.0,1002.2899780273438,39000.0,-3.6760077476501465,0.34091901779174805,-3.264684200286865,39000.0,3.4300036430358887,-4.935391902923584,7.749023914337157,39000.0,-0.24600422382354736,-4.594472885131836,4.484339714050293
681,39100.0,162.04800415039062,679.0050048828125,-1257.9539794921875,39100.0,-0.0806342139840126,-1.0989465713500977,0.06841690838336945,39100.0,1002.3300170898438,39100.0,-2.0471467971801762,-3.2684645652771,-1.9375972747802728,39100.0,4.7041120529174805,-5.266266345977783,6.805009365081787,39100.0,2.6569652557373047,-8.534730911254883,4.867412090301514
682,39200.0,162.04800415039062,672.208984375,-1257.9539794921875,39200.0,-0.5180137157440186,-0.6411030888557434,-0.5088507533073425,39200.0,1002.3300170898438,39200.0,-2.0471467971801762,-3.2684645652771,-1.9375972747802728,39200.0,4.7041120529174805,-5.266266345977783,6.805009365081787,39200.0,2.6569652557373047,-8.534730911254883,4.867412090301514
683,39300.0,162.04800415039062,668.6270141601562,-1257.9539794921875,39300.0,-0.5180137157440186,-0.6411030888557434,-0.5088507533073425,39300.0,1002.3099975585938,39300.0,-3.57612419128418,-4.622999668121338,-5.7255496978759775,39300.0,5.85899543762207,-4.679072856903076,6.32050895690918,39300.0,2.28287124633789,-9.302072525024414,0.5949591398239136
684,39400.0,161.71400451660156,665.9849853515625,-1257.9539794921875,39400.0,-0.5326744914054871,-0.011911871843039993,-1.331380844116211,39400.0,1002.3099975585938,39400.0,-3.57612419128418,-4.622999668121338,-5.7255496978759775,39400.0,5.85899543762207,-4.679072856903076,6.32050895690918,39400.0,2.28287124633789,-9.302072525024414,0.5949591398239136
685,39500.0,161.71400451660156,663.3280029296875,-1258.7139892578125,39500.0,-0.5745187401771545,-0.31551191210746765,-0.35155296325683594,39500.0,1002.2899780273438,39500.0,-6.629737377166747,-4.0455498695373535,-4.75564432144165,39500.0,6.440595626831055,-4.963232517242432,5.4822845458984375,39500.0,-0.18914192914962769,-9.008782386779783,0.7266402244567871
686,39600.0,162.48300170898438,661.5089721679688,-1259.1109619140625,39600.0,-0.5745187401771545,-0.31551191210746765,-0.35155296325683594,39600.0,1002.2899780273438,39600.0,-6.629737377166747,-4.0455498695373535,-4.75564432144165,39600.0,6.440595626831055,-4.963232517242432,5.4822845458984375,39600.0,-0.18914192914962769,-9.008782386779783,0.7266402244567871
687,39700.0,163.2530059814453,660.426025390625,-1259.83203125,39700.0,-0.2834414839744568,0.10690141469240187,0.15271630883216858,39700.0,1002.2999877929688,39700.0,-6.070579528808594,-3.758689403533936,-5.841093063354492,39700.0,6.129836082458496,-5.4943013191223145,5.329930782318115,39700.0,0.05925649031996728,-9.25299072265625,-0.5111620426177979
688,39800.0,163.5800018310547,659.9630126953125,-1260.5570068359375,39800.0,-0.2834414839744568,0.10690141469240187,0.15271630883216858,39800.0,1002.2999877929688,39800.0,-6.727012634277344,-3.537386417388916,-5.3326754570007315,39800.0,6.895205497741699,-5.535440921783447,4.240919589996338,39800.0,0.16819266974925995,-9.072827339172363,-1.091755986213684
689,39900.0,163.5800018310547,659.9630126953125,-1261.4439697265625,39900.0,-0.2480112910270691,-0.7199047207832336,-0.2223549485206604,39900.0,1002.260009765625,39900.0,-6.727012634277344,-3.537386417388916,-5.3326754570007315,39900.0,6.895205497741699,-5.535440921783447,4.240919589996338,39900.0,0.16819266974925995,-9.072827339172363,-1.091755986213684
690,39500.0,161.71400451660156,663.3280029296875,-1258.7139892578125,39500.0,-0.5745187401771545,-0.31551191210746765,-0.35155296325683594,39500.0,1002.2899780273438,39500.0,-6.629737377166747,-4.0455498695373535,-4.75564432144165,39500.0,6.440595626831055,-4.963232517242432,5.4822845458984375,39500.0,-0.18914192914962769,-9.008782386779783,0.7266402244567871
691,39600.0,162.48300170898438,661.5089721679688,-1259.1109619140625,39600.0,-0.5745187401771545,-0.31551191210746765,-0.35155296325683594,39600.0,1002.2899780273438,39600.0,-6.629737377166747,-4.0455498695373535,-4.75564432144165,39600.0,6.440595626831055,-4.963232517242432,5.4822845458984375,39600.0,-0.18914192914962769,-9.008782386779783,0.7266402244567871
692,39700.0,163.2530059814453,660.426025390625,-1259.83203125,39700.0,-0.2834414839744568,0.10690141469240187,0.15271630883216858,39700.0,1002.2999877929688,39700.0,-6.070579528808594,-3.758689403533936,-5.841093063354492,39700.0,6.129836082458496,-5.4943013191223145,5.329930782318115,39700.0,0.05925649031996728,-9.25299072265625,-0.5111620426177979
693,39800.0,163.5800018310547,659.9630126953125,-1260.5570068359375,39800.0,-0.2834414839744568,0.10690141469240187,0.15271630883216858,39800.0,1002.2999877929688,39800.0,-6.727012634277344,-3.537386417388916,-5.3326754570007315,39800.0,6.895205497741699,-5.535440921783447,4.240919589996338,39800.0,0.16819266974925995,-9.072827339172363,-1.091755986213684
694,39900.0,163.5800018310547,659.9630126953125,-1261.4439697265625,39900.0,-0.2480112910270691,-0.7199047207832336,-0.2223549485206604,39900.0,1002.260009765625,39900.0,-6.727012634277344,-3.537386417388916,-5.3326754570007315,39900.0,6.895205497741699,-5.535440921783447,4.240919589996338,39900.0,0.16819266974925995,-9.072827339172363,-1.091755986213684
695,40000.0,162.76699829101562,659.301025390625,-1262.47998046875,40000.0,-0.2480112910270691,-0.7199047207832336,-0.2223549485206604,40000.0,1002.280029296875,40000.0,-6.184066295623777,-5.916392803192139,-6.650791168212893,40000.0,6.9962992668151855,-5.137636661529541,4.563645839691162,40000.0,0.8122329115867615,-11.05402946472168,-2.0871453285217285
696,40100.0,162.01699829101562,658.5549926757812,-1263.166015625,40100.0,0.2189951837062836,0.10995574295520782,-0.2828305959701538,40100.0,1002.280029296875,40100.0,-6.184066295623777,-5.916392803192139,-6.650791168212893,40100.0,6.9962992668151855,-5.137636661529541,4.563645839691162,40100.0,0.8122329115867615,-11.05402946472168,-2.0871453285217285
697,40200.0,161.38400268554688,658.97900390625,-1263.166015625,40200.0,0.2189951837062836,0.10995574295520782,-0.2828305959701538,40200.0,1002.280029296875,40200.0,-4.925884246826172,-5.471031665802002,-7.0717878341674805,40200.0,6.491692066192628,-4.190769672393799,6.0386900901794425,40200.0,1.5658079385757446,-9.6618013381958,-1.0330979824066162
698,40300.0,161.38400268554688,665.219970703125,-1260.0789794921875,40300.0,0.8903360962867737,0.6010913848876953,-0.16951510310173035,40300.0,1002.280029296875,40300.0,-4.925884246826172,-5.471031665802002,-7.0717878341674805,40300.0,6.491692066192628,-4.190769672393799,6.0386900901794425,40300.0,1.5658079385757446,-9.6618013381958,-1.0330979824066162
699,40400.0,161.38400268554688,670.7550048828125,-1258.593017578125,40400.0,0.8903360962867737,0.6010913848876953,-0.16951510310173035,40400.0,1002.3400268554688,40400.0,-4.335989475250243,-5.483758926391602,-8.030678749084473,40400.0,5.782087326049805,-3.744691610336304,6.979623794555664,40400.0,1.4460978507995603,-9.228450775146484,-1.05105459690094
700,40000.0,162.76699829101562,659.301025390625,-1262.47998046875,40000.0,-0.2480112910270691,-0.7199047207832336,-0.2223549485206604,40000.0,1002.280029296875,40000.0,-6.184066295623777,-5.916392803192139,-6.650791168212893,40000.0,6.9962992668151855,-5.137636661529541,4.563645839691162,40000.0,0.8122329115867615,-11.05402946472168,-2.0871453285217285
701,40100.0,162.01699829101562,658.5549926757812,-1263.166015625,40100.0,0.2189951837062836,0.10995574295520782,-0.2828305959701538,40100.0,1002.280029296875,40100.0,-6.184066295623777,-5.916392803192139,-6.650791168212893,40100.0,6.9962992668151855,-5.137636661529541,4.563645839691162,40100.0,0.8122329115867615,-11.05402946472168,-2.0871453285217285
702,40200.0,161.38400268554688,658.97900390625,-1263.166015625,40200.0,0.2189951837062836,0.10995574295520782,-0.2828305959701538,40200.0,1002.280029296875,40200.0,-4.925884246826172,-5.471031665802002,-7.0717878341674805,40200.0,6.491692066192628,-4.190769672393799,6.0386900901794425,40200.0,1.5658079385757446,-9.6618013381958,-1.0330979824066162
703,40300.0,161.38400268554688,665.219970703125,-1260.0789794921875,40300.0,0.8903360962867737,0.6010913848876953,-0.16951510310173035,40300.0,1002.280029296875,40300.0,-4.925884246826172,-5.471031665802002,-7.0717878341674805,40300.0,6.491692066192628,-4.190769672393799,6.0386900901794425,40300.0,1.5658079385757446,-9.6618013381958,-1.0330979824066162
704,40400.0,161.38400268554688,670.7550048828125,-1258.593017578125,40400.0,0.8903360962867737,0.6010913848876953,-0.16951510310173035,40400.0,1002.3400268554688,40400.0,-4.335989475250243,-5.483758926391602,-8.030678749084473,40400.0,5.782087326049805,-3.744691610336304,6.979623794555664,40400.0,1.4460978507995603,-9.228450775146484,-1.05105459690094
705,40500.0,161.38400268554688,675.1749877929688,-1257.718994140625,40500.0,1.1297953128814695,0.13316862285137174,0.6908885836601257,40500.0,1002.3400268554688,40500.0,-4.335989475250243,-5.483758926391602,-8.030678749084473,40500.0,5.782087326049805,-3.744691610336304,6.979623794555664,40500.0,1.4460978507995603,-9.228450775146484,-1.05105459690094
706,40600.0,162.06199645996094,679.77099609375,-1257.718994140625,40600.0,1.2021827697753906,1.3170254230499268,1.1936306953430176,40600.0,1002.22998046875,40600.0,-2.8922727108001722,-6.680727958679199,-6.677666664123535,40600.0,3.1316928863525386,-3.078636884689331,8.768403053283691,40600.0,0.2394201755523681,-9.75936508178711,2.090736627578736
707,40700.0,167.13800048828125,683.8920288085938,-1256.93798828125,40700.0,1.2021827697753906,1.3170254230499268,1.1936306953430176,40700.0,1002.22998046875,40700.0,-2.8439950942993164,-3.4819610118865967,-5.507017135620117,40700.0,2.771570444107056,-2.233597040176392,9.137824058532717,40700.0,-0.07242459803819656,-5.715558052062987,3.6308069229125977
708,40800.0,169.9949951171875,684.3170166015625,-1256.1820068359375,40800.0,0.7318165898323059,0.037568211555480964,0.5766568183898926,40800.0,1002.1900024414064,40800.0,-2.8439950942993164,-3.4819610118865967,-5.507017135620117,40800.0,2.771570444107056,-2.233597040176392,9.137824058532717,40800.0,-0.07242459803819656,-5.715558052062987,3.6308069229125977
709,40900.0,170.68299865722656,682.6489868164062,-1255.866943359375,40900.0,0.7318165898323059,0.037568211555480964,0.5766568183898926,40900.0,1002.2100219726564,40900.0,-7.464320182800293,-5.62434720993042,-0.19690799713134768,40900.0,4.053181171417236,-3.129453182220459,8.363530158996582,40900.0,-3.411138772964477,-8.753800392150879,8.166622161865233
710,40500.0,161.38400268554688,675.1749877929688,-1257.718994140625,40500.0,1.1297953128814695,0.13316862285137174,0.6908885836601257,40500.0,1002.3400268554688,40500.0,-4.335989475250243,-5.483758926391602,-8.030678749084473,40500.0,5.782087326049805,-3.744691610336304,6.979623794555664,40500.0,1.4460978507995603,-9.228450775146484,-1.05105459690094
711,40600.0,162.06199645996094,679.77099609375,-1257.718994140625,40600.0,1.2021827697753906,1.3170254230499268,1.1936306953430176,40600.0,1002.22998046875,40600.0,-2.8922727108001722,-6.680727958679199,-6.677666664123535,40600.0,3.1316928863525386,-3.078636884689331,8.768403053283691,40600.0,0.2394201755523681,-9.75936508178711,2.090736627578736
712,40700.0,167.13800048828125,683.8920288085938,-1256.93798828125,40700.0,1.2021827697753906,1.3170254230499268,1.1936306953430176,40700.0,1002.22998046875,40700.0,-2.8439950942993164,-3.4819610118865967,-5.507017135620117,40700.0,2.771570444107056,-2.233597040176392,9.137824058532717,40700.0,-0.07242459803819656,-5.715558052062987,3.6308069229125977
713,40800.0,169.9949951171875,684.3170166015625,-1256.1820068359375,40800.0,0.7318165898323059,0.037568211555480964,0.5766568183898926,40800.0,1002.1900024414064,40800.0,-2.8439950942993164,-3.4819610118865967,-5.507017135620117,40800.0,2.771570444107056,-2.233597040176392,9.137824058532717,40800.0,-0.07242459803819656,-5.715558052062987,3.6308069229125977
714,40900.0,170.68299865722656,682.6489868164062,-1255.866943359375,40900.0,0.7318165898323059,0.037568211555480964,0.5766568183898926,40900.0,1002.2100219726564,40900.0,-7.464320182800293,-5.62434720993042,-0.19690799713134768,40900.0,4.053181171417236,-3.129453182220459,8.363530158996582,40900.0,-3.411138772964477,-8.753800392150879,8.166622161865233
715,41000.0,169.93499755859375,682.6669921875,-1255.56005859375,41000.0,-0.7159340381622314,-0.6973026990890503,-0.441350132226944,41000.0,1002.2100219726564,41000.0,-7.464320182800293,-5.62434720993042,-0.19690799713134768,41000.0,4.053181171417236,-3.129453182220459,8.363530158996582,41000.0,-3.411138772964477,-8.753800392150879,8.166622161865233
716,41100.0,169.93499755859375,676.5390014648438,-1255.56005859375,41100.0,-0.7159340381622314,-0.6973026990890503,-0.441350132226944,41100.0,1002.219970703125,41100.0,-5.691788673400879,-9.469377517700195,-5.131585121154785,41100.0,4.7065749168396,-4.509169578552246,7.327067852020264,41100.0,-0.9852139949798584,-13.97854709625244,2.1954829692840576
717,41200.0,169.43600463867188,671.614013671875,-1255.56005859375,41200.0,-1.4810427427291868,0.032070424407720566,-1.0348057746887207,41200.0,1002.219970703125,41200.0,-5.691788673400879,-9.469377517700195,-5.131585121154785,41200.0,4.7065749168396,-4.509169578552246,7.327067852020264,41200.0,-0.9852139949798584,-13.97854709625244,2.1954829692840576
718,41300.0,168.8990020751953,668.8670043945312,-1256.3699951171875,41300.0,-1.4810427427291868,0.032070424407720566,-1.0348057746887207,41300.0,1002.2100219726564,41300.0,-2.5389719009399414,-4.840935707092285,-7.769896507263184,41300.0,4.068866729736328,-4.616161346435547,7.635821342468263,41300.0,1.5298948287963867,-9.457097053527832,-0.13407529890537262
719,41400.0,168.5469970703125,666.9290161132812,-1256.6739501953125,41400.0,-0.580016553401947,1.007316827774048,-0.9221010804176332,41400.0,1002.2100219726564,41400.0,-2.5389719009399414,-4.840935707092285,-7.769896507263184,41400.0,4.068866729736328,-4.616161346435547,7.635821342468263,41400.0,1.5298948287963867,-9.457097053527832,-0.13407529890537262
720,41000.0,169.93499755859375,682.6669921875,-1255.56005859375,41000.0,-0.7159340381622314,-0.6973026990890503,-0.441350132226944,41000.0,1002.2100219726564,41000.0,-7.464320182800293,-5.62434720993042,-0.19690799713134768,41000.0,4.053181171417236,-3.129453182220459,8.363530158996582,41000.0,-3.411138772964477,-8.753800392150879,8.166622161865233
721,41100.0,169.93499755859375,676.5390014648438,-1255.56005859375,41100.0,-0.7159340381622314,-0.6973026990890503,-0.441350132226944,41100.0,1002.219970703125,41100.0,-5.691788673400879,-9.469377517700195,-5.131585121154785,41100.0,4.7065749168396,-4.509169578552246,7.327067852020264,41100.0,-0.9852139949798584,-13.97854709625244,2.1954829692840576
722,41200.0,169.43600463867188,671.614013671875,-1255.56005859375,41200.0,-1.4810427427291868,0.032070424407720566,-1.0348057746887207,41200.0,1002.219970703125,41200.0,-5.691788673400879,-9.469377517700195,-5.131585121154785,41200.0,4.7065749168396,-4.509169578552246,7.327067852020264,41200.0,-0.9852139949798584,-13.97854709625244,2.1954829692840576
723,41300.0,168.8990020751953,668.8670043945312,-1256.3699951171875,41300.0,-1.4810427427291868,0.032070424407720566,-1.0348057746887207,41300.0,1002.2100219726564,41300.0,-2.5389719009399414,-4.840935707092285,-7.769896507263184,41300.0,4.068866729736328,-4.616161346435547,7.635821342468263,41300.0,1.5298948287963867,-9.457097053527832,-0.13407529890537262
724,41400.0,168.5469970703125,666.9290161132812,-1256.6739501953125,41400.0,-0.580016553401947,1.007316827774048,-0.9221010804176332,41400.0,1002.2100219726564,41400.0,-2.5389719009399414,-4.840935707092285,-7.769896507263184,41400.0,4.068866729736328,-4.616161346435547,7.635821342468263,41400.0,1.5298948287963867,-9.457097053527832,-0.13407529890537262
725,41500.0,170.13299560546875,666.1019897460938,-1257.3909912109375,41500.0,-0.4392121136188507,0.2385428845882416,-0.14355333149433136,41500.0,1002.219970703125,41500.0,-3.6215593814849862,-4.512603282928467,-7.384521484375,41500.0,3.828657865524292,-5.155781269073486,7.411456108093263,41500.0,0.20709845423698425,-9.668384552001953,0.02693476900458336
726,41600.0,172.85400390625,665.0079956054688,-1257.7449951171875,41600.0,-0.4392121136188507,0.2385428845882416,-0.14355333149433136,41600.0,1002.219970703125,41600.0,-3.0801713466644287,-3.069817066192627,-8.287176132202147,41600.0,3.9103608131408687,-5.9365715980529785,6.755485534667969,41600.0,0.8301894664764404,-9.006388664245605,-1.53169047832489
727,41700.0,173.21099853515625,663.0590209960938,-1258.4599609375,41700.0,-0.4905247986316681,-0.2168571650981903,0.1368338167667389,41700.0,1002.260009765625,41700.0,-3.0801713466644287,-3.069817066192627,-8.287176132202147,41700.0,3.9103608131408687,-5.9365715980529785,6.755485534667969,41700.0,0.8301894664764404,-9.006388664245605,-1.53169047832489
728,41800.0,173.7760009765625,661.676025390625,-1258.9239501953125,41800.0,-0.4905247986316681,-0.2168571650981903,0.1368338167667389,41800.0,1002.1799926757812,41800.0,-3.369410276412964,-4.752805233001709,-7.880430698394775,41800.0,4.193015575408936,-5.965437412261963,6.557634353637695,41800.0,0.8236053586006165,-10.718242645263672,-1.3227964639663696
729,41900.0,173.7760009765625,661.676025390625,-1259.654052734375,41900.0,-0.19883663952350614,0.049174651503562934,-0.3854559659957886,41900.0,1002.1799926757812,41900.0,-3.369410276412964,-4.752805233001709,-7.880430698394775,41900.0,4.193015575408936,-5.965437412261963,6.557634353637695,41900.0,0.8236053586006165,-10.718242645263672,-1.3227964639663696
730,41500.0,170.13299560546875,666.1019897460938,-1257.3909912109375,41500.0,-0.4392121136188507,0.2385428845882416,-0.14355333149433136,41500.0,1002.219970703125,41500.0,-3.6215593814849862,-4.512603282928467,-7.384521484375,41500.0,3.828657865524292,-5.155781269073486,7.411456108093263,41500.0,0.20709845423698425,-9.668384552001953,0.02693476900458336
731,41600.0,172.85400390625,665.0079956054688,-1257.7449951171875,41600.0,-0.4392121136188507,0.2385428845882416,-0.14355333149433136,41600.0,1002.219970703125,41600.0,-3.0801713466644287,-3.069817066192627,-8.287176132202147,41600.0,3.9103608131408687,-5.9365715980529785,6.755485534667969,41600.0,0.8301894664764404,-9.006388664245605,-1.53169047832489
732,41700.0,173.21099853515625,663.0590209960938,-1258.4599609375,41700.0,-0.4905247986316681,-0.2168571650981903,0.1368338167667389,41700.0,1002.260009765625,41700.0,-3.0801713466644287,-3.069817066192627,-8.287176132202147,41700.0,3.9103608131408687,-5.9365715980529785,6.755485534667969,41700.0,0.8301894664764404,-9.006388664245605,-1.53169047832489
733,41800.0,173.7760009765625,661.676025390625,-1258.9239501953125,41800.0,-0.4905247986316681,-0.2168571650981903,0.1368338167667389,41800.0,1002.1799926757812,41800.0,-3.369410276412964,-4.752805233001709,-7.880430698394775,41800.0,4.193015575408936,-5.965437412261963,6.557634353637695,41800.0,0.8236053586006165,-10.718242645263672,-1.3227964639663696
734,41900.0,173.7760009765625,661.676025390625,-1259.654052734375,41900.0,-0.19883663952350614,0.049174651503562934,-0.3854559659957886,41900.0,1002.1799926757812,41900.0,-3.369410276412964,-4.752805233001709,-7.880430698394775,41900.0,4.193015575408936,-5.965437412261963,6.557634353637695,41900.0,0.8236053586006165,-10.718242645263672,-1.3227964639663696
735,42000.0,174.44900512695312,661.676025390625,-1259.97705078125,42000.0,-0.19883663952350614,0.049174651503562934,-0.3854559659957886,42000.0,1002.239990234375,42000.0,-2.9522581100463867,-6.297881603240968,-7.435312271118164,42000.0,4.181680679321288,-5.0278897285461435,7.307821273803711,42000.0,1.2294225692749023,-11.32577133178711,-0.12749123573303225
736,42100.0,175.48800659179688,665.083984375,-1259.97705078125,42100.0,0.5827654600143433,0.27061331272125244,-0.4050036668777466,42100.0,1002.239990234375,42100.0,-2.9522581100463867,-6.297881603240968,-7.435312271118164,42100.0,4.181680679321288,-5.0278897285461435,7.307821273803711,42100.0,1.2294225692749023,-11.32577133178711,-0.12749123573303225
737,42200.0,174.6649932861328,671.2340087890625,-1257.0889892578125,42200.0,0.5827654600143433,0.27061331272125244,-0.4050036668777466,42200.0,1002.280029296875,42200.0,-2.945237159729004,-6.883637428283691,-10.964154243469238,42200.0,3.688038110733032,-3.051102638244629,8.559178352355957,42200.0,0.7428010702133179,-9.93474006652832,-2.4049756526947017
738,42300.0,175.21499633789062,674.5430297851562,-1255.6070556640625,42300.0,1.847561955451965,-0.12522737681865692,0.8310821652412415,42300.0,1002.280029296875,42300.0,-2.945237159729004,-6.883637428283691,-10.964154243469238,42300.0,3.688038110733032,-3.051102638244629,8.559178352355957,42300.0,0.7428010702133179,-9.93474006652832,-2.4049756526947017
739,42400.0,178.1820068359375,678.2080078125,-1255.281982421875,42400.0,1.1410962343215942,2.2314908504486084,1.3735305070877075,42400.0,1002.1900024414064,42400.0,1.7038815021514893,-6.2468628883361825,-8.65913200378418,42400.0,-0.5750153660774231,-1.5929502248764038,9.659309387207033,42400.0,1.1288660764694214,-7.839813232421875,1.0001777410507202
740,42000.0,174.44900512695312,661.676025390625,-1259.97705078125,42000.0,-0.19883663952350614,0.049174651503562934,-0.3854559659957886,42000.0,1002.239990234375,42000.0,-2.9522581100463867,-6.297881603240968,-7.435312271118164,42000.0,4.181680679321288,-5.0278897285461435,7.307821273803711,42000.0,1.2294225692749023,-11.32577133178711,-0.12749123573303225
741,42100.0,175.48800659179688,665.083984375,-1259.97705078125,42100.0,0.5827654600143433,0.27061331272125244,-0.4050036668777466,42100.0,1002.239990234375,42100.0,-2.9522581100463867,-6.297881603240968,-7.435312271118164,42100.0,4.181680679321288,-5.0278897285461435,7.307821273803711,42100.0,1.2294225692749023,-11.32577133178711,-0.12749123573303225
742,42200.0,174.6649932861328,671.2340087890625,-1257.0889892578125,42200.0,0.5827654600143433,0.27061331272125244,-0.4050036668777466,42200.0,1002.280029296875,42200.0,-2.945237159729004,-6.883637428283691,-10.964154243469238,42200.0,3.688038110733032,-3.051102638244629,8.559178352355957,42200.0,0.7428010702133179,-9.93474006652832,-2.4049756526947017
743,42300.0,175.21499633789062,674.5430297851562,-1255.6070556640625,42300.0,1.847561955451965,-0.12522737681865692,0.8310821652412415,42300.0,1002.280029296875,42300.0,-2.945237159729004,-6.883637428283691,-10.964154243469238,42300.0,3.688038110733032,-3.051102638244629,8.559178352355957,42300.0,0.7428010702133179,-9.93474006652832,-2.4049756526947017
744,42400.0,178.1820068359375,678.2080078125,-1255.281982421875,42400.0,1.1410962343215942,2.2314908504486084,1.3735305070877075,42400.0,1002.1900024414064,42400.0,1.7038815021514893,-6.2468628883361825,-8.65913200378418,42400.0,-0.5750153660774231,-1.5929502248764038,9.659309387207033,42400.0,1.1288660764694214,-7.839813232421875,1.0001777410507202
745,42500.0,182.91400146484366,679.5889892578125,-1255.281982421875,42500.0,1.1410962343215942,2.2314908504486084,1.3735305070877075,42500.0,1002.1900024414064,42500.0,-1.9726098775863647,-5.296779155731201,-6.431968688964844,42500.0,0.6055207252502441,-0.6198914647102356,9.768288612365724,42500.0,-1.3670891523361206,-5.916670799255371,3.336320161819458
746,42600.0,186.36300659179688,678.5640258789062,-1255.281982421875,42600.0,0.5623014569282532,-0.8020660877227783,1.0015136003494265,42600.0,1002.1799926757812,42600.0,-1.9726098775863647,-5.296779155731201,-6.431968688964844,42600.0,0.6055207252502441,-0.6198914647102356,9.768288612365724,42600.0,-1.3670891523361206,-5.916670799255371,3.336320161819458
747,42700.0,189.5989990234375,677.8829956054688,-1255.8800048828125,42700.0,0.5623014569282532,-0.8020660877227783,1.0015136003494265,42700.0,1002.1799926757812,42700.0,-5.535584926605225,-3.697608232498169,-4.830749034881592,42700.0,2.0933213233947754,-2.0849874019622803,9.351001739501953,42700.0,-3.4422636032104488,-5.782595634460449,4.520252704620361
748,42800.0,191.7480010986328,675.0609741210938,-1258.72900390625,42800.0,-0.8106181621551514,-0.8881980776786804,0.17531833052635193,42800.0,1002.0900268554688,42800.0,-5.535584926605225,-3.697608232498169,-4.830749034881592,42800.0,2.0933213233947754,-2.0849874019622803,9.351001739501953,42800.0,-3.4422636032104488,-5.782595634460449,4.520252704620361
749,42900.0,191.7749938964844,672.3610229492188,-1259.18505859375,42900.0,-0.8106181621551514,-0.8881980776786804,0.17531833052635193,42900.0,1002.2100219726564,42900.0,-4.3199663162231445,-3.0332183837890625,-6.825675964355469,42900.0,3.676524639129639,-3.777687072753906,8.269379615783691,42900.0,-0.6434416770935059,-6.810905456542969,1.4437036514282229
750,42500.0,182.91400146484366,679.5889892578125,-1255.281982421875,42500.0,1.1410962343215942,2.2314908504486084,1.3735305070877075,42500.0,1002.1900024414064,42500.0,-1.9726098775863647,-5.296779155731201,-6.431968688964844,42500.0,0.6055207252502441,-0.6198914647102356,9.768288612365724,42500.0,-1.3670891523361206,-5.916670799255371,3.336320161819458
751,42600.0,186.36300659179688,678.5640258789062,-1255.281982421875,42600.0,0.5623014569282532,-0.8020660877227783,1.0015136003494265,42600.0,1002.1799926757812,42600.0,-1.9726098775863647,-5.296779155731201,-6.431968688964844,42600.0,0.6055207252502441,-0.6198914647102356,9.768288612365724,42600.0,-1.3670891523361206,-5.916670799255371,3.336320161819458
752,42700.0,189.5989990234375,677.8829956054688,-1255.8800048828125,42700.0,0.5623014569282532,-0.8020660877227783,1.0015136003494265,42700.0,1002.1799926757812,42700.0,-5.535584926605225,-3.697608232498169,-4.830749034881592,42700.0,2.0933213233947754,-2.0849874019622803,9.351001739501953,42700.0,-3.4422636032104488,-5.782595634460449,4.520252704620361
753,42800.0,191.7480010986328,675.0609741210938,-1258.72900390625,42800.0,-0.8106181621551514,-0.8881980776786804,0.17531833052635193,42800.0,1002.0900268554688,42800.0,-5.535584926605225,-3.697608232498169,-4.830749034881592,42800.0,2.0933213233947754,-2.0849874019622803,9.351001739501953,42800.0,-3.4422636032104488,-5.782595634460449,4.520252704620361
754,42900.0,191.7749938964844,672.3610229492188,-1259.18505859375,42900.0,-0.8106181621551514,-0.8881980776786804,0.17531833052635193,42900.0,1002.2100219726564,42900.0,-4.3199663162231445,-3.0332183837890625,-6.825675964355469,42900.0,3.676524639129639,-3.777687072753906,8.269379615783691,42900.0,-0.6434416770935059,-6.810905456542969,1.4437036514282229
755,43000.0,192.6569976806641,670.3150024414062,-1259.5589599609375,43000.0,-1.2901474237442017,-0.7901542186737059,-0.7061602473258972,43000.0,1002.2100219726564,43000.0,-4.3199663162231445,-3.0332183837890625,-6.825675964355469,43000.0,3.676524639129639,-3.777687072753906,8.269379615783691,43000.0,-0.6434416770935059,-6.810905456542969,1.4437036514282229
756,43100.0,192.6569976806641,669.9199829101562,-1260.2950439453125,43100.0,-1.2901474237442017,-0.7901542186737059,-0.7061602473258972,43100.0,1002.1799926757812,43100.0,-1.694796800613403,-4.9578118324279785,-8.70404052734375,43100.0,4.071042060852052,-4.607622623443604,7.639817714691162,43100.0,2.3762452602386475,-9.565434455871582,-1.0642226934432983
757,43200.0,196.84100341796875,669.447998046875,-1264.530029296875,43200.0,-1.01617431640625,0.2241875380277633,-0.9877691268920898,43200.0,1002.1799926757812,43200.0,-1.694796800613403,-4.9578118324279785,-8.70404052734375,43200.0,4.071042060852052,-4.607622623443604,7.639817714691162,43200.0,2.3762452602386475,-9.565434455871582,-1.0642226934432983
758,43300.0,201.68299865722656,669.447998046875,-1269.0999755859375,43300.0,-0.31031954288482666,0.14996741712093353,0.1875356286764145,43300.0,1002.239990234375,43300.0,-2.892443418502808,-3.5054945945739746,-7.63312816619873,43300.0,3.6478140354156494,-5.2171807289123535,7.459548473358152,43300.0,0.7553706169128418,-8.722675323486326,-0.1735796183347702
759,43400.0,202.80099487304688,668.6519775390625,-1271.791015625,43400.0,-0.31031954288482666,0.14996741712093353,0.1875356286764145,43400.0,1002.239990234375,43400.0,-2.856155633926392,-2.796743392944336,-6.012415885925293,43400.0,4.677544593811035,-6.221016883850098,5.965728759765625,43400.0,1.821388959884644,-9.017760276794434,-0.04668693244457245
760,43000.0,192.6569976806641,670.3150024414062,-1259.5589599609375,43000.0,-1.2901474237442017,-0.7901542186737059,-0.7061602473258972,43000.0,1002.2100219726564,43000.0,-4.3199663162231445,-3.0332183837890625,-6.825675964355469,43000.0,3.676524639129639,-3.777687072753906,8.269379615783691,43000.0,-0.6434416770935059,-6.810905456542969,1.4437036514282229
761,43100.0,192.6569976806641,669.9199829101562,-1260.2950439453125,43100.0,-1.2901474237442017,-0.7901542186737059,-0.7061602473258972,43100.0,1002.1799926757812,43100.0,-1.694796800613403,-4.9578118324279785,-8.70404052734375,43100.0,4.071042060852052,-4.607622623443604,7.639817714691162,43100.0,2.3762452602386475,-9.565434455871582,-1.0642226934432983
762,43200.0,196.84100341796875,669.447998046875,-1264.530029296875,43200.0,-1.01617431640625,0.2241875380277633,-0.9877691268920898,43200.0,1002.1799926757812,43200.0,-1.694796800613403,-4.9578118324279785,-8.70404052734375,43200.0,4.071042060852052,-4.607622623443604,7.639817714691162,43200.0,2.3762452602386475,-9.565434455871582,-1.0642226934432983
763,43300.0,201.68299865722656,669.447998046875,-1269.0999755859375,43300.0,-0.31031954288482666,0.14996741712093353,0.1875356286764145,43300.0,1002.239990234375,43300.0,-2.892443418502808,-3.5054945945739746,-7.63312816619873,43300.0,3.6478140354156494,-5.2171807289123535,7.459548473358152,43300.0,0.7553706169128418,-8.722675323486326,-0.1735796183347702
764,43400.0,202.80099487304688,668.6519775390625,-1271.791015625,43400.0,-0.31031954288482666,0.14996741712093353,0.1875356286764145,43400.0,1002.239990234375,43400.0,-2.856155633926392,-2.796743392944336,-6.012415885925293,43400.0,4.677544593811035,-6.221016883850098,5.965728759765625,43400.0,1.821388959884644,-9.017760276794434,-0.04668693244457245
765,43500.0,203.197998046875,668.3380126953125,-1271.6300048828125,43500.0,-0.8497135639190674,-0.8301658630371094,-0.1007927656173706,43500.0,1002.25,43500.0,-2.856155633926392,-2.796743392944336,-6.012415885925293,43500.0,4.677544593811035,-6.221016883850098,5.965728759765625,43500.0,1.821388959884644,-9.017760276794434,-0.04668693244457245
766,43600.0,203.197998046875,667.7210083007812,-1271.6300048828125,43600.0,-0.8497135639190674,-0.8301658630371094,-0.1007927656173706,43600.0,1002.22998046875,43600.0,-3.4021821022033687,-3.2682113647460938,-3.940374374389648,43600.0,4.83630895614624,-6.585723876953125,5.422983646392822,43600.0,1.4341268539428709,-9.85393524169922,1.4826093912124634
767,43700.0,203.51199340820315,667.7210083007812,-1271.6300048828125,43700.0,-0.5134322643280029,0.07727445662021637,-0.27641651034355164,43700.0,1002.22998046875,43700.0,-3.4021821022033687,-3.2682113647460938,-3.940374374389648,43700.0,4.83630895614624,-6.585723876953125,5.422983646392822,43700.0,1.4341268539428709,-9.85393524169922,1.4826093912124634
768,43800.0,203.81300354003903,668.8179931640625,-1271.6300048828125,43800.0,-0.5134322643280029,0.07727445662021637,-0.27641651034355164,43800.0,1002.260009765625,43800.0,0.6777572631835938,-0.1353297233581543,-4.803130149841309,43800.0,4.135785102844238,-5.864539623260497,6.683775424957275,43800.0,4.813542366027832,-5.999869346618652,1.8806453943252563
769,43900.0,203.81300354003903,671.3679809570312,-1271.6300048828125,43900.0,1.0332785844802856,0.1157589629292488,0.4434881806373596,43900.0,1002.260009765625,43900.0,0.6777572631835938,-0.1353297233581543,-4.803130149841309,43900.0,4.135785102844238,-5.864539623260497,6.683775424957275,43900.0,4.813542366027832,-5.999869346618652,1.8806453943252563
770,43500.0,203.197998046875,668.3380126953125,-1271.6300048828125,43500.0,-0.8497135639190674,-0.8301658630371094,-0.1007927656173706,43500.0,1002.25,43500.0,-2.856155633926392,-2.796743392944336,-6.012415885925293,43500.0,4.677544593811035,-6.221016883850098,5.965728759765625,43500.0,1.821388959884644,-9.017760276794434,-0.04668693244457245
771,43600.0,203.197998046875,667.7210083007812,-1271.6300048828125,43600.0,-0.8497135639190674,-0.8301658630371094,-0.1007927656173706,43600.0,1002.22998046875,43600.0,-3.4021821022033687,-3.2682113647460938,-3.940374374389648,43600.0,4.83630895614624,-6.585723876953125,5.422983646392822,43600.0,1.4341268539428709,-9.85393524169922,1.4826093912124634
772,43700.0,203.51199340820315,667.7210083007812,-1271.6300048828125,43700.0,-0.5134322643280029,0.07727445662021637,-0.27641651034355164,43700.0,1002.22998046875,43700.0,-3.4021821022033687,-3.2682113647460938,-3.940374374389648,43700.0,4.83630895614624,-6.585723876953125,5.422983646392822,43700.0,1.4341268539428709,-9.85393524169922,1.4826093912124634
773,43800.0,203.81300354003903,668.8179931640625,-1271.6300048828125,43800.0,-0.5134322643280029,0.07727445662021637,-0.27641651034355164,43800.0,1002.260009765625,43800.0,0.6777572631835938,-0.1353297233581543,-4.803130149841309,43800.0,4.135785102844238,-5.864539623260497,6.683775424957275,43800.0,4.813542366027832,-5.999869346618652,1.8806453943252563
774,43900.0,203.81300354003903,671.3679809570312,-1271.6300048828125,43900.0,1.0332785844802856,0.1157589629292488,0.4434881806373596,43900.0,1002.260009765625,43900.0,0.6777572631835938,-0.1353297233581543,-4.803130149841309,43900.0,4.135785102844238,-5.864539623260497,6.683775424957275,43900.0,4.813542366027832,-5.999869346618652,1.8806453943252563
775,44000.0,204.19700622558602,671.3679809570312,-1271.6300048828125,44000.0,1.0332785844802856,0.1157589629292488,0.4434881806373596,44000.0,1002.2000122070312,44000.0,-3.1180896759033203,-4.8043212890625,-7.007168769836426,44000.0,3.4873952865600586,-5.312976837158203,7.468651294708253,44000.0,0.3693056106567383,-10.117298126220703,0.4614823758602142
776,44100.0,207.38900756835938,671.3679809570312,-1278.33203125,44100.0,0.8808676600456238,-0.110566608607769,0.7061602473258972,44100.0,1002.2000122070312,44100.0,-3.1180896759033203,-4.8043212890625,-7.007168769836426,44100.0,3.4873952865600586,-5.312976837158203,7.468651294708253,44100.0,0.3693056106567383,-10.117298126220703,0.4614823758602142
777,44200.0,209.34100341796875,666.447998046875,-1285.5369873046875,44200.0,-0.3988949954509735,-0.5717698931694031,1.111163854598999,44200.0,1002.1599731445312,44200.0,-1.803967356681824,-2.8046588897705083,-7.575742721557617,44200.0,2.935227632522583,-6.547691345214844,6.6845011711120605,44200.0,1.1312602758407593,-9.352350234985352,-0.8912416100502014
778,44300.0,210.1569976806641,664.9349975585938,-1293.3299560546875,44300.0,-0.3988949954509735,-0.5717698931694031,1.111163854598999,44300.0,1002.1599731445312,44300.0,-1.4361019134521484,-0.942988395690918,-4.239579200744629,44300.0,3.598066091537476,-7.06322193145752,5.7736639976501465,44300.0,2.1619641780853267,-8.006210327148438,1.5340847969055176
779,44400.0,209.76400756835938,664.594970703125,-1298.573974609375,44400.0,-0.2275473028421402,-1.0555751323699951,0.35155296325683594,44400.0,1002.1400146484376,44400.0,-1.4361019134521484,-0.942988395690918,-4.239579200744629,44400.0,3.598066091537476,-7.06322193145752,5.7736639976501465,44400.0,2.1619641780853267,-8.006210327148438,1.5340847969055176
780,44000.0,204.19700622558602,671.3679809570312,-1271.6300048828125,44000.0,1.0332785844802856,0.1157589629292488,0.4434881806373596,44000.0,1002.2000122070312,44000.0,-3.1180896759033203,-4.8043212890625,-7.007168769836426,44000.0,3.4873952865600586,-5.312976837158203,7.468651294708253,44000.0,0.3693056106567383,-10.117298126220703,0.4614823758602142
781,44100.0,207.38900756835938,671.3679809570312,-1278.33203125,44100.0,0.8808676600456238,-0.110566608607769,0.7061602473258972,44100.0,1002.2000122070312,44100.0,-3.1180896759033203,-4.8043212890625,-7.007168769836426,44100.0,3.4873952865600586,-5.312976837158203,7.468651294708253,44100.0,0.3693056106567383,-10.117298126220703,0.4614823758602142
782,44200.0,209.34100341796875,666.447998046875,-1285.5369873046875,44200.0,-0.3988949954509735,-0.5717698931694031,1.111163854598999,44200.0,1002.1599731445312,44200.0,-1.803967356681824,-2.8046588897705083,-7.575742721557617,44200.0,2.935227632522583,-6.547691345214844,6.6845011711120605,44200.0,1.1312602758407593,-9.352350234985352,-0.8912416100502014
783,44300.0,210.1569976806641,664.9349975585938,-1293.3299560546875,44300.0,-0.3988949954509735,-0.5717698931694031,1.111163854598999,44300.0,1002.1599731445312,44300.0,-1.4361019134521484,-0.942988395690918,-4.239579200744629,44300.0,3.598066091537476,-7.06322193145752,5.7736639976501465,44300.0,2.1619641780853267,-8.006210327148438,1.5340847969055176
784,44400.0,209.76400756835938,664.594970703125,-1298.573974609375,44400.0,-0.2275473028421402,-1.0555751323699951,0.35155296325683594,44400.0,1002.1400146484376,44400.0,-1.4361019134521484,-0.942988395690918,-4.239579200744629,44400.0,3.598066091537476,-7.06322193145752,5.7736639976501465,44400.0,2.1619641780853267,-8.006210327148438,1.5340847969055176
785,44500.0,210.0760040283203,664.2470092773438,-1303.89697265625,44500.0,-0.2275473028421402,-1.0555751323699951,0.35155296325683594,44500.0,1002.1400146484376,44500.0,-6.705034255981445,-2.4410181045532227,-2.250476598739624,44500.0,5.404384136199951,-7.3195438385009775,3.6588656902313232,44500.0,-1.300650119781494,-9.7605619430542,1.4083890914916992
786,44600.0,209.7010040283203,663.885009765625,-1307.22802734375,44600.0,-0.21624629199504847,-2.2681427001953125,-0.018020525574684143,44600.0,1002.1300048828124,44600.0,-6.705034255981445,-2.4410181045532227,-2.250476598739624,44600.0,5.404384136199951,-7.3195438385009775,3.6588656902313232,44600.0,-1.300650119781494,-9.7605619430542,1.4083890914916992
787,44700.0,207.6529998779297,663.885009765625,-1311.56298828125,44700.0,-0.21624629199504847,-2.2681427001953125,-0.018020525574684143,44700.0,1002.219970703125,44700.0,-5.570624828338623,-0.6373181343078613,0.8928420543670654,44700.0,6.345747470855713,-7.289883613586426,1.66117262840271,44700.0,0.7751228213310242,-7.927201747894287,2.5540146827697754
788,44800.0,207.26400756835938,663.885009765625,-1311.56298828125,44800.0,-0.3481931984424591,-1.4230105876922607,-0.2672535479068756,44800.0,1002.219970703125,44800.0,-5.570624828338623,-0.6373181343078613,0.8928420543670654,44800.0,6.345747470855713,-7.289883613586426,1.66117262840271,44800.0,0.7751228213310242,-7.927201747894287,2.5540146827697754
789,44900.0,205.66099548339844,663.885009765625,-1314.7349853515625,44900.0,-0.3481931984424591,-1.4230105876922607,-0.2672535479068756,44900.0,1002.2100219726564,44900.0,-6.913023471832275,-2.9521965980529785,-2.191199541091919,44900.0,6.750217914581299,-7.112429141998291,-0.13536591827869415,44900.0,-0.1628057211637497,-10.06462574005127,-2.3265655040740967
790,44500.0,210.0760040283203,664.2470092773438,-1303.89697265625,44500.0,-0.2275473028421402,-1.0555751323699951,0.35155296325683594,44500.0,1002.1400146484376,44500.0,-6.705034255981445,-2.4410181045532227,-2.250476598739624,44500.0,5.404384136199951,-7.3195438385009775,3.6588656902313232,44500.0,-1.300650119781494,-9.7605619430542,1.4083890914916992
791,44600.0,209.7010040283203,663.885009765625,-1307.22802734375,44600.0,-0.21624629199504847,-2.2681427001953125,-0.018020525574684143,44600.0,1002.1300048828124,44600.0,-6.705034255981445,-2.4410181045532227,-2.250476598739624,44600.0,5.404384136199951,-7.3195438385009775,3.6588656902313232,44600.0,-1.300650119781494,-9.7605619430542,1.4083890914916992
792,44700.0,207.6529998779297,663.885009765625,-1311.56298828125,44700.0,-0.21624629199504847,-2.2681427001953125,-0.018020525574684143,44700.0,1002.219970703125,44700.0,-5.570624828338623,-0.6373181343078613,0.8928420543670654,44700.0,6.345747470855713,-7.289883613586426,1.66117262840271,44700.0,0.7751228213310242,-7.927201747894287,2.5540146827697754
793,44800.0,207.26400756835938,663.885009765625,-1311.56298828125,44800.0,-0.3481931984424591,-1.4230105876922607,-0.2672535479068756,44800.0,1002.219970703125,44800.0,-5.570624828338623,-0.6373181343078613,0.8928420543670654,44800.0,6.345747470855713,-7.289883613586426,1.66117262840271,44800.0,0.7751228213310242,-7.927201747894287,2.5540146827697754
794,44900.0,205.66099548339844,663.885009765625,-1314.7349853515625,44900.0,-0.3481931984424591,-1.4230105876922607,-0.2672535479068756,44900.0,1002.2100219726564,44900.0,-6.913023471832275,-2.9521965980529785,-2.191199541091919,44900.0,6.750217914581299,-7.112429141998291,-0.13536591827869415,44900.0,-0.1628057211637497,-10.06462574005127,-2.3265655040740967
795,45000.0,201.8370056152344,663.885009765625,-1317.4100341796875,45000.0,0.2507601976394653,-1.793500304222107,-0.2223549485206604,45000.0,1002.2100219726564,45000.0,-6.913023471832275,-2.9521965980529785,-2.191199541091919,45000.0,6.750217914581299,-7.112429141998291,-0.13536591827869415,45000.0,-0.1628057211637497,-10.06462574005127,-2.3265655040740967
796,45100.0,198.61700439453125,664.218994140625,-1320.4010009765625,45100.0,-0.7144069075584412,-1.276097536087036,0.16737708449363708,45100.0,1002.2000122070312,45100.0,-4.1132779121398935,-3.1969447135925293,4.089373588562012,45100.0,6.114830493927003,-7.232198238372803,-2.5445148944854736,45100.0,2.0015525817871094,-10.429142951965332,1.544858694076538
797,45200.0,197.2570037841797,664.93798828125,-1321.3299560546875,45200.0,-0.7144069075584412,-1.276097536087036,0.16737708449363708,45200.0,1002.2000122070312,45200.0,-4.083571910858153,-2.43208122253418,3.780981063842773,45200.0,5.01611328125,-6.928648948669434,-4.796122550964356,45200.0,0.93254154920578,-9.360730171203613,-1.015141487121582
798,45300.0,197.2570037841797,665.864013671875,-1322.029052734375,45300.0,-0.3869831264019013,-1.7085901498794556,-0.1258382350206375,45300.0,1002.2100219726564,45300.0,-4.083571910858153,-2.43208122253418,3.780981063842773,45300.0,5.01611328125,-6.928648948669434,-4.796122550964356,45300.0,0.93254154920578,-9.360730171203613,-1.015141487121582
799,45400.0,197.26400756835938,666.8060302734375,-1321.677978515625,45400.0,-0.3869831264019013,-1.7085901498794556,-0.1258382350206375,45400.0,1002.2100219726564,45400.0,-7.273470401763916,-3.640722751617432,2.2689108848571777,45400.0,5.303640842437744,-6.399362087249756,-5.204800605773926,45400.0,-1.9698294401168823,-10.040084838867188,-2.935889720916748
800,45000.0,201.8370056152344,663.885009765625,-1317.4100341796875,45000.0,0.2507601976394653,-1.793500304222107,-0.2223549485206604,45000.0,1002.2100219726564,45000.0,-6.913023471832275,-2.9521965980529785,-2.191199541091919,45000.0,6.750217914581299,-7.112429141998291,-0.13536591827869415,45000.0,-0.1628057211637497,-10.06462574005127,-2.3265655040740967
801,45100.0,198.61700439453125,664.218994140625,-1320.4010009765625,45100.0,-0.7144069075584412,-1.276097536087036,0.16737708449363708,45100.0,1002.2000122070312,45100.0,-4.1132779121398935,-3.1969447135925293,4.089373588562012,45100.0,6.114830493927003,-7.232198238372803,-2.5445148944854736,45100.0,2.0015525817871094,-10.429142951965332,1.544858694076538
802,45200.0,197.2570037841797,664.93798828125,-1321.3299560546875,45200.0,-0.7144069075584412,-1.276097536087036,0.16737708449363708,45200.0,1002.2000122070312,45200.0,-4.083571910858153,-2.43208122253418,3.780981063842773,45200.0,5.01611328125,-6.928648948669434,-4.796122550964356,45200.0,0.93254154920578,-9.360730171203613,-1.015141487121582
803,45300.0,197.2570037841797,665.864013671875,-1322.029052734375,45300.0,-0.3869831264019013,-1.7085901498794556,-0.1258382350206375,45300.0,1002.2100219726564,45300.0,-4.083571910858153,-2.43208122253418,3.780981063842773,45300.0,5.01611328125,-6.928648948669434,-4.796122550964356,45300.0,0.93254154920578,-9.360730171203613,-1.015141487121582
804,45400.0,197.26400756835938,666.8060302734375,-1321.677978515625,45400.0,-0.3869831264019013,-1.7085901498794556,-0.1258382350206375,45400.0,1002.2100219726564,45400.0,-7.273470401763916,-3.640722751617432,2.2689108848571777,45400.0,5.303640842437744,-6.399362087249756,-5.204800605773926,45400.0,-1.9698294401168823,-10.040084838867188,-2.935889720916748
805,45500.0,196.9579925537109,668.8870239257812,-1321.677978515625,45500.0,-0.12919799983501434,-0.2507601976394653,-0.5354233980178833,45500.0,1002.0999755859376,45500.0,-7.273470401763916,-3.640722751617432,2.2689108848571777,45500.0,5.303640842437744,-6.399362087249756,-5.204800605773926,45500.0,-1.9698294401168823,-10.040084838867188,-2.935889720916748
806,45600.0,196.9579925537109,669.218017578125,-1321.987060546875,45600.0,-0.12919799983501434,-0.2507601976394653,-0.5354233980178833,45600.0,1002.1400146484376,45600.0,-5.018733024597168,-4.508720397949219,3.3683810234069824,45600.0,5.7818846702575675,-6.430985450744629,-4.624139785766602,45600.0,0.7631517648696899,-10.939705848693848,-1.2557587623596191
807,45700.0,196.62399291992188,666.844970703125,-1321.987060546875,45700.0,0.5455026626586914,-0.026572637259960168,-0.5369505286216736,45700.0,1002.1400146484376,45700.0,-5.018733024597168,-4.508720397949219,3.3683810234069824,45700.0,5.7818846702575675,-6.430985450744629,-4.624139785766602,45700.0,0.7631517648696899,-10.939705848693848,-1.2557587623596191
808,45800.0,196.31500244140625,658.6339721679688,-1321.657958984375,45800.0,0.5455026626586914,-0.026572637259960168,-0.5369505286216736,45800.0,1002.239990234375,45800.0,-2.0328176021575928,-3.219012260437012,3.9594979286193848,45800.0,5.400860786437988,-7.837410926818848,-2.361368417739868,45800.0,3.3680431842803955,-11.05642318725586,1.5981296300888062
809,45900.0,195.572998046875,653.7760009765625,-1318.427978515625,45900.0,1.718363881111145,0.0503963828086853,0.2324342280626297,45900.0,1002.239990234375,45900.0,-2.0328176021575928,-3.219012260437012,3.9594979286193848,45900.0,5.400860786437988,-7.837410926818848,-2.361368417739868,45900.0,3.3680431842803955,-11.05642318725586,1.5981296300888062
810,45500.0,196.9579925537109,668.8870239257812,-1321.677978515625,45500.0,-0.12919799983501434,-0.2507601976394653,-0.5354233980178833,45500.0,1002.0999755859376,45500.0,-7.273470401763916,-3.640722751617432,2.2689108848571777,45500.0,5.303640842437744,-6.399362087249756,-5.204800605773926,45500.0,-1.9698294401168823,-10.040084838867188,-2.935889720916748
811,45600.0,196.9579925537109,669.218017578125,-1321.987060546875,45600.0,-0.12919799983501434,-0.2507601976394653,-0.5354233980178833,45600.0,1002.1400146484376,45600.0,-5.018733024597168,-4.508720397949219,3.3683810234069824,45600.0,5.7818846702575675,-6.430985450744629,-4.624139785766602,45600.0,0.7631517648696899,-10.939705848693848,-1.2557587623596191
812,45700.0,196.62399291992188,666.844970703125,-1321.987060546875,45700.0,0.5455026626586914,-0.026572637259960168,-0.5369505286216736,45700.0,1002.1400146484376,45700.0,-5.018733024597168,-4.508720397949219,3.3683810234069824,45700.0,5.7818846702575675,-6.430985450744629,-4.624139785766602,45700.0,0.7631517648696899,-10.939705848693848,-1.2557587623596191
813,45800.0,196.31500244140625,658.6339721679688,-1321.657958984375,45800.0,0.5455026626586914,-0.026572637259960168,-0.5369505286216736,45800.0,1002.239990234375,45800.0,-2.0328176021575928,-3.219012260437012,3.9594979286193848,45800.0,5.400860786437988,-7.837410926818848,-2.361368417739868,45800.0,3.3680431842803955,-11.05642318725586,1.5981296300888062
814,45900.0,195.572998046875,653.7760009765625,-1318.427978515625,45900.0,1.718363881111145,0.0503963828086853,0.2324342280626297,45900.0,1002.239990234375,45900.0,-2.0328176021575928,-3.219012260437012,3.9594979286193848,45900.0,5.400860786437988,-7.837410926818848,-2.361368417739868,45900.0,3.3680431842803955,-11.05642318725586,1.5981296300888062
815,46000.0,14.928999900817873,-31.90299987792969,-19.4060001373291,46000.0,1.9113973379135127,0.28588494658470154,0.6670648455619812,46000.0,1002.1799926757812,46000.0,-3.5783257484436035,-0.2695131301879883,-0.5125526189804077,46000.0,4.3319005966186515,-8.771591186523438,0.6813438534736633,46000.0,0.7535749673843384,-9.041104316711426,0.16879121959209442
816,46100.0,10.02299976348877,-35.50400161743164,-17.020999908447266,46100.0,1.9113973379135127,0.28588494658470154,0.6670648455619812,46100.0,1002.1799926757812,46100.0,-0.5114133358001709,2.9362921714782715,1.0316987037658691,46100.0,1.6007751226425169,-9.440739631652832,2.1166765689849854,46100.0,1.0893617868423462,-6.5044474601745605,3.1483752727508545
817,46200.0,3.13700008392334,-36.83700180053711,-14.128999710083008,46200.0,0.8732318878173828,0.0006108652451075612,1.5720616579055786,46200.0,1002.1300048828124,46200.0,-0.5114133358001709,2.9362921714782715,1.0316987037658691,46200.0,1.6007751226425169,-9.440739631652832,2.1166765689849854,46200.0,1.0893617868423462,-6.5044474601745605,3.1483752727508545
818,46300.0,-0.5270000100135803,-36.03499984741211,-15.572999954223633,46300.0,0.8732318878173828,0.0006108652451075612,1.5720616579055786,46300.0,1002.1300048828124,46300.0,-1.1893562078475952,3.77480411529541,3.686092615127564,46300.0,0.736253559589386,-9.745943069458008,0.8030354976654053,46300.0,-0.4531026780605316,-5.971138954162598,4.489128112792969
819,46400.0,-1.9479999542236328,-35.58000183105469,-16.916999816894528,46400.0,-0.6661485433578491,-0.7293730974197388,0.5375614166259766,46400.0,1002.1699829101564,46400.0,-1.1893562078475952,3.77480411529541,3.686092615127564,46400.0,0.736253559589386,-9.745943069458008,0.8030354976654053,46400.0,-0.4531026780605316,-5.971138954162598,4.489128112792969
820,46000.0,14.928999900817873,-31.90299987792969,-19.4060001373291,46000.0,1.9113973379135127,0.28588494658470154,0.6670648455619812,46000.0,1002.1799926757812,46000.0,-3.5783257484436035,-0.2695131301879883,-0.5125526189804077,46000.0,4.3319005966186515,-8.771591186523438,0.6813438534736633,46000.0,0.7535749673843384,-9.041104316711426,0.16879121959209442
821,46100.0,10.02299976348877,-35.50400161743164,-17.020999908447266,46100.0,1.9113973379135127,0.28588494658470154,0.6670648455619812,46100.0,1002.1799926757812,46100.0,-0.5114133358001709,2.9362921714782715,1.0316987037658691,46100.0,1.6007751226425169,-9.440739631652832,2.1166765689849854,46100.0,1.0893617868423462,-6.5044474601745605,3.1483752727508545
822,46200.0,3.13700008392334,-36.83700180053711,-14.128999710083008,46200.0,0.8732318878173828,0.0006108652451075612,1.5720616579055786,46200.0,1002.1300048828124,46200.0,-0.5114133358001709,2.9362921714782715,1.0316987037658691,46200.0,1.6007751226425169,-9.440739631652832,2.1166765689849854,46200.0,1.0893617868423462,-6.5044474601745605,3.1483752727508545
823,46300.0,-0.5270000100135803,-36.03499984741211,-15.572999954223633,46300.0,0.8732318878173828,0.0006108652451075612,1.5720616579055786,46300.0,1002.1300048828124,46300.0,-1.1893562078475952,3.77480411529541,3.686092615127564,46300.0,0.736253559589386,-9.745943069458008,0.8030354976654053,46300.0,-0.4531026780605316,-5.971138954162598,4.489128112792969
824,46400.0,-1.9479999542236328,-35.58000183105469,-16.916999816894528,46400.0,-0.6661485433578491,-0.7293730974197388,0.5375614166259766,46400.0,1002.1699829101564,46400.0,-1.1893562078475952,3.77480411529541,3.686092615127564,46400.0,0.736253559589386,-9.745943069458008,0.8030354976654053,46400.0,-0.4531026780605316,-5.971138954162598,4.489128112792969
825,46500.0,-3.7290000915527344,-33.32199859619141,-18.268999099731445,46500.0,-0.6661485433578491,-0.7293730974197388,0.5375614166259766,46500.0,1002.219970703125,46500.0,3.085895538330078,5.841229438781737,2.81178879737854,46500.0,0.6065620183944702,-9.782085418701172,0.3365864157676697,46500.0,3.692457675933838,-3.9408559799194336,3.1483752727508545
826,46600.0,-1.5759999752044678,-29.87899971008301,-23.55100059509277,46600.0,-0.2315179258584976,-0.5039638280868529,0.04978551715612412,46600.0,1002.219970703125,46600.0,3.085895538330078,5.841229438781737,2.81178879737854,46600.0,0.6065620183944702,-9.782085418701172,0.3365864157676697,46600.0,3.692457675933838,-3.9408559799194336,3.1483752727508545
827,46700.0,0.5440000295639038,-26.55599975585937,-25.52400016784668,46700.0,-0.2315179258584976,-0.5039638280868529,0.04978551715612412,46700.0,1002.1699829101564,46700.0,-0.04252088069915772,2.625574111938477,2.4749715328216557,46700.0,2.015941619873047,-9.503517150878906,-1.3377257585525513,46700.0,1.9734207391738887,-6.87794303894043,1.137245774269104
828,46800.0,4.7210001945495605,-22.92600059509277,-28.996999740600586,46800.0,-0.8701775670051575,-0.5791002511978149,-0.8943067193031311,46800.0,1002.1699829101564,46800.0,-0.04252088069915772,2.625574111938477,2.4749715328216557,46800.0,2.015941619873047,-9.503517150878906,-1.3377257585525513,46800.0,1.9734207391738887,-6.87794303894043,1.137245774269104
829,46900.0,4.447000026702881,-20.506000518798828,-30.49600028991699,46900.0,-1.0497719049453735,0.5222898125648499,-0.24465152621269226,46900.0,1002.2100219726564,46900.0,-3.81400203704834,-0.038285255432128906,4.219008445739746,46900.0,2.4600811004638667,-9.044118881225586,-2.884839534759521,46900.0,-1.3539210557937622,-9.082404136657717,1.3341689109802246
830,46500.0,-3.7290000915527344,-33.32199859619141,-18.268999099731445,46500.0,-0.6661485433578491,-0.7293730974197388,0.5375614166259766,46500.0,1002.219970703125,46500.0,3.085895538330078,5.841229438781737,2.81178879737854,46500.0,0.6065620183944702,-9.782085418701172,0.3365864157676697,46500.0,3.692457675933838,-3.9408559799194336,3.1483752727508545
831,46600.0,-1.5759999752044678,-29.87899971008301,-23.55100059509277,46600.0,-0.2315179258584976,-0.5039638280868529,0.04978551715612412,46600.0,1002.219970703125,46600.0,3.085895538330078,5.841229438781737,2.81178879737854,46600.0,0.6065620183944702,-9.782085418701172,0.3365864157676697,46600.0,3.692457675933838,-3.9408559799194336,3.1483752727508545
832,46700.0,0.5440000295639038,-26.55599975585937,-25.52400016784668,46700.0,-0.2315179258584976,-0.5039638280868529,0.04978551715612412,46700.0,1002.1699829101564,46700.0,-0.04252088069915772,2.625574111938477,2.4749715328216557,46700.0,2.015941619873047,-9.503517150878906,-1.3377257585525513,46700.0,1.9734207391738887,-6.87794303894043,1.137245774269104
833,46800.0,4.7210001945495605,-22.92600059509277,-28.996999740600586,46800.0,-0.8701775670051575,-0.5791002511978149,-0.8943067193031311,46800.0,1002.1699829101564,46800.0,-0.04252088069915772,2.625574111938477,2.4749715328216557,46800.0,2.015941619873047,-9.503517150878906,-1.3377257585525513,46800.0,1.9734207391738887,-6.87794303894043,1.137245774269104
834,46900.0,4.447000026702881,-20.506000518798828,-30.49600028991699,46900.0,-1.0497719049453735,0.5222898125648499,-0.24465152621269226,46900.0,1002.2100219726564,46900.0,-3.81400203704834,-0.038285255432128906,4.219008445739746,46900.0,2.4600811004638667,-9.044118881225586,-2.884839534759521,46900.0,-1.3539210557937622,-9.082404136657717,1.3341689109802246
835,47000.0,1.2979999780654907,-18.631999969482425,-29.72100067138672,47000.0,-1.0497719049453735,0.5222898125648499,-0.24465152621269226,47000.0,1002.2100219726564,47000.0,-2.020182609558105,-0.6674833297729492,3.958948612213135,47000.0,2.269179582595825,-8.89735221862793,-3.443596839904785,47000.0,0.2489969730377197,-9.56483554840088,0.5153518915176392
836,47100.0,0.944000005722046,-17.514999389648438,-30.011999130249023,47100.0,-0.4783074855804443,0.4813618063926697,0.1982257664203644,47100.0,1002.1699829101564,47100.0,-2.020182609558105,-0.6674833297729492,3.958948612213135,47100.0,2.269179582595825,-8.89735221862793,-3.443596839904785,47100.0,0.2489969730377197,-9.56483554840088,0.5153518915176392
837,47200.0,0.944000005722046,-15.852999687194824,-30.739999771118164,47200.0,-0.4783074855804443,0.4813618063926697,0.1982257664203644,47200.0,1002.1699829101564,47200.0,-1.9610625505447388,-1.5874710083007812,3.6922783851623535,47200.0,2.0035595893859863,-8.6124267578125,-4.240550518035889,47200.0,0.042497079819440835,-10.19989776611328,-0.5482721924781799
838,47300.0,1.256999969482422,-15.494999885559082,-31.040000915527344,47300.0,-0.2535090744495392,-1.0332785844802856,-0.3799581825733185,47300.0,1002.1599731445312,47300.0,-1.9610625505447388,-1.5874710083007812,3.6922783851623535,47300.0,2.0035595893859863,-8.6124267578125,-4.240550518035889,47300.0,0.042497079819440835,-10.19989776611328,-0.5482721924781799
839,47400.0,2.200999975204468,-15.173999786376953,-31.040000915527344,47400.0,-0.2535090744495392,-1.0332785844802856,-0.3799581825733185,47400.0,1002.1699829101564,47400.0,-1.3260517120361328,-2.7712011337280287,1.3069565296173096,47400.0,2.274155616760254,-8.636571884155272,-4.0507116317749015,47400.0,0.9481038451194764,-11.4077730178833,-2.7437551021575928
840,47000.0,1.2979999780654907,-18.631999969482425,-29.72100067138672,47000.0,-1.0497719049453735,0.5222898125648499,-0.24465152621269226,47000.0,1002.2100219726564,47000.0,-2.020182609558105,-0.6674833297729492,3.958948612213135,47000.0,2.269179582595825,-8.89735221862793,-3.443596839904785,47000.0,0.2489969730377197,-9.56483554840088,0.5153518915176392
841,47100.0,0.944000005722046,-17.514999389648438,-30.011999130249023,47100.0,-0.4783074855804443,0.4813618063926697,0.1982257664203644,47100.0,1002.1699829101564,47100.0,-2.020182609558105,-0.6674833297729492,3.958948612213135,47100.0,2.269179582595825,-8.89735221862793,-3.443596839904785,47100.0,0.2489969730377197,-9.56483554840088,0.5153518915176392
842,47200.0,0.944000005722046,-15.852999687194824,-30.739999771118164,47200.0,-0.4783074855804443,0.4813618063926697,0.1982257664203644,47200.0,1002.1699829101564,47200.0,-1.9610625505447388,-1.5874710083007812,3.6922783851623535,47200.0,2.0035595893859863,-8.6124267578125,-4.240550518035889,47200.0,0.042497079819440835,-10.19989776611328,-0.5482721924781799
843,47300.0,1.256999969482422,-15.494999885559082,-31.040000915527344,47300.0,-0.2535090744495392,-1.0332785844802856,-0.3799581825733185,47300.0,1002.1599731445312,47300.0,-1.9610625505447388,-1.5874710083007812,3.6922783851623535,47300.0,2.0035595893859863,-8.6124267578125,-4.240550518035889,47300.0,0.042497079819440835,-10.19989776611328,-0.5482721924781799
844,47400.0,2.200999975204468,-15.173999786376953,-31.040000915527344,47400.0,-0.2535090744495392,-1.0332785844802856,-0.3799581825733185,47400.0,1002.1699829101564,47400.0,-1.3260517120361328,-2.7712011337280287,1.3069565296173096,47400.0,2.274155616760254,-8.636571884155272,-4.0507116317749015,47400.0,0.9481038451194764,-11.4077730178833,-2.7437551021575928
845,47500.0,4.071000099182129,-14.494999885559082,-31.37299919128418,47500.0,0.14996741712093353,-0.14385876059532166,-0.3381139039993286,47500.0,1002.1699829101564,47500.0,-1.3260517120361328,-2.7712011337280287,1.3069565296173096,47500.0,2.274155616760254,-8.636571884155272,-4.0507116317749015,47500.0,0.9481038451194764,-11.4077730178833,-2.7437551021575928
846,47600.0,4.071000099182129,-14.494999885559082,-31.691999435424805,47600.0,0.14996741712093353,-0.14385876059532166,-0.3381139039993286,47600.0,1002.1300048828124,47600.0,-0.22016501426696766,-0.980499267578125,1.7325561046600342,47600.0,2.778968095779419,-9.09250545501709,-2.402932643890381,47600.0,2.558803081512451,-10.073004722595217,-0.6703764796257019
847,47700.0,8.050000190734862,-20.78700065612793,-31.691999435424805,47700.0,0.8891143798828125,0.4725042581558228,-0.2189951837062836,47700.0,1002.1300048828124,47700.0,-0.22016501426696766,-0.980499267578125,1.7325561046600342,47700.0,2.778968095779419,-9.09250545501709,-2.402932643890381,47700.0,2.558803081512451,-10.073004722595217,-0.6703764796257019
848,47800.0,8.37399959564209,-25.41900062561035,-31.691999435424805,47800.0,1.6084082126617432,0.03145955875515938,0.4407392740249634,47800.0,1002.1400146484376,47800.0,0.2343151569366455,1.250993728637695,-2.3221991062164307,47800.0,1.9007141590118408,-9.61453914642334,0.3439899682998657,47800.0,2.1350293159484863,-8.363545417785645,-1.978209137916565
849,47900.0,8.656000137329103,-29.19700050354004,-31.30100059509277,47900.0,1.6084082126617432,0.03145955875515938,0.4407392740249634,47900.0,1002.1400146484376,47900.0,0.4373164176940918,0.25031280517578125,0.21709966659545896,47900.0,-0.7509568333625793,-9.397958755493164,2.699038028717041,47900.0,-0.31364041566848755,-9.147645950317383,2.9161376953125
850,47500.0,4.071000099182129,-14.494999885559082,-31.37299919128418,47500.0,0.14996741712093353,-0.14385876059532166,-0.3381139039993286,47500.0,1002.1699829101564,47500.0,-1.3260517120361328,-2.7712011337280287,1.3069565296173096,47500.0,2.274155616760254,-8.636571884155272,-4.0507116317749015,47500.0,0.9481038451194764,-11.4077730178833,-2.7437551021575928
851,47600.0,4.071000099182129,-14.494999885559082,-31.691999435424805,47600.0,0.14996741712093353,-0.14385876059532166,-0.3381139039993286,47600.0,1002.1300048828124,47600.0,-0.22016501426696766,-0.980499267578125,1.7325561046600342,47600.0,2.778968095779419,-9.09250545501709,-2.402932643890381,47600.0,2.558803081512451,-10.073004722595217,-0.6703764796257019
852,47700.0,8.050000190734862,-20.78700065612793,-31.691999435424805,47700.0,0.8891143798828125,0.4725042581558228,-0.2189951837062836,47700.0,1002.1300048828124,47700.0,-0.22016501426696766,-0.980499267578125,1.7325561046600342,47700.0,2.778968095779419,-9.09250545501709,-2.402932643890381,47700.0,2.558803081512451,-10.073004722595217,-0.6703764796257019
853,47800.0,8.37399959564209,-25.41900062561035,-31.691999435424805,47800.0,1.6084082126617432,0.03145955875515938,0.4407392740249634,47800.0,1002.1400146484376,47800.0,0.2343151569366455,1.250993728637695,-2.3221991062164307,47800.0,1.9007141590118408,-9.61453914642334,0.3439899682998657,47800.0,2.1350293159484863,-8.363545417785645,-1.978209137916565
854,47900.0,8.656000137329103,-29.19700050354004,-31.30100059509277,47900.0,1.6084082126617432,0.03145955875515938,0.4407392740249634,47900.0,1002.1400146484376,47900.0,0.4373164176940918,0.25031280517578125,0.21709966659545896,47900.0,-0.7509568333625793,-9.397958755493164,2.699038028717041,47900.0,-0.31364041566848755,-9.147645950317383,2.9161376953125
855,48000.0,6.5329999923706055,-34.9739990234375,-29.018999099731445,48000.0,1.3087787628173828,0.8628471493721008,1.3096951246261597,48000.0,1002.1400146484376,48000.0,0.4373164176940918,0.25031280517578125,0.21709966659545896,48000.0,-0.7509568333625793,-9.397958755493164,2.699038028717041,48000.0,-0.31364041566848755,-9.147645950317383,2.9161376953125
856,48100.0,2.5420000553131104,-37.334999084472656,-27.75200080871582,48100.0,1.3087787628173828,0.8628471493721008,1.3096951246261597,48100.0,1002.1400146484376,48100.0,0.951668620109558,3.4370174407958984,0.6356518268585205,48100.0,-1.7070392370224,-8.986178398132324,3.536244630813598,48100.0,-0.7553706169128418,-5.549160957336426,4.171896457672118
857,48200.0,-0.3639999926090241,-36.4630012512207,-27.78899955749512,48200.0,0.5308418869972229,0.2996293902397156,0.4040873646736145,48200.0,1002.1400146484376,48200.0,0.951668620109558,3.4370174407958984,0.6356518268585205,48200.0,-1.7070392370224,-8.986178398132324,3.536244630813598,48200.0,-0.7553706169128418,-5.549160957336426,4.171896457672118
858,48300.0,-1.6440000534057615,-35.55599975585937,-27.78899955749512,48300.0,0.5308418869972229,0.2996293902397156,0.4040873646736145,48300.0,1002.1199951171876,48300.0,-0.8026680946350098,-1.2409381866455078,5.0151333808898935,48300.0,-1.5897378921508791,-9.264220237731934,2.795949459075928,48300.0,-2.3924059867858887,-10.50515842437744,7.81108283996582
859,48400.0,-0.9409999847412108,-34.29399871826172,-31.761999130249023,48400.0,-0.6017022728919983,-0.570853590965271,0.06200282275676727,48400.0,1002.1199951171876,48400.0,-0.8026680946350098,-1.2409381866455078,5.0151333808898935,48400.0,-1.5897378921508791,-9.264220237731934,2.795949459075928,48400.0,-2.3924059867858887,-10.50515842437744,7.81108283996582
860,48000.0,6.5329999923706055,-34.9739990234375,-29.018999099731445,48000.0,1.3087787628173828,0.8628471493721008,1.3096951246261597,48000.0,1002.1400146484376,48000.0,0.4373164176940918,0.25031280517578125,0.21709966659545896,48000.0,-0.7509568333625793,-9.397958755493164,2.699038028717041,48000.0,-0.31364041566848755,-9.147645950317383,2.9161376953125
861,48100.0,2.5420000553131104,-37.334999084472656,-27.75200080871582,48100.0,1.3087787628173828,0.8628471493721008,1.3096951246261597,48100.0,1002.1400146484376,48100.0,0.951668620109558,3.4370174407958984,0.6356518268585205,48100.0,-1.7070392370224,-8.986178398132324,3.536244630813598,48100.0,-0.7553706169128418,-5.549160957336426,4.171896457672118
862,48200.0,-0.3639999926090241,-36.4630012512207,-27.78899955749512,48200.0,0.5308418869972229,0.2996293902397156,0.4040873646736145,48200.0,1002.1400146484376,48200.0,0.951668620109558,3.4370174407958984,0.6356518268585205,48200.0,-1.7070392370224,-8.986178398132324,3.536244630813598,48200.0,-0.7553706169128418,-5.549160957336426,4.171896457672118
863,48300.0,-1.6440000534057615,-35.55599975585937,-27.78899955749512,48300.0,0.5308418869972229,0.2996293902397156,0.4040873646736145,48300.0,1002.1199951171876,48300.0,-0.8026680946350098,-1.2409381866455078,5.0151333808898935,48300.0,-1.5897378921508791,-9.264220237731934,2.795949459075928,48300.0,-2.3924059867858887,-10.50515842437744,7.81108283996582
864,48400.0,-0.9409999847412108,-34.29399871826172,-31.761999130249023,48400.0,-0.6017022728919983,-0.570853590965271,0.06200282275676727,48400.0,1002.1199951171876,48400.0,-0.8026680946350098,-1.2409381866455078,5.0151333808898935,48400.0,-1.5897378921508791,-9.264220237731934,2.795949459075928,48400.0,-2.3924059867858887,-10.50515842437744,7.81108283996582
865,48500.0,-0.5929999947547913,-28.569000244140625,-37.59000015258789,48500.0,-0.6017022728919983,-0.570853590965271,0.06200282275676727,48500.0,1002.1699829101564,48500.0,0.01311299204826355,-2.9913921356201167,2.7602834701538086,48500.0,-0.3644620776176453,-9.792448043823242,0.3815075159072876,48500.0,-0.3513490855693817,-12.78384017944336,3.1417911052703857
866,48600.0,3.766999959945679,-24.27599906921387,-39.637001037597656,48600.0,-1.4327844381332395,-0.4718933999538422,-0.6640105247497559,48600.0,1002.1699829101564,48600.0,0.01311299204826355,-2.9913921356201167,2.7602834701538086,48600.0,-0.3644620776176453,-9.792448043823242,0.3815075159072876,48600.0,-0.3513490855693817,-12.78384017944336,3.1417911052703857
867,48700.0,5.72599983215332,-22.163000106811523,-39.82799911499024,48700.0,-0.9043859839439392,0.5015203952789307,-0.9077457785606384,48700.0,1002.1400146484376,48700.0,0.6163299083709717,-0.15480804443359375,1.0586895942687988,48700.0,1.1829127073287964,-9.666207313537598,-1.155654788017273,48700.0,1.799242615699768,-9.821015357971193,-0.09696517139673233
868,48800.0,3.311000108718872,-20.58699989318848,-40.20000076293945,48800.0,-0.9043859839439392,0.5015203952789307,-0.9077457785606384,48800.0,1002.1400146484376,48800.0,-0.7259410619735718,0.2407026290893555,2.567754983901977,48800.0,1.2155553102493286,-9.530803680419922,-1.9638175964355469,48800.0,0.4896142482757568,-9.290101051330566,0.6039373874664307
869,48900.0,1.4980000257492063,-17.922000885009766,-40.6349983215332,48900.0,-0.5571091175079346,0.5659666657447815,-0.009162978269159794,48900.0,1002.219970703125,48900.0,-0.7259410619735718,0.2407026290893555,2.567754983901977,48900.0,1.2155553102493286,-9.530803680419922,-1.9638175964355469,48900.0,0.4896142482757568,-9.290101051330566,0.6039373874664307
870,48500.0,-0.5929999947547913,-28.569000244140625,-37.59000015258789,48500.0,-0.6017022728919983,-0.570853590965271,0.06200282275676727,48500.0,1002.1699829101564,48500.0,0.01311299204826355,-2.9913921356201167,2.7602834701538086,48500.0,-0.3644620776176453,-9.792448043823242,0.3815075159072876,48500.0,-0.3513490855693817,-12.78384017944336,3.1417911052703857
871,48600.0,3.766999959945679,-24.27599906921387,-39.637001037597656,48600.0,-1.4327844381332395,-0.4718933999538422,-0.6640105247497559,48600.0,1002.1699829101564,48600.0,0.01311299204826355,-2.9913921356201167,2.7602834701538086,48600.0,-0.3644620776176453,-9.792448043823242,0.3815075159072876,48600.0,-0.3513490855693817,-12.78384017944336,3.1417911052703857
872,48700.0,5.72599983215332,-22.163000106811523,-39.82799911499024,48700.0,-0.9043859839439392,0.5015203952789307,-0.9077457785606384,48700.0,1002.1400146484376,48700.0,0.6163299083709717,-0.15480804443359375,1.0586895942687988,48700.0,1.1829127073287964,-9.666207313537598,-1.155654788017273,48700.0,1.799242615699768,-9.821015357971193,-0.09696517139673233
873,48800.0,3.311000108718872,-20.58699989318848,-40.20000076293945,48800.0,-0.9043859839439392,0.5015203952789307,-0.9077457785606384,48800.0,1002.1400146484376,48800.0,-0.7259410619735718,0.2407026290893555,2.567754983901977,48800.0,1.2155553102493286,-9.530803680419922,-1.9638175964355469,48800.0,0.4896142482757568,-9.290101051330566,0.6039373874664307
874,48900.0,1.4980000257492063,-17.922000885009766,-40.6349983215332,48900.0,-0.5571091175079346,0.5659666657447815,-0.009162978269159794,48900.0,1002.219970703125,48900.0,-0.7259410619735718,0.2407026290893555,2.567754983901977,48900.0,1.2155553102493286,-9.530803680419922,-1.9638175964355469,48900.0,0.4896142482757568,-9.290101051330566,0.6039373874664307
875,49000.0,0.4620000123977661,-14.807000160217285,-41.28200149536133,49000.0,-0.5571091175079346,0.5659666657447815,-0.009162978269159794,49000.0,1002.219970703125,49000.0,0.859685480594635,0.4397764205932617,2.436260938644409,49000.0,0.5247616171836853,-9.28575325012207,-3.1096301078796387,49000.0,1.3844470977783203,-8.845976829528809,-0.6733692288398743
876,49100.0,0.9139999747276306,-11.571999549865724,-41.67399978637695,49100.0,-0.6450737118721008,-0.5528330206871033,0.19517144560813904,49100.0,1002.1699829101564,49100.0,0.859685480594635,0.4397764205932617,2.436260938644409,49100.0,0.5247616171836853,-9.28575325012207,-3.1096301078796387,49100.0,1.3844470977783203,-8.845976829528809,-0.6733692288398743
877,49200.0,0.9139999747276306,-10.086000442504883,-42.31700134277344,49200.0,-0.6450737118721008,-0.5528330206871033,0.19517144560813904,49200.0,1002.1199951171876,49200.0,-0.2107245922088623,-0.5288524627685547,3.7263786792755127,49200.0,0.8864880204200745,-9.151503562927246,-3.410942554473877,49200.0,0.6757634282112122,-9.6803560256958,0.31543606519699097
878,49300.0,5.3969998359680185,-8.975000381469727,-42.70899963378906,49300.0,-0.23609942197799685,0.11820242553949355,-0.23976461589336395,49300.0,1002.1199951171876,49300.0,-0.2107245922088623,-0.5288524627685547,3.7263786792755127,49300.0,0.8864880204200745,-9.151503562927246,-3.410942554473877,49300.0,0.6757634282112122,-9.6803560256958,0.31543606519699097
879,49400.0,8.39900016784668,-8.975000381469727,-43.02299880981445,49400.0,-0.23609942197799685,0.11820242553949355,-0.23976461589336395,49400.0,1002.1199951171876,49400.0,-0.027140021324157715,-4.141530990600587,1.7190717458724976,49400.0,1.2188539505004885,-9.075060844421387,-3.511131763458252,49400.0,1.1917139291763306,-13.216591835021973,-1.7920600175857544
880,49000.0,0.4620000123977661,-14.807000160217285,-41.28200149536133,49000.0,-0.5571091175079346,0.5659666657447815,-0.009162978269159794,49000.0,1002.219970703125,49000.0,0.859685480594635,0.4397764205932617,2.436260938644409,49000.0,0.5247616171836853,-9.28575325012207,-3.1096301078796387,49000.0,1.3844470977783203,-8.845976829528809,-0.6733692288398743
881,49100.0,0.9139999747276306,-11.571999549865724,-41.67399978637695,49100.0,-0.6450737118721008,-0.5528330206871033,0.19517144560813904,49100.0,1002.1699829101564,49100.0,0.859685480594635,0.4397764205932617,2.436260938644409,49100.0,0.5247616171836853,-9.28575325012207,-3.1096301078796387,49100.0,1.3844470977783203,-8.845976829528809,-0.6733692288398743
882,49200.0,0.9139999747276306,-10.086000442504883,-42.31700134277344,49200.0,-0.6450737118721008,-0.5528330206871033,0.19517144560813904,49200.0,1002.1199951171876,49200.0,-0.2107245922088623,-0.5288524627685547,3.7263786792755127,49200.0,0.8864880204200745,-9.151503562927246,-3.410942554473877,49200.0,0.6757634282112122,-9.6803560256958,0.31543606519699097
883,49300.0,5.3969998359680185,-8.975000381469727,-42.70899963378906,49300.0,-0.23609942197799685,0.11820242553949355,-0.23976461589336395,49300.0,1002.1199951171876,49300.0,-0.2107245922088623,-0.5288524627685547,3.7263786792755127,49300.0,0.8864880204200745,-9.151503562927246,-3.410942554473877,49300.0,0.6757634282112122,-9.6803560256958,0.31543606519699097
884,49400.0,8.39900016784668,-8.975000381469727,-43.02299880981445,49400.0,-0.23609942197799685,0.11820242553949355,-0.23976461589336395,49400.0,1002.1199951171876,49400.0,-0.027140021324157715,-4.141530990600587,1.7190717458724976,49400.0,1.2188539505004885,-9.075060844421387,-3.511131763458252,49400.0,1.1917139291763306,-13.216591835021973,-1.7920600175857544
885,49500.0,10.416999816894533,-10.147000312805176,-44.21799850463867,49500.0,-0.14905111491680145,0.2370157092809677,-0.1820378452539444,49500.0,1002.1199951171876,49500.0,-0.027140021324157715,-4.141530990600587,1.7190717458724976,49500.0,1.2188539505004885,-9.075060844421387,-3.511131763458252,49500.0,1.1917139291763306,-13.216591835021973,-1.7920600175857544
886,49600.0,12.970999717712402,-19.915000915527344,-45.9119987487793,49600.0,1.2718214988708496,0.4691445231437683,-0.1014036312699318,49600.0,1002.1799926757812,49600.0,-0.2669154405593872,0.02838611602783203,1.2544518709182741,49600.0,1.4700018167495728,-9.62374782562256,-1.1802315711975098,49600.0,1.2030863761901855,-9.595361709594727,0.07422025501728058
887,49700.0,17.506999969482422,-26.408000946044922,-45.9119987487793,49700.0,1.2718214988708496,0.4691445231437683,-0.1014036312699318,49700.0,1002.1799926757812,49700.0,-2.52176833152771,-1.1165313720703125,5.22238826751709,49700.0,0.4968721866607666,-9.754940032958984,0.8744465112686157,49700.0,-2.024896144866944,-10.871471405029297,6.096834659576416
888,49800.0,14.996999740600586,-36.749000549316406,-45.9119987487793,49800.0,1.0393872261047363,-0.221133217215538,0.4028656184673309,49800.0,1002.2000122070312,49800.0,-2.52176833152771,-1.1165313720703125,5.22238826751709,49800.0,0.4968721866607666,-9.754940032958984,0.8744465112686157,49800.0,-2.024896144866944,-10.871471405029297,6.096834659576416
889,49900.0,9.642000198364258,-44.391998291015625,-43.74800109863281,49900.0,1.0393872261047363,-0.221133217215538,0.4028656184673309,49900.0,1002.2000122070312,49900.0,0.9457104206085204,2.07710599899292,-0.6824426651000977,49900.0,-2.128446102142334,-9.20823574066162,2.616957664489746,49900.0,-1.1827356815338137,-7.131129741668701,1.9345149993896484
890,49500.0,10.416999816894533,-10.147000312805176,-44.21799850463867,49500.0,-0.14905111491680145,0.2370157092809677,-0.1820378452539444,49500.0,1002.1199951171876,49500.0,-0.027140021324157715,-4.141530990600587,1.7190717458724976,49500.0,1.2188539505004885,-9.075060844421387,-3.511131763458252,49500.0,1.1917139291763306,-13.216591835021973,-1.7920600175857544
891,49600.0,12.970999717712402,-19.915000915527344,-45.9119987487793,49600.0,1.2718214988708496,0.4691445231437683,-0.1014036312699318,49600.0,1002.1799926757812,49600.0,-0.2669154405593872,0.02838611602783203,1.2544518709182741,49600.0,1.4700018167495728,-9.62374782562256,-1.1802315711975098,49600.0,1.2030863761901855,-9.595361709594727,0.07422025501728058
892,49700.0,17.506999969482422,-26.408000946044922,-45.9119987487793,49700.0,1.2718214988708496,0.4691445231437683,-0.1014036312699318,49700.0,1002.1799926757812,49700.0,-2.52176833152771,-1.1165313720703125,5.22238826751709,49700.0,0.4968721866607666,-9.754940032958984,0.8744465112686157,49700.0,-2.024896144866944,-10.871471405029297,6.096834659576416
893,49800.0,14.996999740600586,-36.749000549316406,-45.9119987487793,49800.0,1.0393872261047363,-0.221133217215538,0.4028656184673309,49800.0,1002.2000122070312,49800.0,-2.52176833152771,-1.1165313720703125,5.22238826751709,49800.0,0.4968721866607666,-9.754940032958984,0.8744465112686157,49800.0,-2.024896144866944,-10.871471405029297,6.096834659576416
894,49900.0,9.642000198364258,-44.391998291015625,-43.74800109863281,49900.0,1.0393872261047363,-0.221133217215538,0.4028656184673309,49900.0,1002.2000122070312,49900.0,0.9457104206085204,2.07710599899292,-0.6824426651000977,49900.0,-2.128446102142334,-9.20823574066162,2.616957664489746,49900.0,-1.1827356815338137,-7.131129741668701,1.9345149993896484
895,50000.0,3.0499999523162837,-48.72100067138672,-39.68600082397461,50000.0,0.9156870245933532,-0.8854491710662842,1.6026049852371216,50000.0,1002.1300048828124,50000.0,0.9457104206085204,2.07710599899292,-0.6824426651000977,50000.0,-2.128446102142334,-9.20823574066162,2.616957664489746,50000.0,-1.1827356815338137,-7.131129741668701,1.9345149993896484
896,50100.0,0.3659999966621399,-48.97700119018555,-39.80799865722656,50100.0,0.9156870245933532,-0.8854491710662842,1.6026049852371216,50100.0,1002.0599975585938,50100.0,0.2224218845367432,4.346358776092528,2.1423890590667725,50100.0,-2.5058917999267583,-9.229931831359863,2.1677725315093994,50100.0,-2.283469915390014,-4.883573055267334,4.310161590576172
897,50200.0,0.3210000097751617,-44.70600128173828,-44.56399917602539,50200.0,-0.34697145223617554,-0.11667526513338088,0.1713477075099945,50200.0,1002.0599975585938,50200.0,0.2224218845367432,4.346358776092528,2.1423890590667725,50200.0,-2.5058917999267583,-9.229931831359863,2.1677725315093994,50200.0,-2.283469915390014,-4.883573055267334,4.310161590576172
898,50300.0,2.309999942779541,-41.29899978637695,-49.683998107910156,50300.0,-0.34697145223617554,-0.11667526513338088,0.1713477075099945,50300.0,1002.1199951171876,50300.0,0.8137117624282837,6.293184280395508,2.000752210617065,50300.0,-1.5732722282409668,-9.46669864654541,2.0191123485565186,50300.0,-0.7595604658126831,-3.1735143661499023,4.019864559173584
899,50400.0,4.633999824523926,-36.20100021362305,-53.58399963378906,50400.0,-0.18997909128665924,-0.4025602042675018,-0.5338962078094482,50400.0,1002.1199951171876,50400.0,0.8137117624282837,6.293184280395508,2.000752210617065,50400.0,-1.5732722282409668,-9.46669864654541,2.0191123485565186,50400.0,-0.7595604658126831,-3.1735143661499023,4.019864559173584
900,50000.0,3.0499999523162837,-48.72100067138672,-39.68600082397461,50000.0,0.9156870245933532,-0.8854491710662842,1.6026049852371216,50000.0,1002.1300048828124,50000.0,0.9457104206085204,2.07710599899292,-0.6824426651000977,50000.0,-2.128446102142334,-9.20823574066162,2.616957664489746,50000.0,-1.1827356815338137,-7.131129741668701,1.9345149993896484
901,50100.0,0.3659999966621399,-48.97700119018555,-39.80799865722656,50100.0,0.9156870245933532,-0.8854491710662842,1.6026049852371216,50100.0,1002.0599975585938,50100.0,0.2224218845367432,4.346358776092528,2.1423890590667725,50100.0,-2.5058917999267583,-9.229931831359863,2.1677725315093994,50100.0,-2.283469915390014,-4.883573055267334,4.310161590576172
902,50200.0,0.3210000097751617,-44.70600128173828,-44.56399917602539,50200.0,-0.34697145223617554,-0.11667526513338088,0.1713477075099945,50200.0,1002.0599975585938,50200.0,0.2224218845367432,4.346358776092528,2.1423890590667725,50200.0,-2.5058917999267583,-9.229931831359863,2.1677725315093994,50200.0,-2.283469915390014,-4.883573055267334,4.310161590576172
903,50300.0,2.309999942779541,-41.29899978637695,-49.683998107910156,50300.0,-0.34697145223617554,-0.11667526513338088,0.1713477075099945,50300.0,1002.1199951171876,50300.0,0.8137117624282837,6.293184280395508,2.000752210617065,50300.0,-1.5732722282409668,-9.46669864654541,2.0191123485565186,50300.0,-0.7595604658126831,-3.1735143661499023,4.019864559173584
904,50400.0,4.633999824523926,-36.20100021362305,-53.58399963378906,50400.0,-0.18997909128665924,-0.4025602042675018,-0.5338962078094482,50400.0,1002.1199951171876,50400.0,0.8137117624282837,6.293184280395508,2.000752210617065,50400.0,-1.5732722282409668,-9.46669864654541,2.0191123485565186,50400.0,-0.7595604658126831,-3.1735143661499023,4.019864559173584
905,50500.0,8.979000091552734,-30.23600006103516,-56.612998962402344,50500.0,-1.1398745775222778,-0.502436637878418,-1.2150110006332395,50500.0,1002.0999755859376,50500.0,-0.2356040477752685,0.0110931396484375,0.5257400274276733,50500.0,2.218003034591675,-9.551986694335938,-0.10196633636951448,50500.0,1.9823989868164065,-9.5408935546875,0.4237737059593201
906,50600.0,6.201000213623048,-29.06399917602539,-56.2130012512207,50600.0,-1.1398745775222778,-0.502436637878418,-1.2150110006332395,50600.0,1002.0999755859376,50600.0,-1.299015760421753,0.4329910278320313,-0.7312304377555847,50600.0,0.6980710625648499,-9.682989120483398,1.3866431713104248,50600.0,-0.6009446382522583,-9.249998092651367,0.6554127335548401
907,50700.0,2.9719998836517334,-25.08300018310547,-58.512001037597656,50700.0,-0.26511552929878235,0.02260201424360276,-0.4343251883983612,50700.0,1002.0800170898438,50700.0,-1.299015760421753,0.4329910278320313,-0.7312304377555847,50700.0,0.6980710625648499,-9.682989120483398,1.3866431713104248,50700.0,-0.6009446382522583,-9.249998092651367,0.6554127335548401
908,50800.0,-0.6740000247955322,-21.99399948120117,-59.24800109863281,50800.0,-0.26511552929878235,0.02260201424360276,-0.4343251883983612,50800.0,1002.0800170898438,50800.0,0.8041713237762451,0.3614616394042969,-0.05737721920013428,50800.0,0.32708895206451416,-9.776061058044434,0.7014175057411194,50800.0,1.1312602758407593,-9.414599418640137,0.6440402865409851
909,50900.0,-1.218999981880188,-17.416999816894528,-59.98199844360352,50900.0,-0.5546656250953674,-1.1166616678237915,-0.012217304669320585,50900.0,1002.1099853515624,50900.0,0.8041713237762451,0.3614616394042969,-0.05737721920013428,50900.0,0.32708895206451416,-9.776061058044434,0.7014175057411194,50900.0,1.1312602758407593,-9.414599418640137,0.6440402865409851
910,50500.0,8.979000091552734,-30.23600006103516,-56.612998962402344,50500.0,-1.1398745775222778,-0.502436637878418,-1.2150110006332395,50500.0,1002.0999755859376,50500.0,-0.2356040477752685,0.0110931396484375,0.5257400274276733,50500.0,2.218003034591675,-9.551986694335938,-0.10196633636951448,50500.0,1.9823989868164065,-9.5408935546875,0.4237737059593201
911,50600.0,6.201000213623048,-29.06399917602539,-56.2130012512207,50600.0,-1.1398745775222778,-0.502436637878418,-1.2150110006332395,50600.0,1002.0999755859376,50600.0,-1.299015760421753,0.4329910278320313,-0.7312304377555847,50600.0,0.6980710625648499,-9.682989120483398,1.3866431713104248,50600.0,-0.6009446382522583,-9.249998092651367,0.6554127335548401
912,50700.0,2.9719998836517334,-25.08300018310547,-58.512001037597656,50700.0,-0.26511552929878235,0.02260201424360276,-0.4343251883983612,50700.0,1002.0800170898438,50700.0,-1.299015760421753,0.4329910278320313,-0.7312304377555847,50700.0,0.6980710625648499,-9.682989120483398,1.3866431713104248,50700.0,-0.6009446382522583,-9.249998092651367,0.6554127335548401
913,50800.0,-0.6740000247955322,-21.99399948120117,-59.24800109863281,50800.0,-0.26511552929878235,0.02260201424360276,-0.4343251883983612,50800.0,1002.0800170898438,50800.0,0.8041713237762451,0.3614616394042969,-0.05737721920013428,50800.0,0.32708895206451416,-9.776061058044434,0.7014175057411194,50800.0,1.1312602758407593,-9.414599418640137,0.6440402865409851
914,50900.0,-1.218999981880188,-17.416999816894528,-59.98199844360352,50900.0,-0.5546656250953674,-1.1166616678237915,-0.012217304669320585,50900.0,1002.1099853515624,50900.0,0.8041713237762451,0.3614616394042969,-0.05737721920013428,50900.0,0.32708895206451416,-9.776061058044434,0.7014175057411194,50900.0,1.1312602758407593,-9.414599418640137,0.6440402865409851
915,51000.0,0.8709999918937683,-16.229000091552734,-60.887001037597656,51000.0,-0.5546656250953674,-1.1166616678237915,-0.012217304669320585,51000.0,1002.1099853515624,51000.0,0.3988328576087952,0.1789722442626953,-1.3480541706085205,51000.0,0.3272088170051575,-9.750990867614746,0.9907196164131165,51000.0,0.7260416746139526,-9.57201862335205,-0.35733461380004883
916,51100.0,3.5169999599456787,-15.968000411987305,-61.2239990234375,51100.0,-0.2840523421764374,-0.4190535545349121,-0.06352998316287994,51100.0,1002.1099853515624,51100.0,0.3988328576087952,0.1789722442626953,-1.3480541706085205,51100.0,0.3272088170051575,-9.750990867614746,0.9907196164131165,51100.0,0.7260416746139526,-9.57201862335205,-0.35733461380004883
917,51200.0,8.157999992370605,-16.934999465942386,-61.60400009155274,51200.0,-0.2840523421764374,-0.4190535545349121,-0.06352998316287994,51200.0,1002.0399780273438,51200.0,0.9521411061286926,-2.086996078491211,-3.799171447753906,51200.0,0.812984049320221,-9.652373313903807,1.530066728591919,51200.0,1.7651251554489136,-11.73936939239502,-2.269104719161988
918,51300.0,5.2729997634887695,-21.499000549316406,-61.90900039672852,51300.0,0.23487769067287445,0.342695415019989,-0.3484986126422882,51300.0,1002.0399780273438,51300.0,0.9521411061286926,-2.086996078491211,-3.799171447753906,51300.0,0.812984049320221,-9.652373313903807,1.530066728591919,51300.0,1.7651251554489136,-11.73936939239502,-2.269104719161988
919,51400.0,10.267000198364258,-33.147998809814446,-61.90900039672852,51400.0,0.6126978397369385,0.8579602241516113,0.10934487730264664,51400.0,1002.1500244140624,51400.0,3.0038037300109863,-2.4780759811401367,6.357895374298098,51400.0,-0.02900821529328823,-9.34149932861328,2.9842801094055176,51400.0,2.9747955799102783,-11.819575309753418,9.342175483703613
920,51000.0,0.8709999918937683,-16.229000091552734,-60.887001037597656,51000.0,-0.5546656250953674,-1.1166616678237915,-0.012217304669320585,51000.0,1002.1099853515624,51000.0,0.3988328576087952,0.1789722442626953,-1.3480541706085205,51000.0,0.3272088170051575,-9.750990867614746,0.9907196164131165,51000.0,0.7260416746139526,-9.57201862335205,-0.35733461380004883
921,51100.0,3.5169999599456787,-15.968000411987305,-61.2239990234375,51100.0,-0.2840523421764374,-0.4190535545349121,-0.06352998316287994,51100.0,1002.1099853515624,51100.0,0.3988328576087952,0.1789722442626953,-1.3480541706085205,51100.0,0.3272088170051575,-9.750990867614746,0.9907196164131165,51100.0,0.7260416746139526,-9.57201862335205,-0.35733461380004883
922,51200.0,8.157999992370605,-16.934999465942386,-61.60400009155274,51200.0,-0.2840523421764374,-0.4190535545349121,-0.06352998316287994,51200.0,1002.0399780273438,51200.0,0.9521411061286926,-2.086996078491211,-3.799171447753906,51200.0,0.812984049320221,-9.652373313903807,1.530066728591919,51200.0,1.7651251554489136,-11.73936939239502,-2.269104719161988
923,51300.0,5.2729997634887695,-21.499000549316406,-61.90900039672852,51300.0,0.23487769067287445,0.342695415019989,-0.3484986126422882,51300.0,1002.0399780273438,51300.0,0.9521411061286926,-2.086996078491211,-3.799171447753906,51300.0,0.812984049320221,-9.652373313903807,1.530066728591919,51300.0,1.7651251554489136,-11.73936939239502,-2.269104719161988
924,51400.0,10.267000198364258,-33.147998809814446,-61.90900039672852,51400.0,0.6126978397369385,0.8579602241516113,0.10934487730264664,51400.0,1002.1500244140624,51400.0,3.0038037300109863,-2.4780759811401367,6.357895374298098,51400.0,-0.02900821529328823,-9.34149932861328,2.9842801094055176,51400.0,2.9747955799102783,-11.819575309753418,9.342175483703613
925,51500.0,11.227999687194824,-40.05799865722656,-59.51499938964844,51500.0,0.6126978397369385,0.8579602241516113,0.10934487730264664,51500.0,1002.1500244140624,51500.0,0.9386658668518066,-0.4292078018188477,-1.9351701736450195,51500.0,-0.7297717332839966,-9.08594799041748,3.617096900939941,51500.0,0.20889410376548767,-9.515155792236328,1.681926727294922
926,51600.0,7.53000020980835,-48.91299819946289,-53.02799987792969,51600.0,1.0415252447128296,-0.8506298661231995,0.9813550114631652,51600.0,1002.0499877929688,51600.0,0.9386658668518066,-0.4292078018188477,-1.9351701736450195,51600.0,-0.7297717332839966,-9.08594799041748,3.617096900939941,51600.0,0.20889410376548767,-9.515155792236328,1.681926727294922
927,51700.0,-1.1820000410079956,-52.986000061035156,-50.45299911499024,51700.0,1.0415252447128296,-0.8506298661231995,0.9813550114631652,51700.0,1002.0499877929688,51700.0,1.3939281702041626,1.8914408683776849,-0.5549106597900391,51700.0,-2.158277034759521,-9.046512603759766,3.1101224422454834,51700.0,-0.7643488645553589,-7.15507173538208,2.5552117824554443
928,51800.0,-8.133999824523926,-54.89799880981445,-48.46799850463867,51800.0,0.7681630253791809,1.2165381908416748,1.1557570695877075,51800.0,1002.0700073242188,51800.0,1.3939281702041626,1.8914408683776849,-0.5549106597900391,51800.0,-2.158277034759521,-9.046512603759766,3.1101224422454834,51800.0,-0.7643488645553589,-7.15507173538208,2.5552117824554443
929,51900.0,-10.876999855041504,-53.13399887084961,-49.22900009155274,51900.0,0.7681630253791809,1.2165381908416748,1.1557570695877075,51900.0,1002.0,51900.0,1.008366346359253,2.778303623199463,0.9103281497955322,51900.0,-2.258139610290528,-9.161245346069336,2.672594785690308,51900.0,-1.2497732639312744,-6.382941722869872,3.58292293548584
930,51500.0,11.227999687194824,-40.05799865722656,-59.51499938964844,51500.0,0.6126978397369385,0.8579602241516113,0.10934487730264664,51500.0,1002.1500244140624,51500.0,0.9386658668518066,-0.4292078018188477,-1.9351701736450195,51500.0,-0.7297717332839966,-9.08594799041748,3.617096900939941,51500.0,0.20889410376548767,-9.515155792236328,1.681926727294922
931,51600.0,7.53000020980835,-48.91299819946289,-53.02799987792969,51600.0,1.0415252447128296,-0.8506298661231995,0.9813550114631652,51600.0,1002.0499877929688,51600.0,0.9386658668518066,-0.4292078018188477,-1.9351701736450195,51600.0,-0.7297717332839966,-9.08594799041748,3.617096900939941,51600.0,0.20889410376548767,-9.515155792236328,1.681926727294922
932,51700.0,-1.1820000410079956,-52.986000061035156,-50.45299911499024,51700.0,1.0415252447128296,-0.8506298661231995,0.9813550114631652,51700.0,1002.0499877929688,51700.0,1.3939281702041626,1.8914408683776849,-0.5549106597900391,51700.0,-2.158277034759521,-9.046512603759766,3.1101224422454834,51700.0,-0.7643488645553589,-7.15507173538208,2.5552117824554443
933,51800.0,-8.133999824523926,-54.89799880981445,-48.46799850463867,51800.0,0.7681630253791809,1.2165381908416748,1.1557570695877075,51800.0,1002.0700073242188,51800.0,1.3939281702041626,1.8914408683776849,-0.5549106597900391,51800.0,-2.158277034759521,-9.046512603759766,3.1101224422454834,51800.0,-0.7643488645553589,-7.15507173538208,2.5552117824554443
934,51900.0,-10.876999855041504,-53.13399887084961,-49.22900009155274,51900.0,0.7681630253791809,1.2165381908416748,1.1557570695877075,51900.0,1002.0,51900.0,1.008366346359253,2.778303623199463,0.9103281497955322,51900.0,-2.258139610290528,-9.161245346069336,2.672594785690308,51900.0,-1.2497732639312744,-6.382941722869872,3.58292293548584
935,52000.0,-10.715999603271484,-51.31900024414063,-51.36199951171875,52000.0,-0.3726277947425842,-0.3124575614929199,0.09926560521125792,52000.0,1002.0,52000.0,1.008366346359253,2.778303623199463,0.9103281497955322,52000.0,-2.258139610290528,-9.161245346069336,2.672594785690308,52000.0,-1.2497732639312744,-6.382941722869872,3.58292293548584
936,52100.0,-9.484000205993652,-48.02799987792969,-55.15499877929688,52100.0,-0.3726277947425842,-0.3124575614929199,0.09926560521125792,52100.0,1002.0499877929688,52100.0,0.8787022829055786,3.804054737091065,-0.14296996593475342,52100.0,-1.2270586490631104,-9.532780647277832,1.9470009803771973,52100.0,-0.3483563363552093,-5.728725910186768,1.804031014442444
937,52200.0,-7.297999858856201,-41.902000427246094,-60.5620002746582,52200.0,-0.5076290369033813,-0.2901609838008881,-0.5952881574630737,52200.0,1002.0499877929688,52200.0,0.8787022829055786,3.804054737091065,-0.14296996593475342,52200.0,-1.2270586490631104,-9.532780647277832,1.9470009803771973,52200.0,-0.3483563363552093,-5.728725910186768,1.804031014442444
938,52300.0,-4.748000144958496,-37.26300048828125,-63.0260009765625,52300.0,-0.9560040831565856,-0.598953366279602,-0.8570439219474792,52300.0,1002.0399780273438,52300.0,0.8374110460281372,-0.0959920883178711,0.2676776945590973,52300.0,0.4386983811855316,-9.79206085205078,0.3057335913181305,52300.0,1.2761094570159912,-9.888052940368652,0.5734112858772278
939,52400.0,-6.934999942779541,-35.93899917602539,-63.05500030517578,52400.0,-0.9560040831565856,-0.598953366279602,-0.8570439219474792,52400.0,1002.0399780273438,52400.0,-0.6085115671157837,0.004407882690429688,0.20294366776943207,52400.0,0.7617404460906982,-9.775144577026367,0.19150106608867645,52400.0,0.15322890877723694,-9.770736694335938,0.3944447338581085
940,52000.0,-10.715999603271484,-51.31900024414063,-51.36199951171875,52000.0,-0.3726277947425842,-0.3124575614929199,0.09926560521125792,52000.0,1002.0,52000.0,1.008366346359253,2.778303623199463,0.9103281497955322,52000.0,-2.258139610290528,-9.161245346069336,2.672594785690308,52000.0,-1.2497732639312744,-6.382941722869872,3.58292293548584
941,52100.0,-9.484000205993652,-48.02799987792969,-55.15499877929688,52100.0,-0.3726277947425842,-0.3124575614929199,0.09926560521125792,52100.0,1002.0499877929688,52100.0,0.8787022829055786,3.804054737091065,-0.14296996593475342,52100.0,-1.2270586490631104,-9.532780647277832,1.9470009803771973,52100.0,-0.3483563363552093,-5.728725910186768,1.804031014442444
942,52200.0,-7.297999858856201,-41.902000427246094,-60.5620002746582,52200.0,-0.5076290369033813,-0.2901609838008881,-0.5952881574630737,52200.0,1002.0499877929688,52200.0,0.8787022829055786,3.804054737091065,-0.14296996593475342,52200.0,-1.2270586490631104,-9.532780647277832,1.9470009803771973,52200.0,-0.3483563363552093,-5.728725910186768,1.804031014442444
943,52300.0,-4.748000144958496,-37.26300048828125,-63.0260009765625,52300.0,-0.9560040831565856,-0.598953366279602,-0.8570439219474792,52300.0,1002.0399780273438,52300.0,0.8374110460281372,-0.0959920883178711,0.2676776945590973,52300.0,0.4386983811855316,-9.79206085205078,0.3057335913181305,52300.0,1.2761094570159912,-9.888052940368652,0.5734112858772278
944,52400.0,-6.934999942779541,-35.93899917602539,-63.05500030517578,52400.0,-0.9560040831565856,-0.598953366279602,-0.8570439219474792,52400.0,1002.0399780273438,52400.0,-0.6085115671157837,0.004407882690429688,0.20294366776943207,52400.0,0.7617404460906982,-9.775144577026367,0.19150106608867645,52400.0,0.15322890877723694,-9.770736694335938,0.3944447338581085
945,52500.0,-10.812000274658203,-33.790000915527344,-63.05500030517578,52500.0,-0.0806342139840126,-0.0042760567739605895,-0.26603180170059204,52500.0,1002.0700073242188,52500.0,-0.6085115671157837,0.004407882690429688,0.20294366776943207,52500.0,0.7617404460906982,-9.775144577026367,0.19150106608867645,52500.0,0.15322890877723694,-9.770736694335938,0.3944447338581085
946,52600.0,-15.37600040435791,-31.170000076293945,-63.04700088500977,52600.0,-0.0806342139840126,-0.0042760567739605895,-0.26603180170059204,52600.0,1002.0700073242188,52600.0,-0.3948314189910889,-0.0373687744140625,1.9055342674255369,52600.0,0.584571897983551,-9.741747856140137,-0.9628174304962158,52600.0,0.18974047899246216,-9.7791166305542,0.942716896533966
947,52700.0,-16.743000030517578,-25.084999084472656,-63.34600067138672,52700.0,-0.6398813724517822,-0.7141014933586121,-0.022907447069883347,52700.0,1002.02001953125,52700.0,-0.3948314189910889,-0.0373687744140625,1.9055342674255369,52700.0,0.584571897983551,-9.741747856140137,-0.9628174304962158,52700.0,0.18974047899246216,-9.7791166305542,0.942716896533966
948,52800.0,-15.093000411987305,-21.554000854492188,-63.34600067138672,52800.0,-0.6398813724517822,-0.7141014933586121,-0.022907447069883347,52800.0,1002.030029296875,52800.0,-0.476445734500885,0.058133125305175774,1.1132066249847412,52800.0,0.670974612236023,-9.622370719909668,-1.7692179679870603,52800.0,0.1945288926362992,-9.564237594604492,-0.6560112833976746
949,52900.0,-12.10099983215332,-21.554000854492188,-64.57199859619139,52900.0,-0.4379903674125672,-0.6178901791572571,-0.22510384023189545,52900.0,1002.030029296875,52900.0,-0.476445734500885,0.058133125305175774,1.1132066249847412,52900.0,0.670974612236023,-9.622370719909668,-1.7692179679870603,52900.0,0.1945288926362992,-9.564237594604492,-0.6560112833976746
950,52500.0,-10.812000274658203,-33.790000915527344,-63.05500030517578,52500.0,-0.0806342139840126,-0.0042760567739605895,-0.26603180170059204,52500.0,1002.0700073242188,52500.0,-0.6085115671157837,0.004407882690429688,0.20294366776943207,52500.0,0.7617404460906982,-9.775144577026367,0.19150106608867645,52500.0,0.15322890877723694,-9.770736694335938,0.3944447338581085
951,52600.0,-15.37600040435791,-31.170000076293945,-63.04700088500977,52600.0,-0.0806342139840126,-0.0042760567739605895,-0.26603180170059204,52600.0,1002.0700073242188,52600.0,-0.3948314189910889,-0.0373687744140625,1.9055342674255369,52600.0,0.584571897983551,-9.741747856140137,-0.9628174304962158,52600.0,0.18974047899246216,-9.7791166305542,0.942716896533966
952,52700.0,-16.743000030517578,-25.084999084472656,-63.34600067138672,52700.0,-0.6398813724517822,-0.7141014933586121,-0.022907447069883347,52700.0,1002.02001953125,52700.0,-0.3948314189910889,-0.0373687744140625,1.9055342674255369,52700.0,0.584571897983551,-9.741747856140137,-0.9628174304962158,52700.0,0.18974047899246216,-9.7791166305542,0.942716896533966
953,52800.0,-15.093000411987305,-21.554000854492188,-63.34600067138672,52800.0,-0.6398813724517822,-0.7141014933586121,-0.022907447069883347,52800.0,1002.030029296875,52800.0,-0.476445734500885,0.058133125305175774,1.1132066249847412,52800.0,0.670974612236023,-9.622370719909668,-1.7692179679870603,52800.0,0.1945288926362992,-9.564237594604492,-0.6560112833976746
954,52900.0,-12.10099983215332,-21.554000854492188,-64.57199859619139,52900.0,-0.4379903674125672,-0.6178901791572571,-0.22510384023189545,52900.0,1002.030029296875,52900.0,-0.476445734500885,0.058133125305175774,1.1132066249847412,52900.0,0.670974612236023,-9.622370719909668,-1.7692179679870603,52900.0,0.1945288926362992,-9.564237594604492,-0.6560112833976746
955,53000.0,-5.71999979019165,-22.881999969482425,-66.74299621582031,53000.0,-0.4379903674125672,-0.6178901791572571,-0.22510384023189545,53000.0,1001.969970703125,53000.0,-0.8054447174072266,-1.7531194686889648,-1.081735610961914,53000.0,1.1867213249206543,-9.664230346679688,-1.16821551322937,53000.0,0.3812766075134277,-11.417349815368652,-2.249951124191284
956,53100.0,-5.78000020980835,-24.518999099731445,-67.27999877929689,53100.0,0.2981022298336029,0.3463605940341949,-0.33475416898727417,53100.0,1001.969970703125,53100.0,-0.8054447174072266,-1.7531194686889648,-1.081735610961914,53100.0,1.1867213249206543,-9.664230346679688,-1.16821551322937,53100.0,0.3812766075134277,-11.417349815368652,-2.249951124191284
957,53200.0,-3.9149999618530273,-32.35900115966797,-67.27999877929689,53200.0,0.8313875794410706,0.9471465349197388,0.17928895354270935,53200.0,1002.0499877929688,53200.0,2.0376267433166504,-0.2996654510498047,0.8321534395217896,53200.0,0.8832994699478149,-9.75239086151123,0.5301473140716553,53200.0,2.9209260940551762,-10.052056312561037,1.3623007535934448
958,53300.0,0.8330000042915344,-38.18000030517578,-67.27999877929689,53300.0,0.8313875794410706,0.9471465349197388,0.17928895354270935,53300.0,1002.0499877929688,53300.0,-1.8087451457977293,-1.1209182739257812,2.1672184467315674,53300.0,0.15854166448116302,-9.747560501098633,1.0631582736968994,53300.0,-1.6502034664154053,-10.868478775024414,3.230376720428467
959,53400.0,-0.003000000026077032,-42.68299865722656,-64.38400268554689,53400.0,0.2477058619260788,-0.07880161702632904,0.2315179258584976,53400.0,1002.0499877929688,53400.0,-1.8087451457977293,-1.1209182739257812,2.1672184467315674,53400.0,0.15854166448116302,-9.747560501098633,1.0631582736968994,53400.0,-1.6502034664154053,-10.868478775024414,3.230376720428467
960,53000.0,-5.71999979019165,-22.881999969482425,-66.74299621582031,53000.0,-0.4379903674125672,-0.6178901791572571,-0.22510384023189545,53000.0,1001.969970703125,53000.0,-0.8054447174072266,-1.7531194686889648,-1.081735610961914,53000.0,1.1867213249206543,-9.664230346679688,-1.16821551322937,53000.0,0.3812766075134277,-11.417349815368652,-2.249951124191284
961,53100.0,-5.78000020980835,-24.518999099731445,-67.27999877929689,53100.0,0.2981022298336029,0.3463605940341949,-0.33475416898727417,53100.0,1001.969970703125,53100.0,-0.8054447174072266,-1.7531194686889648,-1.081735610961914,53100.0,1.1867213249206543,-9.664230346679688,-1.16821551322937,53100.0,0.3812766075134277,-11.417349815368652,-2.249951124191284
962,53200.0,-3.9149999618530273,-32.35900115966797,-67.27999877929689,53200.0,0.8313875794410706,0.9471465349197388,0.17928895354270935,53200.0,1002.0499877929688,53200.0,2.0376267433166504,-0.2996654510498047,0.8321534395217896,53200.0,0.8832994699478149,-9.75239086151123,0.5301473140716553,53200.0,2.9209260940551762,-10.052056312561037,1.3623007535934448
963,53300.0,0.8330000042915344,-38.18000030517578,-67.27999877929689,53300.0,0.8313875794410706,0.9471465349197388,0.17928895354270935,53300.0,1002.0499877929688,53300.0,-1.8087451457977293,-1.1209182739257812,2.1672184467315674,53300.0,0.15854166448116302,-9.747560501098633,1.0631582736968994,53300.0,-1.6502034664154053,-10.868478775024414,3.230376720428467
964,53400.0,-0.003000000026077032,-42.68299865722656,-64.38400268554689,53400.0,0.2477058619260788,-0.07880161702632904,0.2315179258584976,53400.0,1002.0499877929688,53400.0,-1.8087451457977293,-1.1209182739257812,2.1672184467315674,53400.0,0.15854166448116302,-9.747560501098633,1.0631582736968994,53400.0,-1.6502034664154053,-10.868478775024414,3.230376720428467
965,53500.0,-3.752000093460083,-46.875,-61.12200164794922,53500.0,0.2477058619260788,-0.07880161702632904,0.2315179258584976,53500.0,1002.0499877929688,53500.0,1.4445637464523315,-1.112405776977539,-0.8454447984695435,53500.0,-3.3144352436065674,-8.934861183166504,2.3136889934539795,53500.0,-1.869871497154236,-10.047266960144043,1.468244194984436
966,53600.0,-11.340999603271484,-50.3120002746582,-56.46799850463867,53600.0,0.8845328688621521,0.8943067193031311,1.7712037563323977,53600.0,1001.97998046875,53600.0,1.4445637464523315,-1.112405776977539,-0.8454447984695435,53600.0,-3.3144352436065674,-8.934861183166504,2.3136889934539795,53600.0,-1.869871497154236,-10.047266960144043,1.468244194984436
967,53700.0,-18.518999099731445,-51.0359992980957,-51.96900177001953,53700.0,0.8845328688621521,0.8943067193031311,1.7712037563323977,53700.0,1002.02001953125,53700.0,2.643653392791748,3.6907496452331534,-0.2214958667755127,53700.0,-4.109503269195557,-8.462393760681152,2.769525051116944,53700.0,-1.465849995613098,-4.771644115447998,2.5480291843414307
968,53800.0,-20.672000885009766,-48.84700012207031,-53.03900146484375,53800.0,0.3769038617610931,0.2434297949075699,0.3588833212852478,53800.0,1002.02001953125,53800.0,2.643653392791748,3.6907496452331534,-0.2214958667755127,53800.0,-4.109503269195557,-8.462393760681152,2.769525051116944,53800.0,-1.465849995613098,-4.771644115447998,2.5480291843414307
969,53900.0,-20.229999542236328,-45.30400085449219,-56.24200057983398,53900.0,0.3769038617610931,0.2434297949075699,0.3588833212852478,53900.0,1001.9500122070312,53900.0,-2.915773868560791,-1.6117191314697266,4.472146034240723,53900.0,-1.1376094818115234,-9.696694374084473,-0.9221435189247132,53900.0,-4.0533833503723145,-11.3084135055542,3.5500025749206543
970,53500.0,-3.752000093460083,-46.875,-61.12200164794922,53500.0,0.2477058619260788,-0.07880161702632904,0.2315179258584976,53500.0,1002.0499877929688,53500.0,1.4445637464523315,-1.112405776977539,-0.8454447984695435,53500.0,-3.3144352436065674,-8.934861183166504,2.3136889934539795,53500.0,-1.869871497154236,-10.047266960144043,1.468244194984436
971,53600.0,-11.340999603271484,-50.3120002746582,-56.46799850463867,53600.0,0.8845328688621521,0.8943067193031311,1.7712037563323977,53600.0,1001.97998046875,53600.0,1.4445637464523315,-1.112405776977539,-0.8454447984695435,53600.0,-3.3144352436065674,-8.934861183166504,2.3136889934539795,53600.0,-1.869871497154236,-10.047266960144043,1.468244194984436
972,53700.0,-18.518999099731445,-51.0359992980957,-51.96900177001953,53700.0,0.8845328688621521,0.8943067193031311,1.7712037563323977,53700.0,1002.02001953125,53700.0,2.643653392791748,3.6907496452331534,-0.2214958667755127,53700.0,-4.109503269195557,-8.462393760681152,2.769525051116944,53700.0,-1.465849995613098,-4.771644115447998,2.5480291843414307
973,53800.0,-20.672000885009766,-48.84700012207031,-53.03900146484375,53800.0,0.3769038617610931,0.2434297949075699,0.3588833212852478,53800.0,1002.02001953125,53800.0,2.643653392791748,3.6907496452331534,-0.2214958667755127,53800.0,-4.109503269195557,-8.462393760681152,2.769525051116944,53800.0,-1.465849995613098,-4.771644115447998,2.5480291843414307
974,53900.0,-20.229999542236328,-45.30400085449219,-56.24200057983398,53900.0,0.3769038617610931,0.2434297949075699,0.3588833212852478,53900.0,1001.9500122070312,53900.0,-2.915773868560791,-1.6117191314697266,4.472146034240723,53900.0,-1.1376094818115234,-9.696694374084473,-0.9221435189247132,53900.0,-4.0533833503723145,-11.3084135055542,3.5500025749206543
975,54000.0,-18.86400032043457,-39.93600082397461,-59.89300155639648,54000.0,-1.5693128108978271,-0.4923573732376098,0.33169981837272644,54000.0,1001.9500122070312,54000.0,-2.915773868560791,-1.6117191314697266,4.472146034240723,54000.0,-1.1376094818115234,-9.696694374084473,-0.9221435189247132,54000.0,-4.0533833503723145,-11.3084135055542,3.5500025749206543
976,54100.0,-17.638999938964844,-35.73899841308594,-62.29499816894531,54100.0,-0.8274169564247131,0.4749477207660675,-0.816421389579773,54100.0,1002.1099853515624,54100.0,-1.0050766468048096,0.4021787643432617,1.238224983215332,54100.0,0.7668535709381104,-9.771886825561523,0.3042395710945129,54100.0,-0.2382230758666992,-9.369708061218262,1.5424644947052002
977,54200.0,-17.655000686645508,-33.944000244140625,-62.986000061035156,54200.0,-0.8274169564247131,0.4749477207660675,-0.816421389579773,54200.0,1002.1099853515624,54200.0,-0.9665536880493164,-1.7014532089233398,-0.5626145601272583,54200.0,1.342443346977234,-9.551294326782227,1.772284984588623,54200.0,0.3758896589279175,-11.252747535705566,1.2096704244613647
978,54300.0,-22.96999931335449,-35.3849983215332,-60.57799911499024,54300.0,0.07880161702632904,-0.23487769067287445,-1.0115928649902344,54300.0,1002.0900268554688,54300.0,-0.9665536880493164,-1.7014532089233398,-0.5626145601272583,54300.0,1.342443346977234,-9.551294326782227,1.772284984588623,54300.0,0.3758896589279175,-11.252747535705566,1.2096704244613647
979,54400.0,-27.048999786376953,-32.347000122070305,-60.44400024414063,54400.0,0.07880161702632904,-0.23487769067287445,-1.0115928649902344,54400.0,1002.0900268554688,54400.0,0.3812532424926758,0.5633907318115234,0.1558370441198349,54400.0,-0.2076736092567444,-9.804410934448242,0.028516486287117008,54400.0,0.1735796183347702,-9.24102020263672,0.1843535304069519
980,54000.0,-18.86400032043457,-39.93600082397461,-59.89300155639648,54000.0,-1.5693128108978271,-0.4923573732376098,0.33169981837272644,54000.0,1001.9500122070312,54000.0,-2.915773868560791,-1.6117191314697266,4.472146034240723,54000.0,-1.1376094818115234,-9.696694374084473,-0.9221435189247132,54000.0,-4.0533833503723145,-11.3084135055542,3.5500025749206543
981,54100.0,-17.638999938964844,-35.73899841308594,-62.29499816894531,54100.0,-0.8274169564247131,0.4749477207660675,-0.816421389579773,54100.0,1002.1099853515624,54100.0,-1.0050766468048096,0.4021787643432617,1.238224983215332,54100.0,0.7668535709381104,-9.771886825561523,0.3042395710945129,54100.0,-0.2382230758666992,-9.369708061218262,1.5424644947052002
982,54200.0,-17.655000686645508,-33.944000244140625,-62.986000061035156,54200.0,-0.8274169564247131,0.4749477207660675,-0.816421389579773,54200.0,1002.1099853515624,54200.0,-0.9665536880493164,-1.7014532089233398,-0.5626145601272583,54200.0,1.342443346977234,-9.551294326782227,1.772284984588623,54200.0,0.3758896589279175,-11.252747535705566,1.2096704244613647
983,54300.0,-22.96999931335449,-35.3849983215332,-60.57799911499024,54300.0,0.07880161702632904,-0.23487769067287445,-1.0115928649902344,54300.0,1002.0900268554688,54300.0,-0.9665536880493164,-1.7014532089233398,-0.5626145601272583,54300.0,1.342443346977234,-9.551294326782227,1.772284984588623,54300.0,0.3758896589279175,-11.252747535705566,1.2096704244613647
984,54400.0,-27.048999786376953,-32.347000122070305,-60.44400024414063,54400.0,0.07880161702632904,-0.23487769067287445,-1.0115928649902344,54400.0,1002.0900268554688,54400.0,0.3812532424926758,0.5633907318115234,0.1558370441198349,54400.0,-0.2076736092567444,-9.804410934448242,0.028516486287117008,54400.0,0.1735796183347702,-9.24102020263672,0.1843535304069519
985,54500.0,-29.59499931335449,-27.24600028991699,-60.44400024414063,54500.0,-0.8765916228294373,-1.3726142644882202,-0.020463986322283745,54500.0,1002.030029296875,54500.0,0.3812532424926758,0.5633907318115234,0.1558370441198349,54500.0,-0.2076736092567444,-9.804410934448242,0.028516486287117008,54500.0,0.1735796183347702,-9.24102020263672,0.1843535304069519
986,54600.0,-27.47100067138672,-21.658000946044922,-60.44400024414063,54600.0,-0.8765916228294373,-1.3726142644882202,-0.020463986322283745,54600.0,1002.0,54600.0,0.32104194164276123,0.4997968673706055,-0.43349429965019226,54600.0,-0.2342521250247956,-9.798277854919434,0.3305436372756958,54600.0,0.0867898091673851,-9.298480987548828,-0.10295066982507706
987,54700.0,-26.56399917602539,-21.76300048828125,-61.07400131225586,54700.0,-0.5977316498756409,-0.07299839705228807,-0.08552113175392151,54700.0,1002.0,54700.0,0.32104194164276123,0.4997968673706055,-0.43349429965019226,54700.0,-0.2342521250247956,-9.798277854919434,0.3305436372756958,54700.0,0.0867898091673851,-9.298480987548828,-0.10295066982507706
988,54800.0,-20.22200012207032,-20.757999420166016,-64.44999694824219,54800.0,-0.5977316498756409,-0.07299839705228807,-0.08552113175392151,54800.0,1002.0499877929688,54800.0,1.859071969985962,-1.6889429092407229,-3.8087313175201416,54800.0,0.4070398509502411,-9.78167724609375,0.5687777996063232,54800.0,2.2661118507385254,-11.470620155334473,-3.2399535179138184
989,54900.0,-18.26000022888184,-21.222999572753906,-66.00599670410156,54900.0,-0.19028452038764954,0.5470298528671265,-0.34697145223617554,54900.0,1002.0499877929688,54900.0,1.859071969985962,-1.6889429092407229,-3.8087313175201416,54900.0,0.4070398509502411,-9.78167724609375,0.5687777996063232,54900.0,2.2661118507385254,-11.470620155334473,-3.2399535179138184
990,54500.0,-29.59499931335449,-27.24600028991699,-60.44400024414063,54500.0,-0.8765916228294373,-1.3726142644882202,-0.020463986322283745,54500.0,1002.030029296875,54500.0,0.3812532424926758,0.5633907318115234,0.1558370441198349,54500.0,-0.2076736092567444,-9.804410934448242,0.028516486287117008,54500.0,0.1735796183347702,-9.24102020263672,0.1843535304069519
991,54600.0,-27.47100067138672,-21.658000946044922,-60.44400024414063,54600.0,-0.8765916228294373,-1.3726142644882202,-0.020463986322283745,54600.0,1002.0,54600.0,0.32104194164276123,0.4997968673706055,-0.43349429965019226,54600.0,-0.2342521250247956,-9.798277854919434,0.3305436372756958,54600.0,0.0867898091673851,-9.298480987548828,-0.10295066982507706
992,54700.0,-26.56399917602539,-21.76300048828125,-61.07400131225586,54700.0,-0.5977316498756409,-0.07299839705228807,-0.08552113175392151,54700.0,1002.0,54700.0,0.32104194164276123,0.4997968673706055,-0.43349429965019226,54700.0,-0.2342521250247956,-9.798277854919434,0.3305436372756958,54700.0,0.0867898091673851,-9.298480987548828,-0.10295066982507706
993,54800.0,-20.22200012207032,-20.757999420166016,-64.44999694824219,54800.0,-0.5977316498756409,-0.07299839705228807,-0.08552113175392151,54800.0,1002.0499877929688,54800.0,1.859071969985962,-1.6889429092407229,-3.8087313175201416,54800.0,0.4070398509502411,-9.78167724609375,0.5687777996063232,54800.0,2.2661118507385254,-11.470620155334473,-3.2399535179138184
994,54900.0,-18.26000022888184,-21.222999572753906,-66.00599670410156,54900.0,-0.19028452038764954,0.5470298528671265,-0.34697145223617554,54900.0,1002.0499877929688,54900.0,1.859071969985962,-1.6889429092407229,-3.8087313175201416,54900.0,0.4070398509502411,-9.78167724609375,0.5687777996063232,54900.0,2.2661118507385254,-11.470620155334473,-3.2399535179138184
995,55000.0,-16.205999374389652,-24.77799987792969,-65.67800140380861,55000.0,0.5873469114303589,0.949590027332306,-0.12370020896196365,55000.0,1002.1400146484376,55000.0,2.576757431030273,0.5174617767333984,-1.0478029251098633,55000.0,0.11073387414216997,-9.607048988342283,1.9653806686401367,55000.0,2.6874914169311523,-9.089587211608887,0.9175778031349182
996,55100.0,-10.821000099182127,-33.112998962402344,-65.67800140380861,55100.0,0.5873469114303589,0.949590027332306,-0.12370020896196365,55100.0,1002.1400146484376,55100.0,1.9972596168518064,-1.4747648239135742,-0.6013410091400146,55100.0,-1.424446940422058,-9.30632495880127,2.744750022888184,55100.0,0.5728127360343933,-10.781089782714844,2.143409013748169
997,55200.0,-10.782999992370604,-39.27299880981445,-64.80799865722656,55200.0,1.0488556623458862,0.4147774875164032,0.8631525635719299,55200.0,1002.0399780273438,55200.0,1.9972596168518064,-1.4747648239135742,-0.6013410091400146,55200.0,-1.424446940422058,-9.30632495880127,2.744750022888184,55200.0,0.5728127360343933,-10.781089782714844,2.143409013748169
998,55300.0,-13.534000396728516,-42.39300155639648,-60.34500122070313,55300.0,1.0488556623458862,0.4147774875164032,0.8631525635719299,55300.0,1002.0399780273438,55300.0,4.476679801940918,-1.2020196914672852,-2.0162506103515625,55300.0,-4.857357978820801,-7.499706268310548,4.041146755218507,55300.0,-0.3806780576705933,-8.701725959777832,2.024896144866944
999,55400.0,-20.976999282836914,-45.33300018310547,-52.64400100708008,55400.0,1.4104878902435305,1.5558737516403198,1.5839735269546509,55400.0,1001.969970703125,55400.0,4.476679801940918,-1.2020196914672852,-2.0162506103515625,55400.0,-4.857357978820801,-7.499706268310548,4.041146755218507,55400.0,-0.3806780576705933,-8.701725959777832,2.024896144866944
1000,55000.0,-16.205999374389652,-24.77799987792969,-65.67800140380861,55000.0,0.5873469114303589,0.949590027332306,-0.12370020896196365,55000.0,1002.1400146484376,55000.0,2.576757431030273,0.5174617767333984,-1.0478029251098633,55000.0,0.11073387414216997,-9.607048988342283,1.9653806686401367,55000.0,2.6874914169311523,-9.089587211608887,0.9175778031349182
1001,55100.0,-10.821000099182127,-33.112998962402344,-65.67800140380861,55100.0,0.5873469114303589,0.949590027332306,-0.12370020896196365,55100.0,1002.1400146484376,55100.0,1.9972596168518064,-1.4747648239135742,-0.6013410091400146,55100.0,-1.424446940422058,-9.30632495880127,2.744750022888184,55100.0,0.5728127360343933,-10.781089782714844,2.143409013748169
1002,55200.0,-10.782999992370604,-39.27299880981445,-64.80799865722656,55200.0,1.0488556623458862,0.4147774875164032,0.8631525635719299,55200.0,1002.0399780273438,55200.0,1.9972596168518064,-1.4747648239135742,-0.6013410091400146,55200.0,-1.424446940422058,-9.30632495880127,2.744750022888184,55200.0,0.5728127360343933,-10.781089782714844,2.143409013748169
1003,55300.0,-13.534000396728516,-42.39300155639648,-60.34500122070313,55300.0,1.0488556623458862,0.4147774875164032,0.8631525635719299,55300.0,1002.0399780273438,55300.0,4.476679801940918,-1.2020196914672852,-2.0162506103515625,55300.0,-4.857357978820801,-7.499706268310548,4.041146755218507,55300.0,-0.3806780576705933,-8.701725959777832,2.024896144866944
1004,55400.0,-20.976999282836914,-45.33300018310547,-52.64400100708008,55400.0,1.4104878902435305,1.5558737516403198,1.5839735269546509,55400.0,1001.969970703125,55400.0,4.476679801940918,-1.2020196914672852,-2.0162506103515625,55400.0,-4.857357978820801,-7.499706268310548,4.041146755218507,55400.0,-0.3806780576705933,-8.701725959777832,2.024896144866944
1005,55500.0,-29.67200088500977,-47.347999572753906,-44.91999816894531,55500.0,1.4104878902435305,1.5558737516403198,1.5839735269546509,55500.0,1001.9400024414064,55500.0,3.1176040172576904,1.620760440826416,-1.5993523597717283,55500.0,-5.477089881896973,-6.3337464332580575,5.104463577270508,55500.0,-2.3594858646392822,-4.7129859924316415,3.5051112174987797
1006,55600.0,-34.988998413085945,-45.13299942016602,-42.13100051879883,55600.0,0.6319400668144226,-0.2467895597219467,0.6178901791572571,55600.0,1001.9400024414064,55600.0,3.1176040172576904,1.620760440826416,-1.5993523597717283,55600.0,-5.477089881896973,-6.3337464332580575,5.104463577270508,55600.0,-2.3594858646392822,-4.7129859924316415,3.5051112174987797
1007,55700.0,-37.930999755859375,-41.79499816894531,-43.73400115966797,55700.0,0.6319400668144226,-0.2467895597219467,0.6178901791572571,55700.0,1001.9600219726564,55700.0,6.0215277671813965,2.867877960205078,-2.1243176460266118,55700.0,-4.2306647300720215,-7.392919063568115,4.8596930503845215,55700.0,1.7908629179000854,-4.525041103363037,2.73537540435791
1008,55800.0,-35.53400039672852,-34.10599899291992,-48.13899993896485,55800.0,-1.0115928649902344,-1.123992085456848,-0.2635883390903473,55800.0,1001.9600219726564,55800.0,6.0215277671813965,2.867877960205078,-2.1243176460266118,55800.0,-4.2306647300720215,-7.392919063568115,4.8596930503845215,55800.0,1.7908629179000854,-4.525041103363037,2.73537540435791
1009,55900.0,-32.452999114990234,-28.667999267578125,-52.94599914550781,55900.0,-2.3273966312408447,-0.5158756971359253,-1.309084177017212,55900.0,1001.9500122070312,55900.0,-3.2643818855285645,-5.210220336914063,3.5396623611450195,55900.0,2.0732665061950684,-9.239983558654783,-2.5484628677368164,55900.0,-1.1911153793334959,-14.450203895568848,0.9911994934082032
1010,55500.0,-29.67200088500977,-47.347999572753906,-44.91999816894531,55500.0,1.4104878902435305,1.5558737516403198,1.5839735269546509,55500.0,1001.9400024414064,55500.0,3.1176040172576904,1.620760440826416,-1.5993523597717283,55500.0,-5.477089881896973,-6.3337464332580575,5.104463577270508,55500.0,-2.3594858646392822,-4.7129859924316415,3.5051112174987797
1011,55600.0,-34.988998413085945,-45.13299942016602,-42.13100051879883,55600.0,0.6319400668144226,-0.2467895597219467,0.6178901791572571,55600.0,1001.9400024414064,55600.0,3.1176040172576904,1.620760440826416,-1.5993523597717283,55600.0,-5.477089881896973,-6.3337464332580575,5.104463577270508,55600.0,-2.3594858646392822,-4.7129859924316415,3.5051112174987797
1012,55700.0,-37.930999755859375,-41.79499816894531,-43.73400115966797,55700.0,0.6319400668144226,-0.2467895597219467,0.6178901791572571,55700.0,1001.9600219726564,55700.0,6.0215277671813965,2.867877960205078,-2.1243176460266118,55700.0,-4.2306647300720215,-7.392919063568115,4.8596930503845215,55700.0,1.7908629179000854,-4.525041103363037,2.73537540435791
1013,55800.0,-35.53400039672852,-34.10599899291992,-48.13899993896485,55800.0,-1.0115928649902344,-1.123992085456848,-0.2635883390903473,55800.0,1001.9600219726564,55800.0,6.0215277671813965,2.867877960205078,-2.1243176460266118,55800.0,-4.2306647300720215,-7.392919063568115,4.8596930503845215,55800.0,1.7908629179000854,-4.525041103363037,2.73537540435791
1014,55900.0,-32.452999114990234,-28.667999267578125,-52.94599914550781,55900.0,-2.3273966312408447,-0.5158756971359253,-1.309084177017212,55900.0,1001.9500122070312,55900.0,-3.2643818855285645,-5.210220336914063,3.5396623611450195,55900.0,2.0732665061950684,-9.239983558654783,-2.5484628677368164,55900.0,-1.1911153793334959,-14.450203895568848,0.9911994934082032
1015,56000.0,-30.920000076293945,-27.90500068664551,-53.73500061035156,56000.0,-2.3273966312408447,-0.5158756971359253,-1.309084177017212,56000.0,1001.9500122070312,56000.0,-3.2643818855285645,-5.210220336914063,3.5396623611450195,56000.0,2.0732665061950684,-9.239983558654783,-2.5484628677368164,56000.0,-1.1911153793334959,-14.450203895568848,0.9911994934082032
1016,56100.0,-33.125999450683594,-27.88999938964844,-52.03200149536133,56100.0,-0.2571742534637451,0.7538077235221863,-1.1704177856445312,56100.0,1001.989990234375,56100.0,-3.0362772941589355,-2.9598674774169917,0.03137481212615967,56100.0,1.5967633724212646,-9.61388111114502,1.092702865600586,56100.0,-1.4395138025283811,-12.573748588562012,1.1240776777267456
1017,56200.0,-35.6619987487793,-27.785999298095703,-51.22000122070313,56200.0,-0.2571742534637451,0.7538077235221863,-1.1704177856445312,56200.0,1001.989990234375,56200.0,-0.023748546838760376,0.7322549819946289,-0.8173621296882629,56200.0,0.33020636439323425,-9.798498153686523,0.2253957390785217,56200.0,0.3064578175544739,-9.066243171691896,-0.5919663906097412
1018,56300.0,-35.375,-21.965999603271484,-51.30699920654297,56300.0,-0.569631814956665,-0.7828238010406494,-0.2535090744495392,56300.0,1001.9600219726564,56300.0,-0.023748546838760376,0.7322549819946289,-0.8173621296882629,56300.0,0.33020636439323425,-9.798498153686523,0.2253957390785217,56300.0,0.3064578175544739,-9.066243171691896,-0.5919663906097412
1019,56400.0,-35.57099914550781,-19.31999969482422,-51.10599899291992,56400.0,-0.569631814956665,-0.7828238010406494,-0.2535090744495392,56400.0,1002.0999755859376,56400.0,-0.646639347076416,-0.4178752899169922,-0.9659662842750548,56400.0,0.8507450222969055,-9.76466464996338,0.31294775009155273,56400.0,0.2041056901216507,-10.182539939880373,-0.6530185341835022
1020,56000.0,-30.920000076293945,-27.90500068664551,-53.73500061035156,56000.0,-2.3273966312408447,-0.5158756971359253,-1.309084177017212,56000.0,1001.9500122070312,56000.0,-3.2643818855285645,-5.210220336914063,3.5396623611450195,56000.0,2.0732665061950684,-9.239983558654783,-2.5484628677368164,56000.0,-1.1911153793334959,-14.450203895568848,0.9911994934082032
1021,56100.0,-33.125999450683594,-27.88999938964844,-52.03200149536133,56100.0,-0.2571742534637451,0.7538077235221863,-1.1704177856445312,56100.0,1001.989990234375,56100.0,-3.0362772941589355,-2.9598674774169917,0.03137481212615967,56100.0,1.5967633724212646,-9.61388111114502,1.092702865600586,56100.0,-1.4395138025283811,-12.573748588562012,1.1240776777267456
1022,56200.0,-35.6619987487793,-27.785999298095703,-51.22000122070313,56200.0,-0.2571742534637451,0.7538077235221863,-1.1704177856445312,56200.0,1001.989990234375,56200.0,-0.023748546838760376,0.7322549819946289,-0.8173621296882629,56200.0,0.33020636439323425,-9.798498153686523,0.2253957390785217,56200.0,0.3064578175544739,-9.066243171691896,-0.5919663906097412
1023,56300.0,-35.375,-21.965999603271484,-51.30699920654297,56300.0,-0.569631814956665,-0.7828238010406494,-0.2535090744495392,56300.0,1001.9600219726564,56300.0,-0.023748546838760376,0.7322549819946289,-0.8173621296882629,56300.0,0.33020636439323425,-9.798498153686523,0.2253957390785217,56300.0,0.3064578175544739,-9.066243171691896,-0.5919663906097412
1024,56400.0,-35.57099914550781,-19.31999969482422,-51.10599899291992,56400.0,-0.569631814956665,-0.7828238010406494,-0.2535090744495392,56400.0,1002.0999755859376,56400.0,-0.646639347076416,-0.4178752899169922,-0.9659662842750548,56400.0,0.8507450222969055,-9.76466464996338,0.31294775009155273,56400.0,0.2041056901216507,-10.182539939880373,-0.6530185341835022
1025,56500.0,-35.9109992980957,-19.01300048828125,-51.10599899291992,56500.0,-0.3906483352184296,-0.7605272531509399,-0.5393940210342407,56500.0,1002.0999755859376,56500.0,-0.646639347076416,-0.4178752899169922,-0.9659662842750548,56500.0,0.8507450222969055,-9.76466464996338,0.31294775009155273,56500.0,0.2041056901216507,-10.182539939880373,-0.6530185341835022
1026,56600.0,-35.470001220703125,-20.915000915527344,-51.42599868774414,56600.0,-0.3906483352184296,-0.7605272531509399,-0.5393940210342407,56600.0,1001.97998046875,56600.0,-1.8689606189727783,-3.2001161575317383,-5.245682716369629,56600.0,0.6245742440223694,-9.580132484436037,2.0003421306610107,56600.0,-1.2443863153457642,-12.780248641967773,-3.2453403472900386
1027,56700.0,-35.10499954223633,-22.80200004577637,-51.42599868774414,56700.0,0.817948579788208,-0.37629300355911255,-0.4871650338172913,56700.0,1001.97998046875,56700.0,-1.8689606189727783,-3.2001161575317383,-5.245682716369629,56700.0,0.6245742440223694,-9.580132484436037,2.0003421306610107,56700.0,-1.2443863153457642,-12.780248641967773,-3.2453403472900386
1028,56800.0,-33.76599884033203,-28.57600021362305,-46.1619987487793,56800.0,1.7009543180465698,-0.21013765037059784,0.6924157738685608,56800.0,1002.030029296875,56800.0,1.498857498168945,0.8577499389648438,-5.4117865562438965,56800.0,-1.3947097063064575,-9.133308410644533,3.2875311374664307,56800.0,0.1041477769613266,-8.275558471679688,-2.124255418777466
1029,56900.0,-41.53200149536133,-30.981000900268555,-33.020999908447266,56900.0,1.7009543180465698,-0.21013765037059784,0.6924157738685608,56900.0,1002.030029296875,56900.0,2.9718141555786133,0.2006673812866211,-1.7315309047698977,56900.0,-1.3947097063064575,-9.133308410644533,3.2875311374664307,56900.0,1.2114660739898682,-9.397241592407227,-0.7559691667556763
1030,56500.0,-35.9109992980957,-19.01300048828125,-51.10599899291992,56500.0,-0.3906483352184296,-0.7605272531509399,-0.5393940210342407,56500.0,1002.0999755859376,56500.0,-0.646639347076416,-0.4178752899169922,-0.9659662842750548,56500.0,0.8507450222969055,-9.76466464996338,0.31294775009155273,56500.0,0.2041056901216507,-10.182539939880373,-0.6530185341835022
1031,56600.0,-35.470001220703125,-20.915000915527344,-51.42599868774414,56600.0,-0.3906483352184296,-0.7605272531509399,-0.5393940210342407,56600.0,1001.97998046875,56600.0,-1.8689606189727783,-3.2001161575317383,-5.245682716369629,56600.0,0.6245742440223694,-9.580132484436037,2.0003421306610107,56600.0,-1.2443863153457642,-12.780248641967773,-3.2453403472900386
1032,56700.0,-35.10499954223633,-22.80200004577637,-51.42599868774414,56700.0,0.817948579788208,-0.37629300355911255,-0.4871650338172913,56700.0,1001.97998046875,56700.0,-1.8689606189727783,-3.2001161575317383,-5.245682716369629,56700.0,0.6245742440223694,-9.580132484436037,2.0003421306610107,56700.0,-1.2443863153457642,-12.780248641967773,-3.2453403472900386
1033,56800.0,-33.76599884033203,-28.57600021362305,-46.1619987487793,56800.0,1.7009543180465698,-0.21013765037059784,0.6924157738685608,56800.0,1002.030029296875,56800.0,1.498857498168945,0.8577499389648438,-5.4117865562438965,56800.0,-1.3947097063064575,-9.133308410644533,3.2875311374664307,56800.0,0.1041477769613266,-8.275558471679688,-2.124255418777466
1034,56900.0,-41.53200149536133,-30.981000900268555,-33.020999908447266,56900.0,1.7009543180465698,-0.21013765037059784,0.6924157738685608,56900.0,1002.030029296875,56900.0,2.9718141555786133,0.2006673812866211,-1.7315309047698977,56900.0,-1.3947097063064575,-9.133308410644533,3.2875311374664307,56900.0,1.2114660739898682,-9.397241592407227,-0.7559691667556763
1035,57000.0,-49.691001892089844,-27.011999130249023,-21.301000595092773,57000.0,0.4459316432476044,0.2822197377681732,0.9019425511360168,57000.0,1001.9299926757812,57000.0,2.9718141555786133,0.2006673812866211,-1.7315309047698977,57000.0,-1.7603479623794556,-9.597908973693848,0.975561797618866,57000.0,1.2114660739898682,-9.397241592407227,-0.7559691667556763
1036,57100.0,-54.75299835205078,-23.51300048828125,-8.36400032043457,57100.0,0.4459316432476044,0.2822197377681732,0.9019425511360168,57100.0,1001.9299926757812,57100.0,2.0567700862884517,0.8767576217651367,-0.6059337854385376,57100.0,-0.5017360448837279,-9.79037094116211,0.25937312841415405,57100.0,1.555034041404724,-8.913613319396973,-0.34656068682670593
1037,57200.0,-56.224998474121094,-20.496999740600586,1.555999994277954,57200.0,-0.0064140851609408855,-2.837774515151977,0.35613444447517395,57200.0,1001.9400024414064,57200.0,2.0567700862884517,0.8767576217651367,-0.6059337854385376,57200.0,-0.5017360448837279,-9.79037094116211,0.25937312841415405,57200.0,1.555034041404724,-8.913613319396973,-0.34656068682670593
1038,57300.0,-54.7859992980957,-19.13999938964844,9.812000274658203,57300.0,-0.0064140851609408855,-2.837774515151977,0.35613444447517395,57300.0,1001.97998046875,57300.0,0.025739431381225586,-0.2048997879028321,1.0409162044525146,57300.0,-0.9247621893882751,-9.737022399902344,0.7110407948493958,57300.0,-0.8990227580070496,-9.941922187805176,1.7519570589065552
1039,57400.0,-54.7140007019043,-18.34700012207032,12.64900016784668,57400.0,-0.03359758853912353,-2.5864033699035645,0.2819143235683441,57400.0,1001.97998046875,57400.0,0.025739431381225586,-0.2048997879028321,1.0409162044525146,57400.0,-0.9247621893882751,-9.737022399902344,0.7110407948493958,57400.0,-0.8990227580070496,-9.941922187805176,1.7519570589065552
1040,57000.0,-49.691001892089844,-27.011999130249023,-21.301000595092773,57000.0,0.4459316432476044,0.2822197377681732,0.9019425511360168,57000.0,1001.9299926757812,57000.0,2.9718141555786133,0.2006673812866211,-1.7315309047698977,57000.0,-1.7603479623794556,-9.597908973693848,0.975561797618866,57000.0,1.2114660739898682,-9.397241592407227,-0.7559691667556763
1041,57100.0,-54.75299835205078,-23.51300048828125,-8.36400032043457,57100.0,0.4459316432476044,0.2822197377681732,0.9019425511360168,57100.0,1001.9299926757812,57100.0,2.0567700862884517,0.8767576217651367,-0.6059337854385376,57100.0,-0.5017360448837279,-9.79037094116211,0.25937312841415405,57100.0,1.555034041404724,-8.913613319396973,-0.34656068682670593
1042,57200.0,-56.224998474121094,-20.496999740600586,1.555999994277954,57200.0,-0.0064140851609408855,-2.837774515151977,0.35613444447517395,57200.0,1001.9400024414064,57200.0,2.0567700862884517,0.8767576217651367,-0.6059337854385376,57200.0,-0.5017360448837279,-9.79037094116211,0.25937312841415405,57200.0,1.555034041404724,-8.913613319396973,-0.34656068682670593
1043,57300.0,-54.7859992980957,-19.13999938964844,9.812000274658203,57300.0,-0.0064140851609408855,-2.837774515151977,0.35613444447517395,57300.0,1001.97998046875,57300.0,0.025739431381225586,-0.2048997879028321,1.0409162044525146,57300.0,-0.9247621893882751,-9.737022399902344,0.7110407948493958,57300.0,-0.8990227580070496,-9.941922187805176,1.7519570589065552
1044,57400.0,-54.7140007019043,-18.34700012207032,12.64900016784668,57400.0,-0.03359758853912353,-2.5864033699035645,0.2819143235683441,57400.0,1001.97998046875,57400.0,0.025739431381225586,-0.2048997879028321,1.0409162044525146,57400.0,-0.9247621893882751,-9.737022399902344,0.7110407948493958,57400.0,-0.8990227580070496,-9.941922187805176,1.7519570589065552
1045,57500.0,-53.14300155639648,-18.75,13.208999633789064,57500.0,-0.03359758853912353,-2.5864033699035645,0.2819143235683441,57500.0,1002.030029296875,57500.0,2.9092860221862797,3.6143765449523926,-1.93389630317688,57500.0,-1.1992273330688477,-9.693254470825195,0.8792504072189331,57500.0,1.7100585699081419,-6.078877925872803,-1.0546458959579468
1046,57600.0,-51.04600143432617,-18.417999267578125,16.631999969482422,57600.0,-0.021991148591041558,-1.3255776166915894,0.19853121042251587,57600.0,1002.030029296875,57600.0,2.9092860221862797,3.6143765449523926,-1.93389630317688,57600.0,-1.1992273330688477,-9.693254470825195,0.8792504072189331,57600.0,1.7100585699081419,-6.078877925872803,-1.0546458959579468
1047,57700.0,-46.06100082397461,-18.927000045776367,25.79400062561035,57700.0,0.1371392458677292,0.1921171247959137,-0.5852088928222656,57700.0,1001.9600219726564,57700.0,0.26367810368537903,-1.0121707916259766,-2.5695948600769043,57700.0,-0.3510664701461792,-9.756349563598633,0.927770972251892,57700.0,-0.08738835901021957,-10.76852035522461,-1.6418237686157229
1048,57800.0,-45.67399978637695,-20.01300048828125,24.58799934387207,57800.0,0.1371392458677292,0.1921171247959137,-0.5852088928222656,57800.0,1001.9600219726564,57800.0,0.2804474830627441,0.46026611328125,0.441099226474762,57800.0,-0.3510664701461792,-9.756349563598633,0.927770972251892,57800.0,-0.08738835901021957,-10.76852035522461,-1.6418237686157229
1049,57900.0,-43.624000549316406,-21.388999938964844,26.45800018310547,57900.0,-0.5815436840057373,-2.696359157562256,-0.08002334833145143,57900.0,1002.02001953125,57900.0,0.2804474830627441,0.46026611328125,0.441099226474762,57900.0,-0.10926204919815063,-9.806032180786133,0.014397650957107544,57900.0,0.1711854189634323,-9.345766067504883,0.4554968774318695
1050,57500.0,-53.14300155639648,-18.75,13.208999633789064,57500.0,-0.03359758853912353,-2.5864033699035645,0.2819143235683441,57500.0,1002.030029296875,57500.0,2.9092860221862797,3.6143765449523926,-1.93389630317688,57500.0,-1.1992273330688477,-9.693254470825195,0.8792504072189331,57500.0,1.7100585699081419,-6.078877925872803,-1.0546458959579468
1051,57600.0,-51.04600143432617,-18.417999267578125,16.631999969482422,57600.0,-0.021991148591041558,-1.3255776166915894,0.19853121042251587,57600.0,1002.030029296875,57600.0,2.9092860221862797,3.6143765449523926,-1.93389630317688,57600.0,-1.1992273330688477,-9.693254470825195,0.8792504072189331,57600.0,1.7100585699081419,-6.078877925872803,-1.0546458959579468
1052,57700.0,-46.06100082397461,-18.927000045776367,25.79400062561035,57700.0,0.1371392458677292,0.1921171247959137,-0.5852088928222656,57700.0,1001.9600219726564,57700.0,0.26367810368537903,-1.0121707916259766,-2.5695948600769043,57700.0,-0.3510664701461792,-9.756349563598633,0.927770972251892,57700.0,-0.08738835901021957,-10.76852035522461,-1.6418237686157229
1053,57800.0,-45.67399978637695,-20.01300048828125,24.58799934387207,57800.0,0.1371392458677292,0.1921171247959137,-0.5852088928222656,57800.0,1001.9600219726564,57800.0,0.2804474830627441,0.46026611328125,0.441099226474762,57800.0,-0.3510664701461792,-9.756349563598633,0.927770972251892,57800.0,-0.08738835901021957,-10.76852035522461,-1.6418237686157229
1054,57900.0,-43.624000549316406,-21.388999938964844,26.45800018310547,57900.0,-0.5815436840057373,-2.696359157562256,-0.08002334833145143,57900.0,1002.02001953125,57900.0,0.2804474830627441,0.46026611328125,0.441099226474762,57900.0,-0.10926204919815063,-9.806032180786133,0.014397650957107544,57900.0,0.1711854189634323,-9.345766067504883,0.4554968774318695
1055,58000.0,-42.90999984741211,-21.768999099731445,25.37299919128418,58000.0,-0.5815436840057373,-2.696359157562256,-0.08002334833145143,58000.0,1002.02001953125,58000.0,0.07854336500167848,0.5229015350341797,-1.0420562028884888,58000.0,0.4098737835884094,-9.790257453918457,-0.39147213101387024,58000.0,0.4884171485900879,-9.267355918884276,-1.4335283041000366
1056,58100.0,-41.4010009765625,-24.40099906921387,25.80200004577637,58100.0,-0.2070833146572113,-0.6487388610839844,-0.3863722681999207,58100.0,1002.0499877929688,58100.0,0.07854336500167848,0.5229015350341797,-1.0420562028884888,58100.0,0.4098737835884094,-9.790257453918457,-0.39147213101387024,58100.0,0.4884171485900879,-9.267355918884276,-1.4335283041000366
1057,58200.0,-39.65399932861328,-25.788000106811523,25.80200004577637,58200.0,-0.2070833146572113,-0.6487388610839844,-0.3863722681999207,58200.0,1002.0499877929688,58200.0,-1.8413450717926023,-2.5822792053222656,-1.7116423845291138,58200.0,1.015345573425293,-9.75384521484375,-0.044504474848508835,58200.0,-0.8259995579719543,-12.336124420166016,-1.7561469078063965
1058,58300.0,-37.59099960327149,-25.30500030517578,25.479999542236328,58300.0,0.21624629199504847,0.303600013256073,-0.4676173329353333,58300.0,1001.969970703125,58300.0,-1.8413450717926023,-2.5822792053222656,-1.7116423845291138,58300.0,1.015345573425293,-9.75384521484375,-0.044504474848508835,58300.0,-0.8259995579719543,-12.336124420166016,-1.7561469078063965
1059,58400.0,-35.40599822998047,-19.538000106811523,32.955001831054695,58400.0,0.21624629199504847,0.303600013256073,-0.4676173329353333,58400.0,1002.0599975585938,58400.0,1.1473320722579956,-0.8715705871582031,-1.7316021919250488,58400.0,0.4142860472202301,-9.313363075256348,3.0430262088775635,58400.0,1.561618089675903,-10.18493366241455,1.3114240169525146
1060,58000.0,-42.90999984741211,-21.768999099731445,25.37299919128418,58000.0,-0.5815436840057373,-2.696359157562256,-0.08002334833145143,58000.0,1002.02001953125,58000.0,0.07854336500167848,0.5229015350341797,-1.0420562028884888,58000.0,0.4098737835884094,-9.790257453918457,-0.39147213101387024,58000.0,0.4884171485900879,-9.267355918884276,-1.4335283041000366
1061,58100.0,-41.4010009765625,-24.40099906921387,25.80200004577637,58100.0,-0.2070833146572113,-0.6487388610839844,-0.3863722681999207,58100.0,1002.0499877929688,58100.0,0.07854336500167848,0.5229015350341797,-1.0420562028884888,58100.0,0.4098737835884094,-9.790257453918457,-0.39147213101387024,58100.0,0.4884171485900879,-9.267355918884276,-1.4335283041000366
1062,58200.0,-39.65399932861328,-25.788000106811523,25.80200004577637,58200.0,-0.2070833146572113,-0.6487388610839844,-0.3863722681999207,58200.0,1002.0499877929688,58200.0,-1.8413450717926023,-2.5822792053222656,-1.7116423845291138,58200.0,1.015345573425293,-9.75384521484375,-0.044504474848508835,58200.0,-0.8259995579719543,-12.336124420166016,-1.7561469078063965
1063,58300.0,-37.59099960327149,-25.30500030517578,25.479999542236328,58300.0,0.21624629199504847,0.303600013256073,-0.4676173329353333,58300.0,1001.969970703125,58300.0,-1.8413450717926023,-2.5822792053222656,-1.7116423845291138,58300.0,1.015345573425293,-9.75384521484375,-0.044504474848508835,58300.0,-0.8259995579719543,-12.336124420166016,-1.7561469078063965
1064,58400.0,-35.40599822998047,-19.538000106811523,32.955001831054695,58400.0,0.21624629199504847,0.303600013256073,-0.4676173329353333,58400.0,1002.0599975585938,58400.0,1.1473320722579956,-0.8715705871582031,-1.7316021919250488,58400.0,0.4142860472202301,-9.313363075256348,3.0430262088775635,58400.0,1.561618089675903,-10.18493366241455,1.3114240169525146
1065,58500.0,-31.48600006103516,-10.640999794006348,39.42200088500977,58500.0,1.7675385475158691,-0.32772919535636896,0.3576616048812866,58500.0,1002.0599975585938,58500.0,1.1473320722579956,-0.8715705871582031,-1.7316021919250488,58500.0,0.4142860472202301,-9.313363075256348,3.0430262088775635,58500.0,1.561618089675903,-10.18493366241455,1.3114240169525146
1066,58600.0,-24.72900009155273,-3.0380001068115234,42.375,58600.0,1.7675385475158691,-0.32772919535636896,0.3576616048812866,58600.0,1001.9500122070312,58600.0,-0.06169803440570831,-1.4658441543579102,-5.030144214630127,58600.0,-0.16934242844581604,-8.28933048248291,5.237242698669434,58600.0,-0.23104046285152435,-9.75517463684082,0.20709845423698425
1067,58700.0,-19.47599983215332,6.51800012588501,43.91299819946289,58700.0,1.4474451541900637,-0.8378016948699951,0.6414085030555725,58700.0,1001.9500122070312,58700.0,1.0678936243057249,-1.1813287734985352,-3.622394561767578,58700.0,-0.16934242844581604,-8.28933048248291,5.237242698669434,58700.0,0.035314474254846566,-7.8122801780700675,3.5284547805786133
1068,58800.0,-13.435999870300293,13.015000343322756,43.29499816894531,58800.0,1.303586483001709,-1.567174792289734,1.867109656333924,58800.0,1002.010009765625,58800.0,1.0678936243057249,-1.1813287734985352,-3.622394561767578,58800.0,-1.0325791835784912,-6.630951404571532,7.150849342346191,58800.0,0.035314474254846566,-7.8122801780700675,3.5284547805786133
1069,58900.0,-7.2729997634887695,14.154000282287598,43.29499816894531,58900.0,1.303586483001709,-1.567174792289734,1.867109656333924,58900.0,1002.010009765625,58900.0,0.3612772822380066,2.471697330474853,-1.8932347297668457,58900.0,-0.8897973299026489,-7.004519462585449,6.8055381774902335,58900.0,-0.5285200476646423,-4.532822132110597,4.912303447723389
1070,58500.0,-31.48600006103516,-10.640999794006348,39.42200088500977,58500.0,1.7675385475158691,-0.32772919535636896,0.3576616048812866,58500.0,1002.0599975585938,58500.0,1.1473320722579956,-0.8715705871582031,-1.7316021919250488,58500.0,0.4142860472202301,-9.313363075256348,3.0430262088775635,58500.0,1.561618089675903,-10.18493366241455,1.3114240169525146
1071,58600.0,-24.72900009155273,-3.0380001068115234,42.375,58600.0,1.7675385475158691,-0.32772919535636896,0.3576616048812866,58600.0,1001.9500122070312,58600.0,-0.06169803440570831,-1.4658441543579102,-5.030144214630127,58600.0,-0.16934242844581604,-8.28933048248291,5.237242698669434,58600.0,-0.23104046285152435,-9.75517463684082,0.20709845423698425
1072,58700.0,-19.47599983215332,6.51800012588501,43.91299819946289,58700.0,1.4474451541900637,-0.8378016948699951,0.6414085030555725,58700.0,1001.9500122070312,58700.0,1.0678936243057249,-1.1813287734985352,-3.622394561767578,58700.0,-0.16934242844581604,-8.28933048248291,5.237242698669434,58700.0,0.035314474254846566,-7.8122801780700675,3.5284547805786133
1073,58800.0,-13.435999870300293,13.015000343322756,43.29499816894531,58800.0,1.303586483001709,-1.567174792289734,1.867109656333924,58800.0,1002.010009765625,58800.0,1.0678936243057249,-1.1813287734985352,-3.622394561767578,58800.0,-1.0325791835784912,-6.630951404571532,7.150849342346191,58800.0,0.035314474254846566,-7.8122801780700675,3.5284547805786133
1074,58900.0,-7.2729997634887695,14.154000282287598,43.29499816894531,58900.0,1.303586483001709,-1.567174792289734,1.867109656333924,58900.0,1002.010009765625,58900.0,0.3612772822380066,2.471697330474853,-1.8932347297668457,58900.0,-0.8897973299026489,-7.004519462585449,6.8055381774902335,58900.0,-0.5285200476646423,-4.532822132110597,4.912303447723389
1075,59000.0,-3.263000011444092,10.83199977874756,44.08200073242188,59000.0,-0.43157628178596497,-0.9627236127853394,0.8087855577468872,59000.0,1001.9000244140624,59000.0,0.3612772822380066,2.471697330474853,-1.8932347297668457,59000.0,-0.8897973299026489,-7.004519462585449,6.8055381774902335,59000.0,-0.5285200476646423,-4.532822132110597,4.912303447723389
1076,59100.0,-2.311000108718872,8.51200008392334,44.75,59100.0,-0.43157628178596497,-0.9627236127853394,0.8087855577468872,59100.0,1001.9099731445312,59100.0,0.008199095726013184,0.0629892349243164,-0.3323960304260254,59100.0,1.0135264396667478,-7.649017333984375,6.0527424812316895,59100.0,1.0217255353927612,-7.586028099060059,5.720346450805664
1077,59200.0,-4.35699987411499,-0.04800000041723251,45.10900115966797,59200.0,-0.5699372887611389,-0.9272934198379515,-0.6417139172554016,59200.0,1001.9099731445312,59200.0,0.008199095726013184,0.0629892349243164,-0.3323960304260254,59200.0,1.0135264396667478,-7.649017333984375,6.0527424812316895,59200.0,1.0217255353927612,-7.586028099060059,5.720346450805664
1078,59300.0,-3.928999900817871,-5.081999778747559,45.99700164794922,59300.0,-0.5699372887611389,-0.9272934198379515,-0.6417139172554016,59300.0,1001.989990234375,59300.0,-1.9425803422927856,-0.6600303649902344,-2.3614344596862797,59300.0,3.3240346908569336,-8.334386825561522,3.957170009613037,59300.0,1.381454348564148,-8.994417190551758,1.5957354307174685
1079,59400.0,-4.367000102996826,-8.99899959564209,46.30799865722656,59400.0,-0.9935722947120668,-1.5164729356765747,-0.6881396770477295,59400.0,1001.989990234375,59400.0,-1.9425803422927856,-0.6600303649902344,-2.3614344596862797,59400.0,3.3240346908569336,-8.334386825561522,3.957170009613037,59400.0,1.381454348564148,-8.994417190551758,1.5957354307174685
1080,59000.0,-3.263000011444092,10.83199977874756,44.08200073242188,59000.0,-0.43157628178596497,-0.9627236127853394,0.8087855577468872,59000.0,1001.9000244140624,59000.0,0.3612772822380066,2.471697330474853,-1.8932347297668457,59000.0,-0.8897973299026489,-7.004519462585449,6.8055381774902335,59000.0,-0.5285200476646423,-4.532822132110597,4.912303447723389
1081,59100.0,-2.311000108718872,8.51200008392334,44.75,59100.0,-0.43157628178596497,-0.9627236127853394,0.8087855577468872,59100.0,1001.9099731445312,59100.0,0.008199095726013184,0.0629892349243164,-0.3323960304260254,59100.0,1.0135264396667478,-7.649017333984375,6.0527424812316895,59100.0,1.0217255353927612,-7.586028099060059,5.720346450805664
1082,59200.0,-4.35699987411499,-0.04800000041723251,45.10900115966797,59200.0,-0.5699372887611389,-0.9272934198379515,-0.6417139172554016,59200.0,1001.9099731445312,59200.0,0.008199095726013184,0.0629892349243164,-0.3323960304260254,59200.0,1.0135264396667478,-7.649017333984375,6.0527424812316895,59200.0,1.0217255353927612,-7.586028099060059,5.720346450805664
1083,59300.0,-3.928999900817871,-5.081999778747559,45.99700164794922,59300.0,-0.5699372887611389,-0.9272934198379515,-0.6417139172554016,59300.0,1001.989990234375,59300.0,-1.9425803422927856,-0.6600303649902344,-2.3614344596862797,59300.0,3.3240346908569336,-8.334386825561522,3.957170009613037,59300.0,1.381454348564148,-8.994417190551758,1.5957354307174685
1084,59400.0,-4.367000102996826,-8.99899959564209,46.30799865722656,59400.0,-0.9935722947120668,-1.5164729356765747,-0.6881396770477295,59400.0,1001.989990234375,59400.0,-1.9425803422927856,-0.6600303649902344,-2.3614344596862797,59400.0,3.3240346908569336,-8.334386825561522,3.957170009613037,59400.0,1.381454348564148,-8.994417190551758,1.5957354307174685
1085,59500.0,-4.681000232696533,-10.968000411987305,46.30799865722656,59500.0,-0.4886921942234039,0.2782491147518158,-0.5042692422866821,59500.0,1001.9600219726564,59500.0,-5.451765060424805,-1.054462432861328,-3.3492913246154785,59500.0,3.6393542289733887,-8.455904960632324,3.379817485809326,59500.0,-1.8124107122421265,-9.510367393493652,0.030526071786880493
1086,59600.0,0.7749999761581421,-12.67300033569336,45.959999084472656,59600.0,-0.4886921942234039,0.2782491147518158,-0.5042692422866821,59600.0,1001.9600219726564,59600.0,-3.246220827102661,-0.34814453125,-2.2828502655029297,59600.0,3.6393542289733887,-8.455904960632324,3.379817485809326,59600.0,0.07182604819536209,-9.232640266418457,0.2124854028224945
1087,59700.0,3.094000101089477,-15.277000427246096,45.56999969482422,59700.0,-0.5076290369033813,-0.14019356667995453,0.11942415684461595,59700.0,1001.9400024414064,59700.0,-3.246220827102661,-0.34814453125,-2.2828502655029297,59700.0,3.3180468082427983,-8.884495735168457,2.495335578918457,59700.0,0.07182604819536209,-9.232640266418457,0.2124854028224945
1088,59800.0,3.4210000038146973,-17.530000686645508,44.479000091552734,59800.0,-0.5076290369033813,-0.14019356667995453,0.11942415684461595,59800.0,1001.9400024414064,59800.0,-3.534246921539306,-1.0814228057861328,-0.32122722268104553,59800.0,4.230360984802246,-8.831171035766602,0.5337126255035399,59800.0,0.6961141228675842,-9.912593841552734,0.2124854028224945
1089,59900.0,3.3610000610351562,-18.70199966430664,44.0620002746582,59900.0,-0.4242459237575531,-1.8591684103012085,-0.3720169365406037,59900.0,1001.9299926757812,59900.0,-3.534246921539306,-1.0814228057861328,-0.32122722268104553,59900.0,4.230360984802246,-8.831171035766602,0.5337126255035399,59900.0,0.6961141228675842,-9.912593841552734,0.2124854028224945
1090,59500.0,-4.681000232696533,-10.968000411987305,46.30799865722656,59500.0,-0.4886921942234039,0.2782491147518158,-0.5042692422866821,59500.0,1001.9600219726564,59500.0,-5.451765060424805,-1.054462432861328,-3.3492913246154785,59500.0,3.6393542289733887,-8.455904960632324,3.379817485809326,59500.0,-1.8124107122421265,-9.510367393493652,0.030526071786880493
1091,59600.0,0.7749999761581421,-12.67300033569336,45.959999084472656,59600.0,-0.4886921942234039,0.2782491147518158,-0.5042692422866821,59600.0,1001.9600219726564,59600.0,-3.246220827102661,-0.34814453125,-2.2828502655029297,59600.0,3.6393542289733887,-8.455904960632324,3.379817485809326,59600.0,0.07182604819536209,-9.232640266418457,0.2124854028224945
1092,59700.0,3.094000101089477,-15.277000427246096,45.56999969482422,59700.0,-0.5076290369033813,-0.14019356667995453,0.11942415684461595,59700.0,1001.9400024414064,59700.0,-3.246220827102661,-0.34814453125,-2.2828502655029297,59700.0,3.3180468082427983,-8.884495735168457,2.495335578918457,59700.0,0.07182604819536209,-9.232640266418457,0.2124854028224945
1093,59800.0,3.4210000038146973,-17.530000686645508,44.479000091552734,59800.0,-0.5076290369033813,-0.14019356667995453,0.11942415684461595,59800.0,1001.9400024414064,59800.0,-3.534246921539306,-1.0814228057861328,-0.32122722268104553,59800.0,4.230360984802246,-8.831171035766602,0.5337126255035399,59800.0,0.6961141228675842,-9.912593841552734,0.2124854028224945
1094,59900.0,3.3610000610351562,-18.70199966430664,44.0620002746582,59900.0,-0.4242459237575531,-1.8591684103012085,-0.3720169365406037,59900.0,1001.9299926757812,59900.0,-3.534246921539306,-1.0814228057861328,-0.32122722268104553,59900.0,4.230360984802246,-8.831171035766602,0.5337126255035399,59900.0,0.6961141228675842,-9.912593841552734,0.2124854028224945
1095,60000.0,3.6679999828338623,-18.70199966430664,43.347999572753906,60000.0,-0.4242459237575531,-1.8591684103012085,-0.3720169365406037,60000.0,1001.9400024414064,60000.0,-3.747605323791504,-2.52394962310791,-2.0691804885864262,60000.0,4.431149959564209,-8.736579895019531,0.455488532781601,60000.0,0.6835445761680603,-11.26052951812744,-1.6136919260025024
1096,60100.0,3.345999956130981,-18.70199966430664,43.347999572753906,60100.0,-0.0012217304902151227,-0.0910189226269722,-0.27061331272125244,60100.0,1001.9400024414064,60100.0,-3.747605323791504,-2.52394962310791,-2.0691804885864262,60100.0,4.431149959564209,-8.736579895019531,0.455488532781601,60100.0,0.6835445761680603,-11.26052951812744,-1.6136919260025024
1097,60200.0,3.0339999198913574,-16.760000228881836,43.347999572753906,60200.0,-0.0012217304902151227,-0.0910189226269722,-0.27061331272125244,60200.0,1002.010009765625,60200.0,-2.007721185684204,-1.417428970336914,-1.8837695121765137,60200.0,4.345659255981444,-8.502346992492676,2.2351186275482178,60200.0,2.3379380702972408,-9.91977596282959,0.3513490855693817
1098,60300.0,1.6929999589920044,-9.291000366210938,46.31900024414063,60300.0,1.029613375663757,0.17409659922122955,-0.08155050873756409,60300.0,1002.010009765625,60300.0,-2.007721185684204,-1.417428970336914,-1.8837695121765137,60300.0,4.345659255981444,-8.502346992492676,2.2351186275482178,60300.0,2.3379380702972408,-9.91977596282959,0.3513490855693817
1099,60400.0,0.5559999942779541,-3.775000095367432,48.67200088500977,60400.0,1.2663236856460571,-0.0907134860754013,0.16401731967926025,60400.0,1001.9400024414064,60400.0,-2.893558979034424,-0.671757698059082,-3.7422382831573486,60400.0,3.995490312576294,-7.986273765563965,4.052886009216309,60400.0,1.10193133354187,-8.658031463623049,0.3106476664543152
1100,60000.0,3.6679999828338623,-18.70199966430664,43.347999572753906,60000.0,-0.4242459237575531,-1.8591684103012085,-0.3720169365406037,60000.0,1001.9400024414064,60000.0,-3.747605323791504,-2.52394962310791,-2.0691804885864262,60000.0,4.431149959564209,-8.736579895019531,0.455488532781601,60000.0,0.6835445761680603,-11.26052951812744,-1.6136919260025024
1101,60100.0,3.345999956130981,-18.70199966430664,43.347999572753906,60100.0,-0.0012217304902151227,-0.0910189226269722,-0.27061331272125244,60100.0,1001.9400024414064,60100.0,-3.747605323791504,-2.52394962310791,-2.0691804885864262,60100.0,4.431149959564209,-8.736579895019531,0.455488532781601,60100.0,0.6835445761680603,-11.26052951812744,-1.6136919260025024
1102,60200.0,3.0339999198913574,-16.760000228881836,43.347999572753906,60200.0,-0.0012217304902151227,-0.0910189226269722,-0.27061331272125244,60200.0,1002.010009765625,60200.0,-2.007721185684204,-1.417428970336914,-1.8837695121765137,60200.0,4.345659255981444,-8.502346992492676,2.2351186275482178,60200.0,2.3379380702972408,-9.91977596282959,0.3513490855693817
1103,60300.0,1.6929999589920044,-9.291000366210938,46.31900024414063,60300.0,1.029613375663757,0.17409659922122955,-0.08155050873756409,60300.0,1002.010009765625,60300.0,-2.007721185684204,-1.417428970336914,-1.8837695121765137,60300.0,4.345659255981444,-8.502346992492676,2.2351186275482178,60300.0,2.3379380702972408,-9.91977596282959,0.3513490855693817
1104,60400.0,0.5559999942779541,-3.775000095367432,48.67200088500977,60400.0,1.2663236856460571,-0.0907134860754013,0.16401731967926025,60400.0,1001.9400024414064,60400.0,-2.893558979034424,-0.671757698059082,-3.7422382831573486,60400.0,3.995490312576294,-7.986273765563965,4.052886009216309,60400.0,1.10193133354187,-8.658031463623049,0.3106476664543152
1105,60500.0,-1.434999942779541,0.7110000252723694,49.45299911499024,60500.0,1.2663236856460571,-0.0907134860754013,0.16401731967926025,60500.0,1001.9400024414064,60500.0,-2.893558979034424,-0.671757698059082,-3.7422382831573486,60500.0,3.995490312576294,-7.986273765563965,4.052886009216309,60500.0,1.10193133354187,-8.658031463623049,0.3106476664543152
1106,60600.0,-0.9879999756813048,6.433000087738037,49.23199844360352,60600.0,1.1346821784973145,-0.009773843921720982,1.0735956430435178,60600.0,1001.8699951171876,60600.0,-3.191086769104004,-1.6799850463867188,-3.2173447608947754,60600.0,2.2711148262023926,-7.674759864807129,5.6666131019592285,60600.0,-0.919972002506256,-9.354744911193848,2.449268341064453
1107,60700.0,-0.6209999918937683,10.12399959564209,49.23199844360352,60700.0,1.1346821784973145,-0.009773843921720982,1.0735956430435178,60700.0,1001.8699951171876,60700.0,-1.972318410873413,0.9942727088928224,-2.8810274600982666,60700.0,1.5724867582321167,-7.025266647338867,6.6590776443481445,60700.0,-0.3998316824436188,-6.030993938446045,3.778050184249878
1108,60800.0,2.1919999122619642,11.015999794006348,49.23199844360352,60800.0,0.702800452709198,0.156686931848526,0.30482175946235657,60800.0,1001.9099731445312,60800.0,-1.972318410873413,0.9942727088928224,-2.8810274600982666,60800.0,1.5724867582321167,-7.025266647338867,6.6590776443481445,60800.0,-0.3998316824436188,-6.030993938446045,3.778050184249878
1109,60900.0,4.23799991607666,8.369000434875487,49.23199844360352,60900.0,0.702800452709198,0.156686931848526,0.30482175946235657,60900.0,1001.989990234375,60900.0,-3.3483266830444336,1.5836925506591797,0.3480348587036133,60900.0,2.0386981964111333,-7.926531314849853,5.402238845825195,60900.0,-1.3096283674240112,-6.342838764190674,5.750273704528809
1110,60500.0,-1.434999942779541,0.7110000252723694,49.45299911499024,60500.0,1.2663236856460571,-0.0907134860754013,0.16401731967926025,60500.0,1001.9400024414064,60500.0,-2.893558979034424,-0.671757698059082,-3.7422382831573486,60500.0,3.995490312576294,-7.986273765563965,4.052886009216309,60500.0,1.10193133354187,-8.658031463623049,0.3106476664543152
1111,60600.0,-0.9879999756813048,6.433000087738037,49.23199844360352,60600.0,1.1346821784973145,-0.009773843921720982,1.0735956430435178,60600.0,1001.8699951171876,60600.0,-3.191086769104004,-1.6799850463867188,-3.2173447608947754,60600.0,2.2711148262023926,-7.674759864807129,5.6666131019592285,60600.0,-0.919972002506256,-9.354744911193848,2.449268341064453
1112,60700.0,-0.6209999918937683,10.12399959564209,49.23199844360352,60700.0,1.1346821784973145,-0.009773843921720982,1.0735956430435178,60700.0,1001.8699951171876,60700.0,-1.972318410873413,0.9942727088928224,-2.8810274600982666,60700.0,1.5724867582321167,-7.025266647338867,6.6590776443481445,60700.0,-0.3998316824436188,-6.030993938446045,3.778050184249878
1113,60800.0,2.1919999122619642,11.015999794006348,49.23199844360352,60800.0,0.702800452709198,0.156686931848526,0.30482175946235657,60800.0,1001.9099731445312,60800.0,-1.972318410873413,0.9942727088928224,-2.8810274600982666,60800.0,1.5724867582321167,-7.025266647338867,6.6590776443481445,60800.0,-0.3998316824436188,-6.030993938446045,3.778050184249878
1114,60900.0,4.23799991607666,8.369000434875487,49.23199844360352,60900.0,0.702800452709198,0.156686931848526,0.30482175946235657,60900.0,1001.989990234375,60900.0,-3.3483266830444336,1.5836925506591797,0.3480348587036133,60900.0,2.0386981964111333,-7.926531314849853,5.402238845825195,60900.0,-1.3096283674240112,-6.342838764190674,5.750273704528809
1115,61000.0,4.125,6.664999961853027,49.23199844360352,61000.0,-0.8616254329681396,-0.3726277947425842,-0.16065755486488342,61000.0,1001.989990234375,61000.0,-3.3483266830444336,1.5836925506591797,0.3480348587036133,61000.0,2.0386981964111333,-7.926531314849853,5.402238845825195,61000.0,-1.3096283674240112,-6.342838764190674,5.750273704528809
1116,61100.0,4.125,-0.08500000089406967,49.23199844360352,61100.0,-0.8616254329681396,-0.3726277947425842,-0.16065755486488342,61100.0,1002.030029296875,61100.0,-2.962238311767578,-3.1402883529663086,-0.07723045349121094,61100.0,2.7527456283569336,-9.053979873657227,2.572587251663208,61100.0,-0.2094926536083221,-12.194268226623535,2.495356798171997
1117,61200.0,4.125,-5.515999794006348,50.053001403808594,61200.0,-1.6924021244049072,-0.3353650271892548,-0.4251621961593628,61200.0,1002.030029296875,61200.0,-2.962238311767578,-3.1402883529663086,-0.07723045349121094,61200.0,2.7527456283569336,-9.053979873657227,2.572587251663208,61200.0,-0.2094926536083221,-12.194268226623535,2.495356798171997
1118,61300.0,3.240000009536743,-9.07800006866455,50.38100051879883,61300.0,-1.6924021244049072,-0.3353650271892548,-0.4251621961593628,61300.0,1002.030029296875,61300.0,-1.4328186511993408,0.3598594665527344,-0.8643459677696228,61300.0,3.4020495414733887,-9.10647678375244,1.2917109727859497,61300.0,1.969230890274048,-8.746617317199707,0.4273650050163269
1119,61400.0,3.240000009536743,-10.390999794006348,50.38100051879883,61400.0,-1.052215337753296,0.8665123581886292,-0.6475171446800232,61400.0,1002.030029296875,61400.0,-1.4328186511993408,0.3598594665527344,-0.8643459677696228,61400.0,3.4020495414733887,-9.10647678375244,1.2917109727859497,61400.0,1.969230890274048,-8.746617317199707,0.4273650050163269
1120,61000.0,4.125,6.664999961853027,49.23199844360352,61000.0,-0.8616254329681396,-0.3726277947425842,-0.16065755486488342,61000.0,1001.989990234375,61000.0,-3.3483266830444336,1.5836925506591797,0.3480348587036133,61000.0,2.0386981964111333,-7.926531314849853,5.402238845825195,61000.0,-1.3096283674240112,-6.342838764190674,5.750273704528809
1121,61100.0,4.125,-0.08500000089406967,49.23199844360352,61100.0,-0.8616254329681396,-0.3726277947425842,-0.16065755486488342,61100.0,1002.030029296875,61100.0,-2.962238311767578,-3.1402883529663086,-0.07723045349121094,61100.0,2.7527456283569336,-9.053979873657227,2.572587251663208,61100.0,-0.2094926536083221,-12.194268226623535,2.495356798171997
1122,61200.0,4.125,-5.515999794006348,50.053001403808594,61200.0,-1.6924021244049072,-0.3353650271892548,-0.4251621961593628,61200.0,1002.030029296875,61200.0,-2.962238311767578,-3.1402883529663086,-0.07723045349121094,61200.0,2.7527456283569336,-9.053979873657227,2.572587251663208,61200.0,-0.2094926536083221,-12.194268226623535,2.495356798171997
1123,61300.0,3.240000009536743,-9.07800006866455,50.38100051879883,61300.0,-1.6924021244049072,-0.3353650271892548,-0.4251621961593628,61300.0,1002.030029296875,61300.0,-1.4328186511993408,0.3598594665527344,-0.8643459677696228,61300.0,3.4020495414733887,-9.10647678375244,1.2917109727859497,61300.0,1.969230890274048,-8.746617317199707,0.4273650050163269
1124,61400.0,3.240000009536743,-10.390999794006348,50.38100051879883,61400.0,-1.052215337753296,0.8665123581886292,-0.6475171446800232,61400.0,1002.030029296875,61400.0,-1.4328186511993408,0.3598594665527344,-0.8643459677696228,61400.0,3.4020495414733887,-9.10647678375244,1.2917109727859497,61400.0,1.969230890274048,-8.746617317199707,0.4273650050163269
1125,61500.0,6.644999980926514,-13.185999870300293,49.94900131225586,61500.0,-0.5552765130996704,0.1157589629292488,0.053450707346200936,61500.0,1001.97998046875,61500.0,-2.6937851905822754,0.31409454345703125,0.08539959788322449,61500.0,3.1127705574035645,-9.289957046508787,0.4215725958347321,61500.0,0.4189853072166443,-8.975862503051758,0.5069721937179565
1126,61600.0,10.28499984741211,-15.597000122070312,47.75,61600.0,-0.5552765130996704,0.1157589629292488,0.053450707346200936,61600.0,1001.97998046875,61600.0,-1.513863205909729,0.2346153259277344,0.28212326765060425,61600.0,2.7474756240844727,-9.387049674987793,-0.7106853723526001,61600.0,1.2336124181747437,-9.15243434906006,-0.4285621047019959
1127,61700.0,10.32699966430664,-18.80900001525879,46.3759994506836,61700.0,-0.5082398653030396,-0.5213735103607178,0.11514809727668762,61700.0,1001.969970703125,61700.0,-1.513863205909729,0.2346153259277344,0.28212326765060425,61700.0,2.7474756240844727,-9.387049674987793,-0.7106853723526001,61700.0,1.2336124181747437,-9.15243434906006,-0.4285621047019959
1128,61800.0,9.593999862670898,-20.915000915527344,46.3759994506836,61800.0,-0.5082398653030396,-0.5213735103607178,0.11514809727668762,61800.0,1001.969970703125,61800.0,-2.8622090816497803,-0.3807201385498047,0.8293060660362244,61800.0,2.7718279361724854,-9.305621147155762,-1.3757826089859009,61800.0,-0.09038111567497252,-9.686341285705566,-0.5464765429496765
1129,61900.0,9.593999862670898,-20.915000915527344,46.03499984741211,61900.0,-0.28557950258255005,-0.3689626157283783,-0.17409659922122955,61900.0,1001.969970703125,61900.0,-2.8622090816497803,-0.3807201385498047,0.8293060660362244,61900.0,2.7718279361724854,-9.305621147155762,-1.3757826089859009,61900.0,-0.09038111567497252,-9.686341285705566,-0.5464765429496765
1130,61500.0,6.644999980926514,-13.185999870300293,49.94900131225586,61500.0,-0.5552765130996704,0.1157589629292488,0.053450707346200936,61500.0,1001.97998046875,61500.0,-2.6937851905822754,0.31409454345703125,0.08539959788322449,61500.0,3.1127705574035645,-9.289957046508787,0.4215725958347321,61500.0,0.4189853072166443,-8.975862503051758,0.5069721937179565
1131,61600.0,10.28499984741211,-15.597000122070312,47.75,61600.0,-0.5552765130996704,0.1157589629292488,0.053450707346200936,61600.0,1001.97998046875,61600.0,-1.513863205909729,0.2346153259277344,0.28212326765060425,61600.0,2.7474756240844727,-9.387049674987793,-0.7106853723526001,61600.0,1.2336124181747437,-9.15243434906006,-0.4285621047019959
1132,61700.0,10.32699966430664,-18.80900001525879,46.3759994506836,61700.0,-0.5082398653030396,-0.5213735103607178,0.11514809727668762,61700.0,1001.969970703125,61700.0,-1.513863205909729,0.2346153259277344,0.28212326765060425,61700.0,2.7474756240844727,-9.387049674987793,-0.7106853723526001,61700.0,1.2336124181747437,-9.15243434906006,-0.4285621047019959
1133,61800.0,9.593999862670898,-20.915000915527344,46.3759994506836,61800.0,-0.5082398653030396,-0.5213735103607178,0.11514809727668762,61800.0,1001.969970703125,61800.0,-2.8622090816497803,-0.3807201385498047,0.8293060660362244,61800.0,2.7718279361724854,-9.305621147155762,-1.3757826089859009,61800.0,-0.09038111567497252,-9.686341285705566,-0.5464765429496765
1134,61900.0,9.593999862670898,-20.915000915527344,46.03499984741211,61900.0,-0.28557950258255005,-0.3689626157283783,-0.17409659922122955,61900.0,1001.969970703125,61900.0,-2.8622090816497803,-0.3807201385498047,0.8293060660362244,61900.0,2.7718279361724854,-9.305621147155762,-1.3757826089859009,61900.0,-0.09038111567497252,-9.686341285705566,-0.5464765429496765
1135,62000.0,4.263999938964844,-20.55599975585937,45.73199844360352,62000.0,-0.28557950258255005,-0.3689626157283783,-0.17409659922122955,62000.0,1001.9600219726564,62000.0,-2.718916893005371,-2.203124046325684,-2.893788576126098,62000.0,3.0253746509552,-9.286649703979492,-0.8806703686714172,62000.0,0.3064578175544739,-11.489773750305176,-3.774458885192871
1136,62100.0,2.575000047683716,-20.95400047302246,46.09199905395508,62100.0,0.2385428845882416,0.3097086846828461,-0.2519819140434265,62100.0,1001.9600219726564,62100.0,-2.718916893005371,-2.203124046325684,-2.893788576126098,62100.0,3.0253746509552,-9.286649703979492,-0.8806703686714172,62100.0,0.3064578175544739,-11.489773750305176,-3.774458885192871
1137,62200.0,1.4539999961853027,-19.26799964904785,47.90399932861328,62200.0,0.6514877676963806,0.95783668756485,-0.05253441259264946,62200.0,1002.030029296875,62200.0,-0.5800647735595703,-0.28306007385253906,-1.8740600347518919,62200.0,2.991624355316162,-9.31290054321289,0.7003026008605957,62200.0,2.411559581756592,-9.59596061706543,-1.1737574338912964
1138,62300.0,-0.19599999487400047,-12.079999923706055,50.111000061035156,62300.0,0.6514877676963806,0.95783668756485,-0.05253441259264946,62300.0,1002.030029296875,62300.0,-0.5800647735595703,-0.28306007385253906,-1.8740600347518919,62300.0,2.991624355316162,-9.31290054321289,0.7003026008605957,62300.0,2.411559581756592,-9.59596061706543,-1.1737574338912964
1139,62400.0,-6.015999794006348,-6.39300012588501,51.85599899291992,62400.0,0.8985827565193176,0.3872885704040527,0.4483750760555267,62400.0,1002.02001953125,62400.0,-1.4050157070159912,-0.32977771759033203,-1.7576464414596558,62400.0,1.919769048690796,-9.315263748168944,2.389715671539306,62400.0,0.5147533416748047,-9.645041465759276,0.6320692300796509
1140,62000.0,4.263999938964844,-20.55599975585937,45.73199844360352,62000.0,-0.28557950258255005,-0.3689626157283783,-0.17409659922122955,62000.0,1001.9600219726564,62000.0,-2.718916893005371,-2.203124046325684,-2.893788576126098,62000.0,3.0253746509552,-9.286649703979492,-0.8806703686714172,62000.0,0.3064578175544739,-11.489773750305176,-3.774458885192871
1141,62100.0,2.575000047683716,-20.95400047302246,46.09199905395508,62100.0,0.2385428845882416,0.3097086846828461,-0.2519819140434265,62100.0,1001.9600219726564,62100.0,-2.718916893005371,-2.203124046325684,-2.893788576126098,62100.0,3.0253746509552,-9.286649703979492,-0.8806703686714172,62100.0,0.3064578175544739,-11.489773750305176,-3.774458885192871
1142,62200.0,1.4539999961853027,-19.26799964904785,47.90399932861328,62200.0,0.6514877676963806,0.95783668756485,-0.05253441259264946,62200.0,1002.030029296875,62200.0,-0.5800647735595703,-0.28306007385253906,-1.8740600347518919,62200.0,2.991624355316162,-9.31290054321289,0.7003026008605957,62200.0,2.411559581756592,-9.59596061706543,-1.1737574338912964
1143,62300.0,-0.19599999487400047,-12.079999923706055,50.111000061035156,62300.0,0.6514877676963806,0.95783668756485,-0.05253441259264946,62300.0,1002.030029296875,62300.0,-0.5800647735595703,-0.28306007385253906,-1.8740600347518919,62300.0,2.991624355316162,-9.31290054321289,0.7003026008605957,62300.0,2.411559581756592,-9.59596061706543,-1.1737574338912964
1144,62400.0,-6.015999794006348,-6.39300012588501,51.85599899291992,62400.0,0.8985827565193176,0.3872885704040527,0.4483750760555267,62400.0,1002.02001953125,62400.0,-1.4050157070159912,-0.32977771759033203,-1.7576464414596558,62400.0,1.919769048690796,-9.315263748168944,2.389715671539306,62400.0,0.5147533416748047,-9.645041465759276,0.6320692300796509
1145,62500.0,-6.86899995803833,-0.7960000038146973,52.43500137329102,62500.0,0.8985827565193176,0.3872885704040527,0.4483750760555267,62500.0,1002.02001953125,62500.0,1.866300106048584,0.03740787506103516,-2.8642385005950928,62500.0,-0.7661643624305725,-8.860040664672852,4.133165359497069,62500.0,1.1001356840133667,-8.822632789611816,1.2689268589019775
1146,62600.0,-6.482999801635742,6.053999900817871,52.43500137329102,62600.0,1.0005972385406494,1.350928544998169,1.0784826278686523,62600.0,1001.9299926757812,62600.0,1.866300106048584,0.03740787506103516,-2.8642385005950928,62600.0,-0.7661643624305725,-8.860040664672852,4.133165359497069,62600.0,1.1001356840133667,-8.822632789611816,1.2689268589019775
1147,62700.0,-5.785999774932861,11.694000244140625,52.43500137329102,62700.0,1.0005972385406494,1.350928544998169,1.0784826278686523,62700.0,1001.9000244140624,62700.0,2.4640352725982666,1.5346779823303225,-1.5864360332489014,62700.0,-2.6854989528656006,-7.72009801864624,5.418355941772461,62700.0,-0.2214636504650116,-6.185420036315918,3.83191990852356
1148,62800.0,-3.0499999523162837,14.086000442504885,52.43500137329102,62800.0,1.0039570331573486,0.7559457421302795,0.7816020846366882,62800.0,1001.9000244140624,62800.0,2.4640352725982666,1.5346779823303225,-1.5864360332489014,62800.0,-2.6854989528656006,-7.72009801864624,5.418355941772461,62800.0,-0.2214636504650116,-6.185420036315918,3.83191990852356
1149,62900.0,-0.8330000042915344,13.241000175476074,51.69300079345703,62900.0,1.0039570331573486,0.7559457421302795,0.7816020846366882,62900.0,1001.9000244140624,62900.0,0.9155629873275756,2.5056934356689453,-0.39968109130859375,62900.0,-2.335923194885254,-7.883668899536133,5.344305992126465,62900.0,-1.4203602075576782,-5.377975463867188,4.944624900817871
1150,62500.0,-6.86899995803833,-0.7960000038146973,52.43500137329102,62500.0,0.8985827565193176,0.3872885704040527,0.4483750760555267,62500.0,1002.02001953125,62500.0,1.866300106048584,0.03740787506103516,-2.8642385005950928,62500.0,-0.7661643624305725,-8.860040664672852,4.133165359497069,62500.0,1.1001356840133667,-8.822632789611816,1.2689268589019775
1151,62600.0,-6.482999801635742,6.053999900817871,52.43500137329102,62600.0,1.0005972385406494,1.350928544998169,1.0784826278686523,62600.0,1001.9299926757812,62600.0,1.866300106048584,0.03740787506103516,-2.8642385005950928,62600.0,-0.7661643624305725,-8.860040664672852,4.133165359497069,62600.0,1.1001356840133667,-8.822632789611816,1.2689268589019775
1152,62700.0,-5.785999774932861,11.694000244140625,52.43500137329102,62700.0,1.0005972385406494,1.350928544998169,1.0784826278686523,62700.0,1001.9000244140624,62700.0,2.4640352725982666,1.5346779823303225,-1.5864360332489014,62700.0,-2.6854989528656006,-7.72009801864624,5.418355941772461,62700.0,-0.2214636504650116,-6.185420036315918,3.83191990852356
1153,62800.0,-3.0499999523162837,14.086000442504885,52.43500137329102,62800.0,1.0039570331573486,0.7559457421302795,0.7816020846366882,62800.0,1001.9000244140624,62800.0,2.4640352725982666,1.5346779823303225,-1.5864360332489014,62800.0,-2.6854989528656006,-7.72009801864624,5.418355941772461,62800.0,-0.2214636504650116,-6.185420036315918,3.83191990852356
1154,62900.0,-0.8330000042915344,13.241000175476074,51.69300079345703,62900.0,1.0039570331573486,0.7559457421302795,0.7816020846366882,62900.0,1001.9000244140624,62900.0,0.9155629873275756,2.5056934356689453,-0.39968109130859375,62900.0,-2.335923194885254,-7.883668899536133,5.344305992126465,62900.0,-1.4203602075576782,-5.377975463867188,4.944624900817871
1155,63000.0,0.2280000001192093,10.456000328063963,51.38999938964844,63000.0,-0.2330450862646103,-0.5167919993400574,0.05283984541893005,63000.0,1001.9000244140624,63000.0,0.9155629873275756,2.5056934356689453,-0.39968109130859375,63000.0,-2.335923194885254,-7.883668899536133,5.344305992126465,63000.0,-1.4203602075576782,-5.377975463867188,4.944624900817871
1156,63100.0,0.2849999964237213,6.901000022888184,51.38999938964844,63100.0,-0.2330450862646103,-0.5167919993400574,0.05283984541893005,63100.0,1001.8499755859376,63100.0,1.3500181436538696,2.164130687713623,0.6964926719665527,63100.0,-1.341638445854187,-8.228643417358397,5.163315773010254,63100.0,0.008379706181585789,-6.064512729644775,5.8598084449768075
1157,63200.0,0.2849999964237213,0.9169999957084656,52.06900024414063,63200.0,-0.2379320114850998,-0.3845396637916565,-0.4468479156494141,63200.0,1001.8499755859376,63200.0,1.3500181436538696,2.164130687713623,0.6964926719665527,63200.0,-1.341638445854187,-8.228643417358397,5.163315773010254,63200.0,0.008379706181585789,-6.064512729644775,5.8598084449768075
1158,63300.0,-0.6600000262260437,-5.413000106811523,52.83000183105469,63300.0,-1.2980886697769165,-0.6856962442398071,-0.969748556613922,63300.0,1001.9500122070312,63300.0,-0.3697368204593657,-0.1849040985107422,-1.8787223100662231,63300.0,0.6480627655982971,-9.296134948730467,3.0548739433288574,63300.0,0.2783259451389313,-9.481039047241213,1.1761516332626345
1159,63400.0,-0.2630000114440918,-6.5229997634887695,53.15299987792969,63400.0,-1.2980886697769165,-0.6856962442398071,-0.969748556613922,63400.0,1001.9500122070312,63400.0,-1.3797081708908079,-0.08632469177246094,-1.985766649246216,63400.0,1.1624343395233154,-9.32109260559082,2.817153215408325,63400.0,-0.2172738015651703,-9.40741729736328,0.8313865661621094
1160,63000.0,0.2280000001192093,10.456000328063963,51.38999938964844,63000.0,-0.2330450862646103,-0.5167919993400574,0.05283984541893005,63000.0,1001.9000244140624,63000.0,0.9155629873275756,2.5056934356689453,-0.39968109130859375,63000.0,-2.335923194885254,-7.883668899536133,5.344305992126465,63000.0,-1.4203602075576782,-5.377975463867188,4.944624900817871
1161,63100.0,0.2849999964237213,6.901000022888184,51.38999938964844,63100.0,-0.2330450862646103,-0.5167919993400574,0.05283984541893005,63100.0,1001.8499755859376,63100.0,1.3500181436538696,2.164130687713623,0.6964926719665527,63100.0,-1.341638445854187,-8.228643417358397,5.163315773010254,63100.0,0.008379706181585789,-6.064512729644775,5.8598084449768075
1162,63200.0,0.2849999964237213,0.9169999957084656,52.06900024414063,63200.0,-0.2379320114850998,-0.3845396637916565,-0.4468479156494141,63200.0,1001.8499755859376,63200.0,1.3500181436538696,2.164130687713623,0.6964926719665527,63200.0,-1.341638445854187,-8.228643417358397,5.163315773010254,63200.0,0.008379706181585789,-6.064512729644775,5.8598084449768075
1163,63300.0,-0.6600000262260437,-5.413000106811523,52.83000183105469,63300.0,-1.2980886697769165,-0.6856962442398071,-0.969748556613922,63300.0,1001.9500122070312,63300.0,-0.3697368204593657,-0.1849040985107422,-1.8787223100662231,63300.0,0.6480627655982971,-9.296134948730467,3.0548739433288574,63300.0,0.2783259451389313,-9.481039047241213,1.1761516332626345
1164,63400.0,-0.2630000114440918,-6.5229997634887695,53.15299987792969,63400.0,-1.2980886697769165,-0.6856962442398071,-0.969748556613922,63400.0,1001.9500122070312,63400.0,-1.3797081708908079,-0.08632469177246094,-1.985766649246216,63400.0,1.1624343395233154,-9.32109260559082,2.817153215408325,63400.0,-0.2172738015651703,-9.40741729736328,0.8313865661621094
1165,63500.0,2.382999897003174,-9.329000473022461,53.15299987792969,63500.0,-0.1169806942343712,0.11942415684461595,-0.4358523488044739,63500.0,1001.9600219726564,63500.0,-1.3797081708908079,-0.08632469177246094,-1.985766649246216,63500.0,1.1624343395233154,-9.32109260559082,2.817153215408325,63500.0,-0.2172738015651703,-9.40741729736328,0.8313865661621094
1166,63600.0,4.816999912261963,-12.184000015258787,52.3489990234375,63600.0,-0.1169806942343712,0.11942415684461595,-0.4358523488044739,63600.0,1001.7999877929688,63600.0,-0.8529324531555176,0.0862884521484375,-0.3206869959831238,63600.0,1.3569118976593018,-9.63436508178711,1.228089451789856,63600.0,0.5039794445037842,-9.548076629638672,0.9074024558067322
1167,63700.0,5.85699987411499,-15.512999534606935,51.50699996948242,63700.0,-0.7412849664688109,-1.207069754600525,0.053450707346200936,63700.0,1001.7999877929688,63700.0,-0.8529324531555176,0.0862884521484375,-0.3206869959831238,63700.0,1.3569118976593018,-9.63436508178711,1.228089451789856,63700.0,0.5039794445037842,-9.548076629638672,0.9074024558067322
1168,63800.0,5.078999996185303,-18.017000198364254,50.81999969482422,63800.0,-0.7412849664688109,-1.207069754600525,0.053450707346200936,63800.0,1001.8800048828124,63800.0,-1.3633331060409546,0.3668317794799805,-0.524396538734436,63800.0,1.3316099643707275,-9.707809448242188,0.3945111036300659,63800.0,-0.03172317147254944,-9.340977668762207,-0.12988543510437012
1169,63900.0,5.078999996185303,-18.106000900268555,50.43000030517578,63900.0,-0.4218024611473084,-0.23609942197799685,-0.06811147183179855,63900.0,1001.8800048828124,63900.0,-1.3633331060409546,0.3668317794799805,-0.524396538734436,63900.0,1.3316099643707275,-9.707809448242188,0.3945111036300659,63900.0,-0.03172317147254944,-9.340977668762207,-0.12988543510437012
1170,63500.0,2.382999897003174,-9.329000473022461,53.15299987792969,63500.0,-0.1169806942343712,0.11942415684461595,-0.4358523488044739,63500.0,1001.9600219726564,63500.0,-1.3797081708908079,-0.08632469177246094,-1.985766649246216,63500.0,1.1624343395233154,-9.32109260559082,2.817153215408325,63500.0,-0.2172738015651703,-9.40741729736328,0.8313865661621094
1171,63600.0,4.816999912261963,-12.184000015258787,52.3489990234375,63600.0,-0.1169806942343712,0.11942415684461595,-0.4358523488044739,63600.0,1001.7999877929688,63600.0,-0.8529324531555176,0.0862884521484375,-0.3206869959831238,63600.0,1.3569118976593018,-9.63436508178711,1.228089451789856,63600.0,0.5039794445037842,-9.548076629638672,0.9074024558067322
1172,63700.0,5.85699987411499,-15.512999534606935,51.50699996948242,63700.0,-0.7412849664688109,-1.207069754600525,0.053450707346200936,63700.0,1001.7999877929688,63700.0,-0.8529324531555176,0.0862884521484375,-0.3206869959831238,63700.0,1.3569118976593018,-9.63436508178711,1.228089451789856,63700.0,0.5039794445037842,-9.548076629638672,0.9074024558067322
1173,63800.0,5.078999996185303,-18.017000198364254,50.81999969482422,63800.0,-0.7412849664688109,-1.207069754600525,0.053450707346200936,63800.0,1001.8800048828124,63800.0,-1.3633331060409546,0.3668317794799805,-0.524396538734436,63800.0,1.3316099643707275,-9.707809448242188,0.3945111036300659,63800.0,-0.03172317147254944,-9.340977668762207,-0.12988543510437012
1174,63900.0,5.078999996185303,-18.106000900268555,50.43000030517578,63900.0,-0.4218024611473084,-0.23609942197799685,-0.06811147183179855,63900.0,1001.8800048828124,63900.0,-1.3633331060409546,0.3668317794799805,-0.524396538734436,63900.0,1.3316099643707275,-9.707809448242188,0.3945111036300659,63900.0,-0.03172317147254944,-9.340977668762207,-0.12988543510437012
1175,64000.0,-0.1899999976158142,-18.4060001373291,50.09299850463867,64000.0,-0.4218024611473084,-0.23609942197799685,-0.06811147183179855,64000.0,1001.9299926757812,64000.0,-1.278024196624756,-1.82666015625,-2.7623207569122314,64000.0,1.8119311332702643,-9.635580062866213,0.20710887014865875,64000.0,0.5339069962501526,-11.462240219116213,-2.5552117824554443
1176,64100.0,-2.164999961853028,-18.4060001373291,50.09299850463867,64100.0,-0.08032877743244171,0.23457226157188416,-0.3778201639652252,64100.0,1001.9299926757812,64100.0,-1.278024196624756,-1.82666015625,-2.7623207569122314,64100.0,1.8119311332702643,-9.635580062866213,0.20710887014865875,64100.0,0.5339069962501526,-11.462240219116213,-2.5552117824554443
1177,64200.0,-3.114000082015991,-16.783000946044922,50.09299850463867,64200.0,0.5164865851402283,0.9334021210670472,-0.1762346178293228,64200.0,1001.8699951171876,64200.0,0.18370473384857167,-0.6214113235473633,-2.735193252563477,64200.0,1.881294131278992,-9.53060245513916,1.3411692380905151,64200.0,2.0649988651275635,-10.152013778686523,-1.394023895263672
1178,64300.0,-7.4749999046325675,-7.7189998626708975,50.44800186157226,64300.0,0.5164865851402283,0.9334021210670472,-0.1762346178293228,64300.0,1001.8699951171876,64300.0,0.9978845119476318,-0.7223691940307617,-5.05945348739624,64300.0,0.7307291030883789,-9.024425506591797,3.7677817344665527,64300.0,1.7286136150360107,-9.74679470062256,-1.291671872138977
1179,64400.0,-13.946000099182127,-2.4089999198913574,50.7760009765625,64400.0,1.4223997592926023,0.4786129295825958,0.4743368625640869,64400.0,1001.969970703125,64400.0,0.9978845119476318,-0.7223691940307617,-5.05945348739624,64400.0,0.7307291030883789,-9.024425506591797,3.7677817344665527,64400.0,1.7286136150360107,-9.74679470062256,-1.291671872138977
1180,64000.0,-0.1899999976158142,-18.4060001373291,50.09299850463867,64000.0,-0.4218024611473084,-0.23609942197799685,-0.06811147183179855,64000.0,1001.9299926757812,64000.0,-1.278024196624756,-1.82666015625,-2.7623207569122314,64000.0,1.8119311332702643,-9.635580062866213,0.20710887014865875,64000.0,0.5339069962501526,-11.462240219116213,-2.5552117824554443
1181,64100.0,-2.164999961853028,-18.4060001373291,50.09299850463867,64100.0,-0.08032877743244171,0.23457226157188416,-0.3778201639652252,64100.0,1001.9299926757812,64100.0,-1.278024196624756,-1.82666015625,-2.7623207569122314,64100.0,1.8119311332702643,-9.635580062866213,0.20710887014865875,64100.0,0.5339069962501526,-11.462240219116213,-2.5552117824554443
1182,64200.0,-3.114000082015991,-16.783000946044922,50.09299850463867,64200.0,0.5164865851402283,0.9334021210670472,-0.1762346178293228,64200.0,1001.8699951171876,64200.0,0.18370473384857167,-0.6214113235473633,-2.735193252563477,64200.0,1.881294131278992,-9.53060245513916,1.3411692380905151,64200.0,2.0649988651275635,-10.152013778686523,-1.394023895263672
1183,64300.0,-7.4749999046325675,-7.7189998626708975,50.44800186157226,64300.0,0.5164865851402283,0.9334021210670472,-0.1762346178293228,64300.0,1001.8699951171876,64300.0,0.9978845119476318,-0.7223691940307617,-5.05945348739624,64300.0,0.7307291030883789,-9.024425506591797,3.7677817344665527,64300.0,1.7286136150360107,-9.74679470062256,-1.291671872138977
1184,64400.0,-13.946000099182127,-2.4089999198913574,50.7760009765625,64400.0,1.4223997592926023,0.4786129295825958,0.4743368625640869,64400.0,1001.969970703125,64400.0,0.9978845119476318,-0.7223691940307617,-5.05945348739624,64400.0,0.7307291030883789,-9.024425506591797,3.7677817344665527,64400.0,1.7286136150360107,-9.74679470062256,-1.291671872138977
1185,64500.0,-13.795999526977539,4.684000015258789,50.7760009765625,64500.0,1.4223997592926023,0.4786129295825958,0.4743368625640869,64500.0,1001.969970703125,64500.0,3.3879990577697754,-1.0236244201660156,-4.2984161376953125,64500.0,-2.2130444049835205,-8.032443046569824,5.172299861907959,64500.0,1.174954533576965,-9.05606746673584,0.8738836050033569
1186,64600.0,-11.88599967956543,11.329000473022461,48.55799865722656,64600.0,1.1200214624404907,1.6575828790664673,1.0155634880065918,64600.0,1001.8800048828124,64600.0,3.3879990577697754,-1.0236244201660156,-4.2984161376953125,64600.0,-2.2130444049835205,-8.032443046569824,5.172299861907959,64600.0,1.174954533576965,-9.05606746673584,0.8738836050033569
1187,64700.0,-11.015999794006348,15.140999794006348,46.70199966430664,64700.0,1.1200214624404907,1.6575828790664673,1.0155634880065918,64700.0,1001.969970703125,64700.0,3.3023276329040527,1.764401912689209,-1.7123279571533203,64700.0,-4.1480793952941895,-6.7718749046325675,5.753740310668945,64700.0,-0.8457517623901367,-5.0074729919433585,4.041412353515625
1188,64800.0,-8.51200008392334,15.47599983215332,45.88100051879883,64800.0,0.980133295059204,1.2754865884780884,0.4599815309047699,64800.0,1001.969970703125,64800.0,3.3023276329040527,1.764401912689209,-1.7123279571533203,64800.0,-4.1480793952941895,-6.7718749046325675,5.753740310668945,64800.0,-0.8457517623901367,-5.0074729919433585,4.041412353515625
1189,64900.0,-10.239999771118164,12.480999946594238,46.29299926757813,64900.0,0.980133295059204,1.2754865884780884,0.4599815309047699,64900.0,1001.8099975585938,64900.0,2.6914403438568115,1.8572068214416504,-0.5799641609191895,64900.0,-3.5754992961883545,-7.8379225730896,4.6854214668273935,64900.0,-0.884058952331543,-5.980715751647949,4.105457305908203
1190,64500.0,-13.795999526977539,4.684000015258789,50.7760009765625,64500.0,1.4223997592926023,0.4786129295825958,0.4743368625640869,64500.0,1001.969970703125,64500.0,3.3879990577697754,-1.0236244201660156,-4.2984161376953125,64500.0,-2.2130444049835205,-8.032443046569824,5.172299861907959,64500.0,1.174954533576965,-9.05606746673584,0.8738836050033569
1191,64600.0,-11.88599967956543,11.329000473022461,48.55799865722656,64600.0,1.1200214624404907,1.6575828790664673,1.0155634880065918,64600.0,1001.8800048828124,64600.0,3.3879990577697754,-1.0236244201660156,-4.2984161376953125,64600.0,-2.2130444049835205,-8.032443046569824,5.172299861907959,64600.0,1.174954533576965,-9.05606746673584,0.8738836050033569
1192,64700.0,-11.015999794006348,15.140999794006348,46.70199966430664,64700.0,1.1200214624404907,1.6575828790664673,1.0155634880065918,64700.0,1001.969970703125,64700.0,3.3023276329040527,1.764401912689209,-1.7123279571533203,64700.0,-4.1480793952941895,-6.7718749046325675,5.753740310668945,64700.0,-0.8457517623901367,-5.0074729919433585,4.041412353515625
1193,64800.0,-8.51200008392334,15.47599983215332,45.88100051879883,64800.0,0.980133295059204,1.2754865884780884,0.4599815309047699,64800.0,1001.969970703125,64800.0,3.3023276329040527,1.764401912689209,-1.7123279571533203,64800.0,-4.1480793952941895,-6.7718749046325675,5.753740310668945,64800.0,-0.8457517623901367,-5.0074729919433585,4.041412353515625
1194,64900.0,-10.239999771118164,12.480999946594238,46.29299926757813,64900.0,0.980133295059204,1.2754865884780884,0.4599815309047699,64900.0,1001.8099975585938,64900.0,2.6914403438568115,1.8572068214416504,-0.5799641609191895,64900.0,-3.5754992961883545,-7.8379225730896,4.6854214668273935,64900.0,-0.884058952331543,-5.980715751647949,4.105457305908203
1195,65000.0,-9.37600040435791,12.838000297546387,45.95000076293945,65000.0,-0.9728028774261476,-0.3145956099033356,-0.21471913158893585,65000.0,1001.8099975585938,65000.0,2.6914403438568115,1.8572068214416504,-0.5799641609191895,65000.0,-3.5754992961883545,-7.8379225730896,4.6854214668273935,65000.0,-0.884058952331543,-5.980715751647949,4.105457305908203
1196,65100.0,-9.37600040435791,8.578000068664549,45.95000076293945,65100.0,-0.05894849449396133,0.4453207552433014,-0.9633345007896424,65100.0,1001.9000244140624,65100.0,3.165644645690918,3.509824275970459,0.2076711654663086,65100.0,-2.509633302688598,-8.393397331237793,4.407152652740479,65100.0,0.6560112833976746,-4.883573055267334,4.614823818206787
1197,65200.0,-10.144000053405762,1.4809999465942385,46.36600112915039,65200.0,-0.05894849449396133,0.4453207552433014,-0.9633345007896424,65200.0,1001.9000244140624,65200.0,3.658225536346436,-0.8315086364746094,-1.2014102935791016,65200.0,-1.351412296295166,-9.527603149414064,1.8891446590423584,65200.0,2.306813240051269,-10.359111785888672,0.6877344250679016
1198,65300.0,-10.505000114440918,-3.50600004196167,46.691001892089844,65300.0,-1.665218710899353,-0.8423831462860107,-0.3478877544403076,65300.0,1001.9099731445312,65300.0,3.658225536346436,-0.8315086364746094,-1.2014102935791016,65300.0,-1.351412296295166,-9.527603149414064,1.8891446590423584,65300.0,2.306813240051269,-10.359111785888672,0.6877344250679016
1199,65400.0,-8.647000312805176,-5.38700008392334,47.01300048828125,65400.0,-1.665218710899353,-0.8423831462860107,-0.3478877544403076,65400.0,1001.9099731445312,65400.0,0.24367862939834595,1.4300146102905271,-1.1328632831573486,65400.0,-1.1355187892913818,-9.6469144821167,1.348341464996338,65400.0,-0.8918401598930359,-8.216899871826174,0.21547815203666687
1200,65000.0,-9.37600040435791,12.838000297546387,45.95000076293945,65000.0,-0.9728028774261476,-0.3145956099033356,-0.21471913158893585,65000.0,1001.8099975585938,65000.0,2.6914403438568115,1.8572068214416504,-0.5799641609191895,65000.0,-3.5754992961883545,-7.8379225730896,4.6854214668273935,65000.0,-0.884058952331543,-5.980715751647949,4.105457305908203
1201,65100.0,-9.37600040435791,8.578000068664549,45.95000076293945,65100.0,-0.05894849449396133,0.4453207552433014,-0.9633345007896424,65100.0,1001.9000244140624,65100.0,3.165644645690918,3.509824275970459,0.2076711654663086,65100.0,-2.509633302688598,-8.393397331237793,4.407152652740479,65100.0,0.6560112833976746,-4.883573055267334,4.614823818206787
1202,65200.0,-10.144000053405762,1.4809999465942385,46.36600112915039,65200.0,-0.05894849449396133,0.4453207552433014,-0.9633345007896424,65200.0,1001.9000244140624,65200.0,3.658225536346436,-0.8315086364746094,-1.2014102935791016,65200.0,-1.351412296295166,-9.527603149414064,1.8891446590423584,65200.0,2.306813240051269,-10.359111785888672,0.6877344250679016
1203,65300.0,-10.505000114440918,-3.50600004196167,46.691001892089844,65300.0,-1.665218710899353,-0.8423831462860107,-0.3478877544403076,65300.0,1001.9099731445312,65300.0,3.658225536346436,-0.8315086364746094,-1.2014102935791016,65300.0,-1.351412296295166,-9.527603149414064,1.8891446590423584,65300.0,2.306813240051269,-10.359111785888672,0.6877344250679016
1204,65400.0,-8.647000312805176,-5.38700008392334,47.01300048828125,65400.0,-1.665218710899353,-0.8423831462860107,-0.3478877544403076,65400.0,1001.9099731445312,65400.0,0.24367862939834595,1.4300146102905271,-1.1328632831573486,65400.0,-1.1355187892913818,-9.6469144821167,1.348341464996338,65400.0,-0.8918401598930359,-8.216899871826174,0.21547815203666687
1205,65500.0,-1.5970000028610232,-6.736000061035156,47.35100173950195,65500.0,-0.2431243658065796,0.25106561183929443,-0.22602014243602755,65500.0,1001.9199829101564,65500.0,0.24367862939834595,1.4300146102905271,-1.1328632831573486,65500.0,-1.1355187892913818,-9.6469144821167,1.348341464996338,65500.0,-0.8918401598930359,-8.216899871826174,0.21547815203666687
1206,65600.0,0.14000000059604645,-8.347999572753906,47.35100173950195,65600.0,-0.2431243658065796,0.25106561183929443,-0.22602014243602755,65600.0,1001.8599853515624,65600.0,2.255143165588379,0.8199863433837891,-1.155237913131714,65600.0,-1.2573596239089966,-9.7252197265625,0.09759930521249773,65600.0,0.9977835416793824,-8.905233383178711,-1.0576386451721191
1207,65700.0,1.0579999685287476,-10.005000114440918,47.0270004272461,65700.0,-0.8017606139183044,-1.103833556175232,0.1408044397830963,65700.0,1001.8599853515624,65700.0,2.255143165588379,0.8199863433837891,-1.155237913131714,65700.0,-1.2573596239089966,-9.7252197265625,0.09759930521249773,65700.0,0.9977835416793824,-8.905233383178711,-1.0576386451721191
1208,65800.0,0.7429999709129333,-11.123000144958496,46.64300155639648,65800.0,-0.8017606139183044,-1.103833556175232,0.1408044397830963,65800.0,1001.8599853515624,65800.0,0.7487946152687073,-0.00417327880859375,-1.029815435409546,65800.0,-0.3058673143386841,-9.794096946716307,-0.3905448019504547,65800.0,0.4429273009300232,-9.798270225524902,-1.4203602075576782
1209,65900.0,0.7429999709129333,-10.734000205993652,45.96200180053711,65900.0,-0.2315179258584976,0.04734205827116966,-0.5445863604545593,65900.0,1001.8599853515624,65900.0,0.7487946152687073,-0.00417327880859375,-1.029815435409546,65900.0,-0.3058673143386841,-9.794096946716307,-0.3905448019504547,65900.0,0.4429273009300232,-9.798270225524902,-1.4203602075576782
1210,65500.0,-1.5970000028610232,-6.736000061035156,47.35100173950195,65500.0,-0.2431243658065796,0.25106561183929443,-0.22602014243602755,65500.0,1001.9199829101564,65500.0,0.24367862939834595,1.4300146102905271,-1.1328632831573486,65500.0,-1.1355187892913818,-9.6469144821167,1.348341464996338,65500.0,-0.8918401598930359,-8.216899871826174,0.21547815203666687
1211,65600.0,0.14000000059604645,-8.347999572753906,47.35100173950195,65600.0,-0.2431243658065796,0.25106561183929443,-0.22602014243602755,65600.0,1001.8599853515624,65600.0,2.255143165588379,0.8199863433837891,-1.155237913131714,65600.0,-1.2573596239089966,-9.7252197265625,0.09759930521249773,65600.0,0.9977835416793824,-8.905233383178711,-1.0576386451721191
1212,65700.0,1.0579999685287476,-10.005000114440918,47.0270004272461,65700.0,-0.8017606139183044,-1.103833556175232,0.1408044397830963,65700.0,1001.8599853515624,65700.0,2.255143165588379,0.8199863433837891,-1.155237913131714,65700.0,-1.2573596239089966,-9.7252197265625,0.09759930521249773,65700.0,0.9977835416793824,-8.905233383178711,-1.0576386451721191
1213,65800.0,0.7429999709129333,-11.123000144958496,46.64300155639648,65800.0,-0.8017606139183044,-1.103833556175232,0.1408044397830963,65800.0,1001.8599853515624,65800.0,0.7487946152687073,-0.00417327880859375,-1.029815435409546,65800.0,-0.3058673143386841,-9.794096946716307,-0.3905448019504547,65800.0,0.4429273009300232,-9.798270225524902,-1.4203602075576782
1214,65900.0,0.7429999709129333,-10.734000205993652,45.96200180053711,65900.0,-0.2315179258584976,0.04734205827116966,-0.5445863604545593,65900.0,1001.8599853515624,65900.0,0.7487946152687073,-0.00417327880859375,-1.029815435409546,65900.0,-0.3058673143386841,-9.794096946716307,-0.3905448019504547,65900.0,0.4429273009300232,-9.798270225524902,-1.4203602075576782
1215,66000.0,1.4869999885559082,-11.100000381469727,45.65999984741211,66000.0,0.3988949954509735,0.2669481039047241,-0.4352414906024933,66000.0,1001.8699951171876,66000.0,0.2651107609272003,-2.574361801147461,-0.026142328977584842,66000.0,0.4495584666728973,-9.791090965270996,0.3206291496753693,66000.0,0.7146692276000977,-12.365452766418455,0.2944868206977844
1216,66100.0,3.0390000343322754,-5.71999979019165,44.81900024414063,66100.0,0.3988949954509735,0.2669481039047241,-0.4352414906024933,66100.0,1001.8699951171876,66100.0,0.252913236618042,-0.8756418228149414,-1.4096425771713257,66100.0,-0.3301262557506561,-9.277568817138672,3.160402536392212,66100.0,-0.07721300423145294,-10.153210639953613,1.7507599592208862
1217,66200.0,2.4230000972747803,-0.4050000011920929,43.96799850463867,66200.0,1.665218710899353,0.09285151958465576,0.3665191531181336,66200.0,1001.8800048828124,66200.0,0.252913236618042,-0.8756418228149414,-1.4096425771713257,66200.0,-0.3301262557506561,-9.277568817138672,3.160402536392212,66200.0,-0.07721300423145294,-10.153210639953613,1.7507599592208862
1218,66300.0,3.24399995803833,1.9789999723434448,43.28900146484375,66300.0,1.665218710899353,0.09285151958465576,0.3665191531181336,66300.0,1001.8599853515624,66300.0,5.885103225708008,0.4747538566589356,-3.4599947929382324,66300.0,-3.0389959812164307,-8.225981712341309,4.389543533325194,66300.0,2.8461072444915767,-7.751227855682372,0.9295487999916076
1219,66400.0,3.563999891281128,4.948999881744385,41.81800079345703,66400.0,0.9734137654304504,0.8991936445236206,1.3558154106140137,66400.0,1001.8599853515624,66400.0,5.885103225708008,0.4747538566589356,-3.4599947929382324,66400.0,-3.0389959812164307,-8.225981712341309,4.389543533325194,66400.0,2.8461072444915767,-7.751227855682372,0.9295487999916076
1220,66000.0,1.4869999885559082,-11.100000381469727,45.65999984741211,66000.0,0.3988949954509735,0.2669481039047241,-0.4352414906024933,66000.0,1001.8699951171876,66000.0,0.2651107609272003,-2.574361801147461,-0.026142328977584842,66000.0,0.4495584666728973,-9.791090965270996,0.3206291496753693,66000.0,0.7146692276000977,-12.365452766418455,0.2944868206977844
1221,66100.0,3.0390000343322754,-5.71999979019165,44.81900024414063,66100.0,0.3988949954509735,0.2669481039047241,-0.4352414906024933,66100.0,1001.8699951171876,66100.0,0.252913236618042,-0.8756418228149414,-1.4096425771713257,66100.0,-0.3301262557506561,-9.277568817138672,3.160402536392212,66100.0,-0.07721300423145294,-10.153210639953613,1.7507599592208862
1222,66200.0,2.4230000972747803,-0.4050000011920929,43.96799850463867,66200.0,1.665218710899353,0.09285151958465576,0.3665191531181336,66200.0,1001.8800048828124,66200.0,0.252913236618042,-0.8756418228149414,-1.4096425771713257,66200.0,-0.3301262557506561,-9.277568817138672,3.160402536392212,66200.0,-0.07721300423145294,-10.153210639953613,1.7507599592208862
1223,66300.0,3.24399995803833,1.9789999723434448,43.28900146484375,66300.0,1.665218710899353,0.09285151958465576,0.3665191531181336,66300.0,1001.8599853515624,66300.0,5.885103225708008,0.4747538566589356,-3.4599947929382324,66300.0,-3.0389959812164307,-8.225981712341309,4.389543533325194,66300.0,2.8461072444915767,-7.751227855682372,0.9295487999916076
1224,66400.0,3.563999891281128,4.948999881744385,41.81800079345703,66400.0,0.9734137654304504,0.8991936445236206,1.3558154106140137,66400.0,1001.8599853515624,66400.0,5.885103225708008,0.4747538566589356,-3.4599947929382324,66400.0,-3.0389959812164307,-8.225981712341309,4.389543533325194,66400.0,2.8461072444915767,-7.751227855682372,0.9295487999916076
1225,66500.0,5.281000137329102,6.6479997634887695,39.02999877929688,66500.0,0.9734137654304504,0.8991936445236206,1.3558154106140137,66500.0,1001.8499755859376,66500.0,3.984375953674317,2.405389308929444,-2.3228609561920166,66500.0,-4.46142053604126,-6.968139171600343,5.2641377449035645,66500.0,-0.4770447015762329,-4.562749862670898,2.9412767887115483
1226,66600.0,6.158999919891357,6.27400016784668,38.69300079345703,66600.0,1.083064079284668,0.865290641784668,0.4398229718208313,66600.0,1001.8499755859376,66600.0,3.984375953674317,2.405389308929444,-2.3228609561920166,66600.0,-4.46142053604126,-6.968139171600343,5.2641377449035645,66600.0,-0.4770447015762329,-4.562749862670898,2.9412767887115483
1227,66700.0,6.158999919891357,4.692999839782715,38.69300079345703,66700.0,1.083064079284668,0.865290641784668,0.4398229718208313,66700.0,1001.7899780273438,66700.0,-2.267862796783448,4.1192712783813485,6.442506313323975,66700.0,1.7740586996078491,-9.643293380737305,-0.1732892245054245,66700.0,-0.4938040971755981,-5.524022102355957,6.269217014312744
1228,66800.0,5.302999973297119,-0.35199999809265137,38.38899993896485,66800.0,-1.1542298793792725,-0.29535335302352905,-0.7467827796936035,66800.0,1001.7899780273438,66800.0,-2.267862796783448,4.1192712783813485,6.442506313323975,66800.0,1.7740586996078491,-9.643293380737305,-0.1732892245054245,66800.0,-0.4938040971755981,-5.524022102355957,6.269217014312744
1229,66900.0,4.1640000343322745,-3.7709999084472656,38.38899993896485,66900.0,-1.5729780197143557,0.4065308272838593,-1.5769486427307131,66900.0,1001.7899780273438,66900.0,-3.6182541847229017,-4.8257246017456055,2.075968742370605,66900.0,2.9790022373199463,-9.300663948059082,-0.8908388614654541,66900.0,-0.6392518281936646,-14.126388549804688,1.1851298809051514
1230,66500.0,5.281000137329102,6.6479997634887695,39.02999877929688,66500.0,0.9734137654304504,0.8991936445236206,1.3558154106140137,66500.0,1001.8499755859376,66500.0,3.984375953674317,2.405389308929444,-2.3228609561920166,66500.0,-4.46142053604126,-6.968139171600343,5.2641377449035645,66500.0,-0.4770447015762329,-4.562749862670898,2.9412767887115483
1231,66600.0,6.158999919891357,6.27400016784668,38.69300079345703,66600.0,1.083064079284668,0.865290641784668,0.4398229718208313,66600.0,1001.8499755859376,66600.0,3.984375953674317,2.405389308929444,-2.3228609561920166,66600.0,-4.46142053604126,-6.968139171600343,5.2641377449035645,66600.0,-0.4770447015762329,-4.562749862670898,2.9412767887115483
1232,66700.0,6.158999919891357,4.692999839782715,38.69300079345703,66700.0,1.083064079284668,0.865290641784668,0.4398229718208313,66700.0,1001.7899780273438,66700.0,-2.267862796783448,4.1192712783813485,6.442506313323975,66700.0,1.7740586996078491,-9.643293380737305,-0.1732892245054245,66700.0,-0.4938040971755981,-5.524022102355957,6.269217014312744
1233,66800.0,5.302999973297119,-0.35199999809265137,38.38899993896485,66800.0,-1.1542298793792725,-0.29535335302352905,-0.7467827796936035,66800.0,1001.7899780273438,66800.0,-2.267862796783448,4.1192712783813485,6.442506313323975,66800.0,1.7740586996078491,-9.643293380737305,-0.1732892245054245,66800.0,-0.4938040971755981,-5.524022102355957,6.269217014312744
1234,66900.0,4.1640000343322745,-3.7709999084472656,38.38899993896485,66900.0,-1.5729780197143557,0.4065308272838593,-1.5769486427307131,66900.0,1001.7899780273438,66900.0,-3.6182541847229017,-4.8257246017456055,2.075968742370605,66900.0,2.9790022373199463,-9.300663948059082,-0.8908388614654541,66900.0,-0.6392518281936646,-14.126388549804688,1.1851298809051514
1235,67000.0,4.1640000343322745,-5.264999866485597,38.69400024414063,67000.0,-1.5729780197143557,0.4065308272838593,-1.5769486427307131,67000.0,1001.7899780273438,67000.0,-3.0248339176177983,-0.9142227172851564,-0.5387049317359924,67000.0,1.4009666442871094,-9.613680839538574,1.335974097251892,67000.0,-1.6238672733306885,-10.52790355682373,0.7972691655158997
1236,67100.0,4.1640000343322745,-6.13700008392334,38.69400024414063,67100.0,-0.1814269721508026,0.4770857691764832,-0.8374962806701659,67100.0,1001.8499755859376,67100.0,-3.0248339176177983,-0.9142227172851564,-0.5387049317359924,67100.0,1.4009666442871094,-9.613680839538574,1.335974097251892,67100.0,-1.6238672733306885,-10.52790355682373,0.7972691655158997
1237,67200.0,7.276000022888184,-7.739999771118164,38.36299896240234,67200.0,-0.1814269721508026,0.4770857691764832,-0.8374962806701659,67200.0,1001.8499755859376,67200.0,0.4032022953033447,0.6569633483886719,-0.5978848934173584,67200.0,0.30069297552108765,-9.789047241210938,0.5045110583305359,67200.0,0.7038952708244324,-9.132083892822266,-0.0933738648891449
1238,67300.0,8.473999977111816,-10.376999855041504,37.56100082397461,67300.0,-0.4966334402561188,-1.0005972385406494,0.002443460980430245,67300.0,1001.7999877929688,67300.0,0.4032022953033447,0.6569633483886719,-0.5978848934173584,67300.0,0.30069297552108765,-9.789047241210938,0.5045110583305359,67300.0,0.7038952708244324,-9.132083892822266,-0.0933738648891449
1239,67400.0,8.473999977111816,-12.12600040435791,36.93000030517578,67400.0,-0.4966334402561188,-1.0005972385406494,0.002443460980430245,67400.0,1001.8300170898438,67400.0,-0.2522057294845581,0.2731008529663086,-2.096710681915283,67400.0,0.4138143360614777,-9.791848182678224,0.3447536528110504,67400.0,0.16160862147808075,-9.518747329711914,-1.7519570589065552
1240,67000.0,4.1640000343322745,-5.264999866485597,38.69400024414063,67000.0,-1.5729780197143557,0.4065308272838593,-1.5769486427307131,67000.0,1001.7899780273438,67000.0,-3.0248339176177983,-0.9142227172851564,-0.5387049317359924,67000.0,1.4009666442871094,-9.613680839538574,1.335974097251892,67000.0,-1.6238672733306885,-10.52790355682373,0.7972691655158997
1241,67100.0,4.1640000343322745,-6.13700008392334,38.69400024414063,67100.0,-0.1814269721508026,0.4770857691764832,-0.8374962806701659,67100.0,1001.8499755859376,67100.0,-3.0248339176177983,-0.9142227172851564,-0.5387049317359924,67100.0,1.4009666442871094,-9.613680839538574,1.335974097251892,67100.0,-1.6238672733306885,-10.52790355682373,0.7972691655158997
1242,67200.0,7.276000022888184,-7.739999771118164,38.36299896240234,67200.0,-0.1814269721508026,0.4770857691764832,-0.8374962806701659,67200.0,1001.8499755859376,67200.0,0.4032022953033447,0.6569633483886719,-0.5978848934173584,67200.0,0.30069297552108765,-9.789047241210938,0.5045110583305359,67200.0,0.7038952708244324,-9.132083892822266,-0.0933738648891449
1243,67300.0,8.473999977111816,-10.376999855041504,37.56100082397461,67300.0,-0.4966334402561188,-1.0005972385406494,0.002443460980430245,67300.0,1001.7999877929688,67300.0,0.4032022953033447,0.6569633483886719,-0.5978848934173584,67300.0,0.30069297552108765,-9.789047241210938,0.5045110583305359,67300.0,0.7038952708244324,-9.132083892822266,-0.0933738648891449
1244,67400.0,8.473999977111816,-12.12600040435791,36.93000030517578,67400.0,-0.4966334402561188,-1.0005972385406494,0.002443460980430245,67400.0,1001.8300170898438,67400.0,-0.2522057294845581,0.2731008529663086,-2.096710681915283,67400.0,0.4138143360614777,-9.791848182678224,0.3447536528110504,67400.0,0.16160862147808075,-9.518747329711914,-1.7519570589065552
1245,67500.0,8.786999702453612,-12.510000228881836,36.22100067138672,67500.0,-0.3903428912162781,-0.654542088508606,-0.11484266817569733,67500.0,1001.8300170898438,67500.0,-0.2522057294845581,0.2731008529663086,-2.096710681915283,67500.0,0.4138143360614777,-9.791848182678224,0.3447536528110504,67500.0,0.16160862147808075,-9.518747329711914,-1.7519570589065552
1246,67600.0,8.786999702453612,-12.510000228881836,35.87099838256836,67600.0,-0.3903428912162781,-0.654542088508606,-0.11484266817569733,67600.0,1001.77001953125,67600.0,0.910546898841858,0.07654762268066406,-1.116779327392578,67600.0,0.5553030967712402,-9.753911018371582,0.8504244089126587,67600.0,1.465849995613098,-9.677363395690918,-0.2663549482822418
1247,67700.0,5.980999946594237,-13.197999954223633,35.87099838256836,67700.0,-0.05222897976636887,0.1319468915462494,-0.1814269721508026,67700.0,1001.77001953125,67700.0,0.910546898841858,0.07654762268066406,-1.116779327392578,67700.0,0.5553030967712402,-9.753911018371582,0.8504244089126587,67700.0,1.465849995613098,-9.677363395690918,-0.2663549482822418
1248,67800.0,4.9679999351501465,-13.567999839782715,35.53400039672852,67800.0,-0.1508837193250656,0.4303545653820038,-0.1661553531885147,67800.0,1001.7899780273438,67800.0,0.947287142276764,-1.277482986450195,-2.669189691543579,67800.0,0.6382729411125183,-9.779539108276367,0.35160255432128906,67800.0,1.5855600833892822,-11.057022094726564,-2.31758713722229
1249,67900.0,4.448999881744385,-13.567999839782715,35.53400039672852,67900.0,-0.1508837193250656,0.4303545653820038,-0.1661553531885147,67900.0,1001.7899780273438,67900.0,1.1825374364852903,0.10569095611572266,-0.5757921934127808,67900.0,0.972244143486023,-9.71481990814209,0.9205572009086608,67900.0,2.154781579971313,-9.609128952026367,0.3447650372982025
1250,67500.0,8.786999702453612,-12.510000228881836,36.22100067138672,67500.0,-0.3903428912162781,-0.654542088508606,-0.11484266817569733,67500.0,1001.8300170898438,67500.0,-0.2522057294845581,0.2731008529663086,-2.096710681915283,67500.0,0.4138143360614777,-9.791848182678224,0.3447536528110504,67500.0,0.16160862147808075,-9.518747329711914,-1.7519570589065552
1251,67600.0,8.786999702453612,-12.510000228881836,35.87099838256836,67600.0,-0.3903428912162781,-0.654542088508606,-0.11484266817569733,67600.0,1001.77001953125,67600.0,0.910546898841858,0.07654762268066406,-1.116779327392578,67600.0,0.5553030967712402,-9.753911018371582,0.8504244089126587,67600.0,1.465849995613098,-9.677363395690918,-0.2663549482822418
1252,67700.0,5.980999946594237,-13.197999954223633,35.87099838256836,67700.0,-0.05222897976636887,0.1319468915462494,-0.1814269721508026,67700.0,1001.77001953125,67700.0,0.910546898841858,0.07654762268066406,-1.116779327392578,67700.0,0.5553030967712402,-9.753911018371582,0.8504244089126587,67700.0,1.465849995613098,-9.677363395690918,-0.2663549482822418
1253,67800.0,4.9679999351501465,-13.567999839782715,35.53400039672852,67800.0,-0.1508837193250656,0.4303545653820038,-0.1661553531885147,67800.0,1001.7899780273438,67800.0,0.947287142276764,-1.277482986450195,-2.669189691543579,67800.0,0.6382729411125183,-9.779539108276367,0.35160255432128906,67800.0,1.5855600833892822,-11.057022094726564,-2.31758713722229
1254,67900.0,4.448999881744385,-13.567999839782715,35.53400039672852,67900.0,-0.1508837193250656,0.4303545653820038,-0.1661553531885147,67900.0,1001.7899780273438,67900.0,1.1825374364852903,0.10569095611572266,-0.5757921934127808,67900.0,0.972244143486023,-9.71481990814209,0.9205572009086608,67900.0,2.154781579971313,-9.609128952026367,0.3447650372982025
1255,68000.0,4.448999881744385,-13.567999839782715,35.53400039672852,68000.0,0.17592918872833252,0.44287729263305664,-0.2693915665149689,68000.0,1001.739990234375,68000.0,1.1825374364852903,0.10569095611572266,-0.5757921934127808,68000.0,0.972244143486023,-9.71481990814209,0.9205572009086608,68000.0,2.154781579971313,-9.609128952026367,0.3447650372982025
1256,68100.0,4.129000186920166,-12.788000106811525,35.53400039672852,68100.0,0.17592918872833252,0.44287729263305664,-0.2693915665149689,68100.0,1001.739990234375,68100.0,0.21851927042007446,-0.1685924530029297,-2.8926918506622314,68100.0,0.6511744856834412,-9.551267623901367,2.125948667526245,68100.0,0.8696937561035156,-9.719860076904297,-0.7667431235313416
1257,68200.0,4.448999881744385,-10.821000099182127,35.8380012512207,68200.0,0.7904596328735352,-0.4156937897205353,0.1890627890825272,68200.0,1001.7899780273438,68200.0,0.21851927042007446,-0.1685924530029297,-2.8926918506622314,68200.0,0.6511744856834412,-9.551267623901367,2.125948667526245,68200.0,0.8696937561035156,-9.719860076904297,-0.7667431235313416
1258,68300.0,4.448999881744385,-8.791999816894531,36.6510009765625,68300.0,0.7904596328735352,-0.4156937897205353,0.1890627890825272,68300.0,1001.8599853515624,68300.0,1.5634220838546753,0.6844577789306641,-3.2585735321044917,68300.0,-0.3651241362094879,-9.086310386657717,3.670974731445313,68300.0,1.1982979774475098,-8.401852607727049,0.4124012291431427
1259,68400.0,4.448999881744385,-6.014999866485598,37.06499862670898,68400.0,0.9731083512306212,-0.13286319375038147,0.6252205967903137,68400.0,1001.8599853515624,68400.0,1.5634220838546753,0.6844577789306641,-3.2585735321044917,68400.0,-0.3651241362094879,-9.086310386657717,3.670974731445313,68400.0,1.1982979774475098,-8.401852607727049,0.4124012291431427
1260,68000.0,4.448999881744385,-13.567999839782715,35.53400039672852,68000.0,0.17592918872833252,0.44287729263305664,-0.2693915665149689,68000.0,1001.739990234375,68000.0,1.1825374364852903,0.10569095611572266,-0.5757921934127808,68000.0,0.972244143486023,-9.71481990814209,0.9205572009086608,68000.0,2.154781579971313,-9.609128952026367,0.3447650372982025
1261,68100.0,4.129000186920166,-12.788000106811525,35.53400039672852,68100.0,0.17592918872833252,0.44287729263305664,-0.2693915665149689,68100.0,1001.739990234375,68100.0,0.21851927042007446,-0.1685924530029297,-2.8926918506622314,68100.0,0.6511744856834412,-9.551267623901367,2.125948667526245,68100.0,0.8696937561035156,-9.719860076904297,-0.7667431235313416
1262,68200.0,4.448999881744385,-10.821000099182127,35.8380012512207,68200.0,0.7904596328735352,-0.4156937897205353,0.1890627890825272,68200.0,1001.7899780273438,68200.0,0.21851927042007446,-0.1685924530029297,-2.8926918506622314,68200.0,0.6511744856834412,-9.551267623901367,2.125948667526245,68200.0,0.8696937561035156,-9.719860076904297,-0.7667431235313416
1263,68300.0,4.448999881744385,-8.791999816894531,36.6510009765625,68300.0,0.7904596328735352,-0.4156937897205353,0.1890627890825272,68300.0,1001.8599853515624,68300.0,1.5634220838546753,0.6844577789306641,-3.2585735321044917,68300.0,-0.3651241362094879,-9.086310386657717,3.670974731445313,68300.0,1.1982979774475098,-8.401852607727049,0.4124012291431427
1264,68400.0,4.448999881744385,-6.014999866485598,37.06499862670898,68400.0,0.9731083512306212,-0.13286319375038147,0.6252205967903137,68400.0,1001.8599853515624,68400.0,1.5634220838546753,0.6844577789306641,-3.2585735321044917,68400.0,-0.3651241362094879,-9.086310386657717,3.670974731445313,68400.0,1.1982979774475098,-8.401852607727049,0.4124012291431427
1265,68500.0,4.448999881744385,-4.192999839782715,37.7859992980957,68500.0,0.9731083512306212,-0.13286319375038147,0.6252205967903137,68500.0,1001.75,68500.0,1.7371171712875366,-3.153437614440918,-2.3579890727996826,68500.0,-2.834858655929565,-8.114872932434082,4.720467567443848,68500.0,-1.0977414846420288,-11.268310546875,2.362478494644165
1266,68600.0,4.120999813079834,-1.2979999780654907,38.150001525878906,68600.0,0.8802568316459656,0.6713408827781677,1.1798862218856812,68600.0,1001.75,68600.0,1.7371171712875366,-3.153437614440918,-2.3579890727996826,68600.0,-2.834858655929565,-8.114872932434082,4.720467567443848,68600.0,-1.0977414846420288,-11.268310546875,2.362478494644165
1267,68700.0,6.414000034332275,-0.7179999947547913,38.150001525878906,68700.0,0.8967501521110535,0.8142833709716797,0.9080511927604676,68700.0,1001.739990234375,68700.0,4.191171169281007,-0.36557865142822266,-1.7966713905334473,68700.0,-4.711311340332031,-6.7422075271606445,5.340089797973633,68700.0,-0.5201402902603149,-7.107786178588867,3.543418407440185
1268,68800.0,7.872000217437744,-1.0429999828338623,37.84299850463867,68800.0,0.8967501521110535,0.8142833709716797,0.9080511927604676,68800.0,1001.739990234375,68800.0,2.6387615203857417,2.2086195945739746,-0.42850208282470703,68800.0,-3.959762334823608,-7.2202820777893075,5.32524299621582,68800.0,-1.3210008144378662,-5.011662483215332,4.896740913391113
1269,68900.0,9.861000061035156,-1.2319999933242798,37.165000915527344,68900.0,-0.485027015209198,-0.7458664774894714,0.02718350291252136,68900.0,1001.8400268554688,68900.0,2.6387615203857417,2.2086195945739746,-0.42850208282470703,68900.0,-3.959762334823608,-7.2202820777893075,5.32524299621582,68900.0,-1.3210008144378662,-5.011662483215332,4.896740913391113
1270,68500.0,4.448999881744385,-4.192999839782715,37.7859992980957,68500.0,0.9731083512306212,-0.13286319375038147,0.6252205967903137,68500.0,1001.75,68500.0,1.7371171712875366,-3.153437614440918,-2.3579890727996826,68500.0,-2.834858655929565,-8.114872932434082,4.720467567443848,68500.0,-1.0977414846420288,-11.268310546875,2.362478494644165
1271,68600.0,4.120999813079834,-1.2979999780654907,38.150001525878906,68600.0,0.8802568316459656,0.6713408827781677,1.1798862218856812,68600.0,1001.75,68600.0,1.7371171712875366,-3.153437614440918,-2.3579890727996826,68600.0,-2.834858655929565,-8.114872932434082,4.720467567443848,68600.0,-1.0977414846420288,-11.268310546875,2.362478494644165
1272,68700.0,6.414000034332275,-0.7179999947547913,38.150001525878906,68700.0,0.8967501521110535,0.8142833709716797,0.9080511927604676,68700.0,1001.739990234375,68700.0,4.191171169281007,-0.36557865142822266,-1.7966713905334473,68700.0,-4.711311340332031,-6.7422075271606445,5.340089797973633,68700.0,-0.5201402902603149,-7.107786178588867,3.543418407440185
1273,68800.0,7.872000217437744,-1.0429999828338623,37.84299850463867,68800.0,0.8967501521110535,0.8142833709716797,0.9080511927604676,68800.0,1001.739990234375,68800.0,2.6387615203857417,2.2086195945739746,-0.42850208282470703,68800.0,-3.959762334823608,-7.2202820777893075,5.32524299621582,68800.0,-1.3210008144378662,-5.011662483215332,4.896740913391113
1274,68900.0,9.861000061035156,-1.2319999933242798,37.165000915527344,68900.0,-0.485027015209198,-0.7458664774894714,0.02718350291252136,68900.0,1001.8400268554688,68900.0,2.6387615203857417,2.2086195945739746,-0.42850208282470703,68900.0,-3.959762334823608,-7.2202820777893075,5.32524299621582,68900.0,-1.3210008144378662,-5.011662483215332,4.896740913391113
1275,69000.0,10.20300006866455,-3.924000024795532,36.76300048828125,69000.0,-0.485027015209198,-0.7458664774894714,0.02718350291252136,69000.0,1001.8400268554688,69000.0,0.7162559032440186,0.3499073982238769,-0.8344058990478516,69000.0,-2.826146125793457,-7.946709156036378,5.003309726715088,69000.0,-2.1098902225494385,-7.5968017578125,4.168903827667236
1276,69100.0,10.20300006866455,-7.355999946594237,36.06800079345703,69100.0,-0.3729332387447357,-0.4028656184673309,-0.5131267905235289,69100.0,1001.7999877929688,69100.0,0.7162559032440186,0.3499073982238769,-0.8344058990478516,69100.0,-2.826146125793457,-7.946709156036378,5.003309726715088,69100.0,-2.1098902225494385,-7.5968017578125,4.168903827667236
1277,69200.0,10.880999565124512,-11.977999687194824,35.75699996948242,69200.0,-0.3729332387447357,-0.4028656184673309,-0.5131267905235289,69200.0,1001.8200073242188,69200.0,-0.477388858795166,-1.8032197952270508,-0.9833445549011228,69200.0,-1.376321792602539,-9.3753080368042,2.5258090496063232,69200.0,-1.853710651397705,-11.17852783203125,1.5424644947052002
1278,69300.0,11.220999717712402,-12.947999954223633,35.05199813842773,69300.0,-1.5125023126602173,-0.3176499307155609,-0.7339546084403992,69300.0,1001.8200073242188,69300.0,-0.477388858795166,-1.8032197952270508,-0.9833445549011228,69300.0,-1.376321792602539,-9.3753080368042,2.5258090496063232,69300.0,-1.853710651397705,-11.17852783203125,1.5424644947052002
1279,69400.0,14.826000213623047,-13.449999809265135,33.298999786376946,69400.0,-1.5125023126602173,-0.3176499307155609,-0.7339546084403992,69400.0,1001.8300170898438,69400.0,1.0281834602355957,-1.4280366897583008,-1.547924280166626,69400.0,-0.4924807548522949,-9.514063835144043,2.3260397911071777,69400.0,0.535702645778656,-10.942100524902344,0.7781155705451965
1280,69000.0,10.20300006866455,-3.924000024795532,36.76300048828125,69000.0,-0.485027015209198,-0.7458664774894714,0.02718350291252136,69000.0,1001.8400268554688,69000.0,0.7162559032440186,0.3499073982238769,-0.8344058990478516,69000.0,-2.826146125793457,-7.946709156036378,5.003309726715088,69000.0,-2.1098902225494385,-7.5968017578125,4.168903827667236
1281,69100.0,10.20300006866455,-7.355999946594237,36.06800079345703,69100.0,-0.3729332387447357,-0.4028656184673309,-0.5131267905235289,69100.0,1001.7999877929688,69100.0,0.7162559032440186,0.3499073982238769,-0.8344058990478516,69100.0,-2.826146125793457,-7.946709156036378,5.003309726715088,69100.0,-2.1098902225494385,-7.5968017578125,4.168903827667236
1282,69200.0,10.880999565124512,-11.977999687194824,35.75699996948242,69200.0,-0.3729332387447357,-0.4028656184673309,-0.5131267905235289,69200.0,1001.8200073242188,69200.0,-0.477388858795166,-1.8032197952270508,-0.9833445549011228,69200.0,-1.376321792602539,-9.3753080368042,2.5258090496063232,69200.0,-1.853710651397705,-11.17852783203125,1.5424644947052002
1283,69300.0,11.220999717712402,-12.947999954223633,35.05199813842773,69300.0,-1.5125023126602173,-0.3176499307155609,-0.7339546084403992,69300.0,1001.8200073242188,69300.0,-0.477388858795166,-1.8032197952270508,-0.9833445549011228,69300.0,-1.376321792602539,-9.3753080368042,2.5258090496063232,69300.0,-1.853710651397705,-11.17852783203125,1.5424644947052002
1284,69400.0,14.826000213623047,-13.449999809265135,33.298999786376946,69400.0,-1.5125023126602173,-0.3176499307155609,-0.7339546084403992,69400.0,1001.8300170898438,69400.0,1.0281834602355957,-1.4280366897583008,-1.547924280166626,69400.0,-0.4924807548522949,-9.514063835144043,2.3260397911071777,69400.0,0.535702645778656,-10.942100524902344,0.7781155705451965
1285,69500.0,16.469999313354492,-14.317999839782715,31.82200050354004,69500.0,0.033292155712842934,0.5684100985527039,-0.5858197808265686,69500.0,1001.8300170898438,69500.0,1.0281834602355957,-1.4280366897583008,-1.547924280166626,69500.0,-0.4924807548522949,-9.514063835144043,2.3260397911071777,69500.0,0.535702645778656,-10.942100524902344,0.7781155705451965
1286,69600.0,17.226999282836914,-14.317999839782715,30.229999542236328,69600.0,-0.7583891749382019,-0.7635815739631653,0.01985312066972256,69600.0,1001.8200073242188,69600.0,0.4972837567329407,0.4072427749633789,-0.9979725480079652,69600.0,-0.3213099241256714,-9.758995056152344,0.9105842113494872,69600.0,0.1759738177061081,-9.351752281188963,-0.08738835901021957
1287,69700.0,17.226999282836914,-18.367000579833984,27.687000274658203,69700.0,-0.7583891749382019,-0.7635815739631653,0.01985312066972256,69700.0,1001.8200073242188,69700.0,0.4393661022186279,0.2399406433105469,0.012584149837493895,69700.0,-0.18079233169555664,-9.792206764221193,-0.5004027485847473,69700.0,0.2585737705230713,-9.552266120910645,-0.4878185987472534
1288,69800.0,17.636999130249023,-20.222999572753906,25.88800048828125,69800.0,-0.7437284588813782,-0.2168571650981903,-0.08857546001672745,69800.0,1001.7999877929688,69800.0,0.4393661022186279,0.2399406433105469,0.012584149837493895,69800.0,-0.18079233169555664,-9.792206764221193,-0.5004027485847473,69800.0,0.2585737705230713,-9.552266120910645,-0.4878185987472534
1289,69900.0,17.958999633789066,-20.222999572753906,26.018999099731445,69900.0,-0.7437284588813782,-0.2168571650981903,-0.08857546001672745,69900.0,1001.7999877929688,69900.0,0.4673284590244293,-0.22484397888183594,-0.3322226405143738,69900.0,0.34251025319099426,-9.779327392578123,-0.6464073061943054,69900.0,0.8098387122154236,-10.004171371459961,-0.9786299467086792
1290,69500.0,16.469999313354492,-14.317999839782715,31.82200050354004,69500.0,0.033292155712842934,0.5684100985527039,-0.5858197808265686,69500.0,1001.8300170898438,69500.0,1.0281834602355957,-1.4280366897583008,-1.547924280166626,69500.0,-0.4924807548522949,-9.514063835144043,2.3260397911071777,69500.0,0.535702645778656,-10.942100524902344,0.7781155705451965
1291,69600.0,17.226999282836914,-14.317999839782715,30.229999542236328,69600.0,-0.7583891749382019,-0.7635815739631653,0.01985312066972256,69600.0,1001.8200073242188,69600.0,0.4972837567329407,0.4072427749633789,-0.9979725480079652,69600.0,-0.3213099241256714,-9.758995056152344,0.9105842113494872,69600.0,0.1759738177061081,-9.351752281188963,-0.08738835901021957
1292,69700.0,17.226999282836914,-18.367000579833984,27.687000274658203,69700.0,-0.7583891749382019,-0.7635815739631653,0.01985312066972256,69700.0,1001.8200073242188,69700.0,0.4393661022186279,0.2399406433105469,0.012584149837493895,69700.0,-0.18079233169555664,-9.792206764221193,-0.5004027485847473,69700.0,0.2585737705230713,-9.552266120910645,-0.4878185987472534
1293,69800.0,17.636999130249023,-20.222999572753906,25.88800048828125,69800.0,-0.7437284588813782,-0.2168571650981903,-0.08857546001672745,69800.0,1001.7999877929688,69800.0,0.4393661022186279,0.2399406433105469,0.012584149837493895,69800.0,-0.18079233169555664,-9.792206764221193,-0.5004027485847473,69800.0,0.2585737705230713,-9.552266120910645,-0.4878185987472534
1294,69900.0,17.958999633789066,-20.222999572753906,26.018999099731445,69900.0,-0.7437284588813782,-0.2168571650981903,-0.08857546001672745,69900.0,1001.7999877929688,69900.0,0.4673284590244293,-0.22484397888183594,-0.3322226405143738,69900.0,0.34251025319099426,-9.779327392578123,-0.6464073061943054,69900.0,0.8098387122154236,-10.004171371459961,-0.9786299467086792
1295,70000.0,17.958999633789066,-20.222999572753906,26.018999099731445,70000.0,-0.02443460933864117,-0.2696970105171204,-0.3118467032909393,70000.0,1001.780029296875,70000.0,0.4673284590244293,-0.22484397888183594,-0.3322226405143738,70000.0,0.34251025319099426,-9.779327392578123,-0.6464073061943054,70000.0,0.8098387122154236,-10.004171371459961,-0.9786299467086792
1296,70100.0,17.958999633789066,-20.538000106811523,26.018999099731445,70100.0,-0.02443460933864117,-0.2696970105171204,-0.3118467032909393,70100.0,1001.739990234375,70100.0,-0.8312468528747559,-2.339728355407715,-0.5277962684631348,70100.0,0.8599772453308105,-9.736026763916016,-0.8003871440887451,70100.0,0.028730420395731926,-12.07575511932373,-1.32818341255188
1297,70200.0,17.632999420166016,-20.90999984741211,26.375999450683594,70200.0,-0.04978551715612412,0.1670716404914856,-0.34025195240974426,70200.0,1001.739990234375,70200.0,-0.8312468528747559,-2.339728355407715,-0.5277962684631348,70200.0,0.8599772453308105,-9.736026763916016,-0.8003871440887451,70200.0,0.028730420395731926,-12.07575511932373,-1.32818341255188
1298,70300.0,17.266000747680664,-20.56800079345703,27.45199966430664,70300.0,-0.04978551715612412,0.1670716404914856,-0.34025195240974426,70300.0,1001.8400268554688,70300.0,-0.7742162346839905,-0.4902544021606445,-1.0851757526397705,70300.0,1.2105594873428345,-9.624051094055176,1.4431089162826538,70300.0,0.436343252658844,-10.11430549621582,0.3579331636428833
1299,70400.0,17.266000747680664,-18.354000091552734,28.295000076293945,70400.0,1.2516628503799438,0.2299907654523849,-0.27519479393959045,70400.0,1001.8400268554688,70400.0,-0.7742162346839905,-0.4902544021606445,-1.0851757526397705,70400.0,1.2105594873428345,-9.624051094055176,1.4431089162826538,70400.0,0.436343252658844,-10.11430549621582,0.3579331636428833
1300,70000.0,17.958999633789066,-20.222999572753906,26.018999099731445,70000.0,-0.02443460933864117,-0.2696970105171204,-0.3118467032909393,70000.0,1001.780029296875,70000.0,0.4673284590244293,-0.22484397888183594,-0.3322226405143738,70000.0,0.34251025319099426,-9.779327392578123,-0.6464073061943054,70000.0,0.8098387122154236,-10.004171371459961,-0.9786299467086792
1301,70100.0,17.958999633789066,-20.538000106811523,26.018999099731445,70100.0,-0.02443460933864117,-0.2696970105171204,-0.3118467032909393,70100.0,1001.739990234375,70100.0,-0.8312468528747559,-2.339728355407715,-0.5277962684631348,70100.0,0.8599772453308105,-9.736026763916016,-0.8003871440887451,70100.0,0.028730420395731926,-12.07575511932373,-1.32818341255188
1302,70200.0,17.632999420166016,-20.90999984741211,26.375999450683594,70200.0,-0.04978551715612412,0.1670716404914856,-0.34025195240974426,70200.0,1001.739990234375,70200.0,-0.8312468528747559,-2.339728355407715,-0.5277962684631348,70200.0,0.8599772453308105,-9.736026763916016,-0.8003871440887451,70200.0,0.028730420395731926,-12.07575511932373,-1.32818341255188
1303,70300.0,17.266000747680664,-20.56800079345703,27.45199966430664,70300.0,-0.04978551715612412,0.1670716404914856,-0.34025195240974426,70300.0,1001.8400268554688,70300.0,-0.7742162346839905,-0.4902544021606445,-1.0851757526397705,70300.0,1.2105594873428345,-9.624051094055176,1.4431089162826538,70300.0,0.436343252658844,-10.11430549621582,0.3579331636428833
1304,70400.0,17.266000747680664,-18.354000091552734,28.295000076293945,70400.0,1.2516628503799438,0.2299907654523849,-0.27519479393959045,70400.0,1001.8400268554688,70400.0,-0.7742162346839905,-0.4902544021606445,-1.0851757526397705,70400.0,1.2105594873428345,-9.624051094055176,1.4431089162826538,70400.0,0.436343252658844,-10.11430549621582,0.3579331636428833
1305,70500.0,16.934999465942386,-17.895000457763672,31.00399971008301,70500.0,-0.0809396430850029,-0.42241331934928894,0.780380368232727,70500.0,1001.8400268554688,70500.0,0.12580518424510956,-0.13051891326904294,1.6256122589111328,70500.0,-0.2203761488199234,-9.7186279296875,1.292320966720581,70500.0,-0.09457096457481384,-9.849146842956543,2.917933225631714
1306,70600.0,18.040000915527344,-17.895000457763672,29.87899971008301,70600.0,-0.0809396430850029,-0.42241331934928894,0.780380368232727,70600.0,1001.8400268554688,70600.0,2.7325592041015625,1.9488573074340816,-0.5947721004486084,70600.0,-1.8616683483123784,-9.587557792663574,0.8850690126419067,70600.0,0.8708908557891846,-7.638700485229492,0.2902969419956207
1307,70700.0,19.367000579833984,-17.552000045776367,29.17300033569336,70700.0,-0.02748893573880196,1.4840971231460571,0.7791585922241211,70700.0,1001.7999877929688,70700.0,2.7325592041015625,1.9488573074340816,-0.5947721004486084,70700.0,-1.8616683483123784,-9.587557792663574,0.8850690126419067,70700.0,0.8708908557891846,-7.638700485229492,0.2902969419956207
1308,70800.0,22.11100006103516,-20.941999435424805,24.48699951171875,70800.0,-0.02748893573880196,1.4840971231460571,0.7791585922241211,70800.0,1001.7999877929688,70800.0,2.834091186523437,1.9629440307617188,1.5211286544799805,70800.0,-1.6363918781280518,-9.668682098388672,-0.09598010033369064,70800.0,1.1976994276046753,-7.705738067626952,1.425148606300354
1309,70900.0,26.006999969482425,-21.92300033569336,18.527000427246094,70900.0,-0.627358615398407,-0.5558874011039734,-0.07177666574716568,70900.0,1001.7999877929688,70900.0,2.834091186523437,1.9629440307617188,1.5211286544799805,70900.0,-1.6363918781280518,-9.668682098388672,-0.09598010033369064,70900.0,1.1976994276046753,-7.705738067626952,1.425148606300354
1310,70500.0,16.934999465942386,-17.895000457763672,31.00399971008301,70500.0,-0.0809396430850029,-0.42241331934928894,0.780380368232727,70500.0,1001.8400268554688,70500.0,0.12580518424510956,-0.13051891326904294,1.6256122589111328,70500.0,-0.2203761488199234,-9.7186279296875,1.292320966720581,70500.0,-0.09457096457481384,-9.849146842956543,2.917933225631714
1311,70600.0,18.040000915527344,-17.895000457763672,29.87899971008301,70600.0,-0.0809396430850029,-0.42241331934928894,0.780380368232727,70600.0,1001.8400268554688,70600.0,2.7325592041015625,1.9488573074340816,-0.5947721004486084,70600.0,-1.8616683483123784,-9.587557792663574,0.8850690126419067,70600.0,0.8708908557891846,-7.638700485229492,0.2902969419956207
1312,70700.0,19.367000579833984,-17.552000045776367,29.17300033569336,70700.0,-0.02748893573880196,1.4840971231460571,0.7791585922241211,70700.0,1001.7999877929688,70700.0,2.7325592041015625,1.9488573074340816,-0.5947721004486084,70700.0,-1.8616683483123784,-9.587557792663574,0.8850690126419067,70700.0,0.8708908557891846,-7.638700485229492,0.2902969419956207
1313,70800.0,22.11100006103516,-20.941999435424805,24.48699951171875,70800.0,-0.02748893573880196,1.4840971231460571,0.7791585922241211,70800.0,1001.7999877929688,70800.0,2.834091186523437,1.9629440307617188,1.5211286544799805,70800.0,-1.6363918781280518,-9.668682098388672,-0.09598010033369064,70800.0,1.1976994276046753,-7.705738067626952,1.425148606300354
1314,70900.0,26.006999969482425,-21.92300033569336,18.527000427246094,70900.0,-0.627358615398407,-0.5558874011039734,-0.07177666574716568,70900.0,1001.7999877929688,70900.0,2.834091186523437,1.9629440307617188,1.5211286544799805,70900.0,-1.6363918781280518,-9.668682098388672,-0.09598010033369064,70900.0,1.1976994276046753,-7.705738067626952,1.425148606300354
1315,71000.0,27.53400039672852,-23.07200050354004,16.25200080871582,71000.0,-0.627358615398407,-0.5558874011039734,-0.07177666574716568,71000.0,1001.75,71000.0,1.7832999229431152,-0.02767658233642578,3.0430636405944824,71000.0,-2.1131012439727783,-9.576065063476564,-0.06467676162719728,71000.0,-0.3298012912273407,-9.603741645812988,2.978386878967285
1316,71100.0,28.540000915527344,-24.19099998474121,13.87399959564209,71100.0,-0.2638937830924988,-1.2470813989639282,0.2532036304473877,71100.0,1001.75,71100.0,1.7832999229431152,-0.02767658233642578,3.0430636405944824,71100.0,-2.1131012439727783,-9.576065063476564,-0.06467676162719728,71100.0,-0.3298012912273407,-9.603741645812988,2.978386878967285
1317,71200.0,28.540000915527344,-25.14800071716309,11.08199977874756,71200.0,-0.2638937830924988,-1.2470813989639282,0.2532036304473877,71200.0,1001.8200073242188,71200.0,3.80321216583252,0.06424999237060547,-0.8713263869285583,71200.0,-2.1152999401092534,-9.574019432067873,-0.18451660871505726,71200.0,1.6879122257232666,-9.509769439697266,-1.0558429956436155
1318,71300.0,28.96199989318848,-25.761999130249023,8.755000114440918,71300.0,-0.11026117950677873,-0.607810914516449,0.06963863968849182,71300.0,1001.8200073242188,71300.0,3.80321216583252,0.06424999237060547,-0.8713263869285583,71300.0,-2.1152999401092534,-9.574019432067873,-0.18451660871505726,71300.0,1.6879122257232666,-9.509769439697266,-1.0558429956436155
1319,71400.0,29.315000534057607,-26.618000030517567,4.2189998626708975,71400.0,-0.33200526237487793,-0.7727445363998413,0.2562579810619354,71400.0,1001.8099975585938,71400.0,3.46655011177063,-0.7694177627563477,-0.4111331105232239,71400.0,-2.52263617515564,-9.458611488342283,-0.5842562317848206,71400.0,0.943913996219635,-10.228029251098633,-0.9953893423080444
1320,71000.0,27.53400039672852,-23.07200050354004,16.25200080871582,71000.0,-0.627358615398407,-0.5558874011039734,-0.07177666574716568,71000.0,1001.75,71000.0,1.7832999229431152,-0.02767658233642578,3.0430636405944824,71000.0,-2.1131012439727783,-9.576065063476564,-0.06467676162719728,71000.0,-0.3298012912273407,-9.603741645812988,2.978386878967285
1321,71100.0,28.540000915527344,-24.19099998474121,13.87399959564209,71100.0,-0.2638937830924988,-1.2470813989639282,0.2532036304473877,71100.0,1001.75,71100.0,1.7832999229431152,-0.02767658233642578,3.0430636405944824,71100.0,-2.1131012439727783,-9.576065063476564,-0.06467676162719728,71100.0,-0.3298012912273407,-9.603741645812988,2.978386878967285
1322,71200.0,28.540000915527344,-25.14800071716309,11.08199977874756,71200.0,-0.2638937830924988,-1.2470813989639282,0.2532036304473877,71200.0,1001.8200073242188,71200.0,3.80321216583252,0.06424999237060547,-0.8713263869285583,71200.0,-2.1152999401092534,-9.574019432067873,-0.18451660871505726,71200.0,1.6879122257232666,-9.509769439697266,-1.0558429956436155
1323,71300.0,28.96199989318848,-25.761999130249023,8.755000114440918,71300.0,-0.11026117950677873,-0.607810914516449,0.06963863968849182,71300.0,1001.8200073242188,71300.0,3.80321216583252,0.06424999237060547,-0.8713263869285583,71300.0,-2.1152999401092534,-9.574019432067873,-0.18451660871505726,71300.0,1.6879122257232666,-9.509769439697266,-1.0558429956436155
1324,71400.0,29.315000534057607,-26.618000030517567,4.2189998626708975,71400.0,-0.33200526237487793,-0.7727445363998413,0.2562579810619354,71400.0,1001.8099975585938,71400.0,3.46655011177063,-0.7694177627563477,-0.4111331105232239,71400.0,-2.52263617515564,-9.458611488342283,-0.5842562317848206,71400.0,0.943913996219635,-10.228029251098633,-0.9953893423080444
1325,71500.0,29.62700080871582,-27.33300018310547,3.98799991607666,71500.0,-0.33200526237487793,-0.7727445363998413,0.2562579810619354,71500.0,1001.8099975585938,71500.0,3.6098511219024663,-0.17176246643066406,0.467583030462265,71500.0,-2.4055676460266118,-9.473278999328613,-0.8003770709037781,71500.0,1.2042834758758545,-9.645041465759276,-0.33279404044151306
1326,71600.0,29.62700080871582,-28.106000900268555,2.8559999465942383,71600.0,-0.5363397002220154,-1.795027494430542,-0.15027284622192386,71600.0,1001.780029296875,71600.0,3.6098511219024663,-0.17176246643066406,0.467583030462265,71600.0,-2.4055676460266118,-9.473278999328613,-0.8003770709037781,71600.0,1.2042834758758545,-9.645041465759276,-0.33279404044151306
1327,71700.0,29.62700080871582,-28.822999954223643,2.7920000553131104,71700.0,-0.5363397002220154,-1.795027494430542,-0.15027284622192386,71700.0,1001.780029296875,71700.0,1.458720564842224,-0.567509651184082,0.28080931305885315,71700.0,-1.724476933479309,-9.62460708618164,-0.75067138671875,71700.0,-0.2657563984394073,-10.192116737365724,-0.4698620736598969
1328,71800.0,29.62700080871582,-28.822999954223643,2.7920000553131104,71800.0,-0.1270599663257599,-0.8298604488372803,-0.4526511430740357,71800.0,1001.8499755859376,71800.0,1.458720564842224,-0.567509651184082,0.28080931305885315,71800.0,-1.724476933479309,-9.62460708618164,-0.75067138671875,71800.0,-0.2657563984394073,-10.192116737365724,-0.4698620736598969
1329,71900.0,29.62700080871582,-28.822999954223643,2.7920000553131104,71900.0,-0.1270599663257599,-0.8298604488372803,-0.4526511430740357,71900.0,1001.760009765625,71900.0,2.239859342575073,-2.25778865814209,-0.3829714059829712,71900.0,-1.8095015287399288,-9.60727596282959,-0.772230863571167,71900.0,0.4303577542304993,-11.86506462097168,-1.1552022695541382
1330,71500.0,29.62700080871582,-27.33300018310547,3.98799991607666,71500.0,-0.33200526237487793,-0.7727445363998413,0.2562579810619354,71500.0,1001.8099975585938,71500.0,3.6098511219024663,-0.17176246643066406,0.467583030462265,71500.0,-2.4055676460266118,-9.473278999328613,-0.8003770709037781,71500.0,1.2042834758758545,-9.645041465759276,-0.33279404044151306
1331,71600.0,29.62700080871582,-28.106000900268555,2.8559999465942383,71600.0,-0.5363397002220154,-1.795027494430542,-0.15027284622192386,71600.0,1001.780029296875,71600.0,3.6098511219024663,-0.17176246643066406,0.467583030462265,71600.0,-2.4055676460266118,-9.473278999328613,-0.8003770709037781,71600.0,1.2042834758758545,-9.645041465759276,-0.33279404044151306
1332,71700.0,29.62700080871582,-28.822999954223643,2.7920000553131104,71700.0,-0.5363397002220154,-1.795027494430542,-0.15027284622192386,71700.0,1001.780029296875,71700.0,1.458720564842224,-0.567509651184082,0.28080931305885315,71700.0,-1.724476933479309,-9.62460708618164,-0.75067138671875,71700.0,-0.2657563984394073,-10.192116737365724,-0.4698620736598969
1333,71800.0,29.62700080871582,-28.822999954223643,2.7920000553131104,71800.0,-0.1270599663257599,-0.8298604488372803,-0.4526511430740357,71800.0,1001.8499755859376,71800.0,1.458720564842224,-0.567509651184082,0.28080931305885315,71800.0,-1.724476933479309,-9.62460708618164,-0.75067138671875,71800.0,-0.2657563984394073,-10.192116737365724,-0.4698620736598969
1334,71900.0,29.62700080871582,-28.822999954223643,2.7920000553131104,71900.0,-0.1270599663257599,-0.8298604488372803,-0.4526511430740357,71900.0,1001.760009765625,71900.0,2.239859342575073,-2.25778865814209,-0.3829714059829712,71900.0,-1.8095015287399288,-9.60727596282959,-0.772230863571167,71900.0,0.4303577542304993,-11.86506462097168,-1.1552022695541382
1335,72000.0,29.62700080871582,-28.141000747680664,4.4730000495910645,72000.0,0.08918632566928864,0.35613444447517395,0.10537425428628924,72000.0,1001.760009765625,72000.0,2.239859342575073,-2.25778865814209,-0.3829714059829712,72000.0,-1.8095015287399288,-9.60727596282959,-0.772230863571167,72000.0,0.4303577542304993,-11.86506462097168,-1.1552022695541382
1336,72100.0,29.62700080871582,-27.798999786376953,6.5960001945495605,72100.0,0.08918632566928864,0.35613444447517395,0.10537425428628924,72100.0,1001.8099975585938,72100.0,2.3137121200561523,-0.7272939682006836,-2.3633735179901123,72100.0,-1.946800708770752,-9.391799926757812,2.0431489944458012,72100.0,0.3669114112854004,-10.119093894958496,-0.32022446393966675
1337,72200.0,28.976999282836914,-27.461000442504893,7.348000049591064,72200.0,1.5708400011062622,-0.3805690407752991,0.12003502249717712,72200.0,1001.8099975585938,72200.0,2.3137121200561523,-0.7272939682006836,-2.3633735179901123,72200.0,-1.946800708770752,-9.391799926757812,2.0431489944458012,72200.0,0.3669114112854004,-10.119093894958496,-0.32022446393966675
1338,72300.0,28.666000366210927,-27.461000442504893,5.960999965667725,72300.0,0.6188064813613892,-0.4728097021579742,0.5568036437034607,72300.0,1001.7100219726564,72300.0,3.0628376007080083,-1.034799575805664,-3.122733354568481,72300.0,-2.61332631111145,-8.930466651916504,3.0963971614837646,72300.0,0.4495113790035248,-9.965266227722168,-0.026336219161748886
1339,72400.0,27.86199951171875,-27.461000442504893,1.878000020980835,72400.0,0.6188064813613892,-0.4728097021579742,0.5568036437034607,72400.0,1001.7100219726564,72400.0,4.861143112182617,0.9180498123168944,-2.200879096984864,72400.0,-2.609995126724243,-8.839864730834961,3.3488988876342773,72400.0,2.251148223876953,-7.921814918518066,1.1480196714401243
1340,72000.0,29.62700080871582,-28.141000747680664,4.4730000495910645,72000.0,0.08918632566928864,0.35613444447517395,0.10537425428628924,72000.0,1001.760009765625,72000.0,2.239859342575073,-2.25778865814209,-0.3829714059829712,72000.0,-1.8095015287399288,-9.60727596282959,-0.772230863571167,72000.0,0.4303577542304993,-11.86506462097168,-1.1552022695541382
1341,72100.0,29.62700080871582,-27.798999786376953,6.5960001945495605,72100.0,0.08918632566928864,0.35613444447517395,0.10537425428628924,72100.0,1001.8099975585938,72100.0,2.3137121200561523,-0.7272939682006836,-2.3633735179901123,72100.0,-1.946800708770752,-9.391799926757812,2.0431489944458012,72100.0,0.3669114112854004,-10.119093894958496,-0.32022446393966675
1342,72200.0,28.976999282836914,-27.461000442504893,7.348000049591064,72200.0,1.5708400011062622,-0.3805690407752991,0.12003502249717712,72200.0,1001.8099975585938,72200.0,2.3137121200561523,-0.7272939682006836,-2.3633735179901123,72200.0,-1.946800708770752,-9.391799926757812,2.0431489944458012,72200.0,0.3669114112854004,-10.119093894958496,-0.32022446393966675
1343,72300.0,28.666000366210927,-27.461000442504893,5.960999965667725,72300.0,0.6188064813613892,-0.4728097021579742,0.5568036437034607,72300.0,1001.7100219726564,72300.0,3.0628376007080083,-1.034799575805664,-3.122733354568481,72300.0,-2.61332631111145,-8.930466651916504,3.0963971614837646,72300.0,0.4495113790035248,-9.965266227722168,-0.026336219161748886
1344,72400.0,27.86199951171875,-27.461000442504893,1.878000020980835,72400.0,0.6188064813613892,-0.4728097021579742,0.5568036437034607,72400.0,1001.7100219726564,72400.0,4.861143112182617,0.9180498123168944,-2.200879096984864,72400.0,-2.609995126724243,-8.839864730834961,3.3488988876342773,72400.0,2.251148223876953,-7.921814918518066,1.1480196714401243
1345,72500.0,25.283000946044922,-27.790000915527344,-3.4449999332427983,72500.0,-0.22632557153701785,-1.5406022071838381,0.6010913848876953,72500.0,1001.739990234375,72500.0,4.861143112182617,0.9180498123168944,-2.200879096984864,72500.0,-2.609995126724243,-8.839864730834961,3.3488988876342773,72500.0,2.251148223876953,-7.921814918518066,1.1480196714401243
1346,72600.0,23.54700088500977,-28.18600082397461,-7.193999767303468,72600.0,-0.22632557153701785,-1.5406022071838381,0.6010913848876953,72600.0,1001.739990234375,72600.0,0.7614668607711792,-0.9845085144042968,0.3104157447814941,72600.0,-1.5976418256759644,-9.203418731689453,2.9858014583587646,72600.0,-0.8361749649047852,-10.18792724609375,3.296217203140259
1347,72700.0,22.25,-28.18600082397461,-8.753000259399414,72700.0,-0.5430592298507689,-1.521359920501709,-0.0656680166721344,72700.0,1001.8800048828124,72700.0,0.7614668607711792,-0.9845085144042968,0.3104157447814941,72700.0,-1.5976418256759644,-9.203418731689453,2.9858014583587646,72700.0,-0.8361749649047852,-10.18792724609375,3.296217203140259
1348,72800.0,22.25,-28.18600082397461,-11.392000198364258,72800.0,-0.5430592298507689,-1.521359920501709,-0.0656680166721344,72800.0,1001.7999877929688,72800.0,2.557525157928467,4.698983192443848,-3.3781192302703857,72800.0,-1.2329331636428833,-9.230010032653807,3.0752527713775635,72800.0,1.324592113494873,-4.531026840209961,-0.30286651849746704
1349,72900.0,21.211000442504886,-27.138999938964844,-13.928000450134276,72900.0,-0.0604756586253643,-0.9019425511360168,0.057726766914129264,72900.0,1001.7999877929688,72900.0,2.557525157928467,4.698983192443848,-3.3781192302703857,72900.0,-1.2329331636428833,-9.230010032653807,3.0752527713775635,72900.0,1.324592113494873,-4.531026840209961,-0.30286651849746704
1350,72500.0,25.283000946044922,-27.790000915527344,-3.4449999332427983,72500.0,-0.22632557153701785,-1.5406022071838381,0.6010913848876953,72500.0,1001.739990234375,72500.0,4.861143112182617,0.9180498123168944,-2.200879096984864,72500.0,-2.609995126724243,-8.839864730834961,3.3488988876342773,72500.0,2.251148223876953,-7.921814918518066,1.1480196714401243
1351,72600.0,23.54700088500977,-28.18600082397461,-7.193999767303468,72600.0,-0.22632557153701785,-1.5406022071838381,0.6010913848876953,72600.0,1001.739990234375,72600.0,0.7614668607711792,-0.9845085144042968,0.3104157447814941,72600.0,-1.5976418256759644,-9.203418731689453,2.9858014583587646,72600.0,-0.8361749649047852,-10.18792724609375,3.296217203140259
1352,72700.0,22.25,-28.18600082397461,-8.753000259399414,72700.0,-0.5430592298507689,-1.521359920501709,-0.0656680166721344,72700.0,1001.8800048828124,72700.0,0.7614668607711792,-0.9845085144042968,0.3104157447814941,72700.0,-1.5976418256759644,-9.203418731689453,2.9858014583587646,72700.0,-0.8361749649047852,-10.18792724609375,3.296217203140259
1353,72800.0,22.25,-28.18600082397461,-11.392000198364258,72800.0,-0.5430592298507689,-1.521359920501709,-0.0656680166721344,72800.0,1001.7999877929688,72800.0,2.557525157928467,4.698983192443848,-3.3781192302703857,72800.0,-1.2329331636428833,-9.230010032653807,3.0752527713775635,72800.0,1.324592113494873,-4.531026840209961,-0.30286651849746704
1354,72900.0,21.211000442504886,-27.138999938964844,-13.928000450134276,72900.0,-0.0604756586253643,-0.9019425511360168,0.057726766914129264,72900.0,1001.7999877929688,72900.0,2.557525157928467,4.698983192443848,-3.3781192302703857,72900.0,-1.2329331636428833,-9.230010032653807,3.0752527713775635,72900.0,1.324592113494873,-4.531026840209961,-0.30286651849746704
1355,73000.0,19.888999938964844,-25.860000610351573,-14.833999633789064,73000.0,-0.0604756586253643,-0.9019425511360168,0.057726766914129264,73000.0,1001.7999877929688,73000.0,-0.5217527151107788,0.6607389450073242,-1.571951150894165,73000.0,0.5965715050697327,-9.786837577819824,0.17972294986248016,73000.0,0.07481880486011505,-9.1260986328125,-1.3922282457351685
1356,73100.0,17.08799934387207,-25.03499984741211,-17.14900016784668,73100.0,-0.02779436856508255,-0.8625417351722717,-0.04214970022439957,73100.0,1001.7999877929688,73100.0,-0.5217527151107788,0.6607389450073242,-1.571951150894165,73100.0,0.5965715050697327,-9.786837577819824,0.17972294986248016,73100.0,0.07481880486011505,-9.1260986328125,-1.3922282457351685
1357,73200.0,14.993000030517578,-24.131000518798828,-18.924999237060547,73200.0,-0.8472700715065002,-0.8206974864006042,0.29657506942749023,73200.0,1001.8400268554688,73200.0,1.4933297634124756,0.8801660537719727,0.672242283821106,73200.0,-0.004734919872134924,-9.71895980834961,-1.308501362800598,73200.0,1.488594889640808,-8.838793754577637,-0.6362590789794922
1358,73300.0,13.31999969482422,-23.257999420166016,-19.948999404907227,73300.0,-0.8472700715065002,-0.8206974864006042,0.29657506942749023,73300.0,1001.8400268554688,73300.0,-0.16508471965789795,0.09987640380859376,-0.3235591650009155,73300.0,0.7540583610534668,-9.768260955810547,-0.42762160301208496,73300.0,0.5889736413955688,-9.668384552001953,-0.7511807680130005
1359,73400.0,13.817999839782715,-22.033000946044922,-19.476999282836914,73400.0,-0.2788599729537964,-0.2996293902397156,-0.10018189996480943,73400.0,1001.8200073242188,73400.0,-0.16508471965789795,0.09987640380859376,-0.3235591650009155,73400.0,0.7540583610534668,-9.768260955810547,-0.42762160301208496,73400.0,0.5889736413955688,-9.668384552001953,-0.7511807680130005
1360,73000.0,19.888999938964844,-25.860000610351573,-14.833999633789064,73000.0,-0.0604756586253643,-0.9019425511360168,0.057726766914129264,73000.0,1001.7999877929688,73000.0,-0.5217527151107788,0.6607389450073242,-1.571951150894165,73000.0,0.5965715050697327,-9.786837577819824,0.17972294986248016,73000.0,0.07481880486011505,-9.1260986328125,-1.3922282457351685
1361,73100.0,17.08799934387207,-25.03499984741211,-17.14900016784668,73100.0,-0.02779436856508255,-0.8625417351722717,-0.04214970022439957,73100.0,1001.7999877929688,73100.0,-0.5217527151107788,0.6607389450073242,-1.571951150894165,73100.0,0.5965715050697327,-9.786837577819824,0.17972294986248016,73100.0,0.07481880486011505,-9.1260986328125,-1.3922282457351685
1362,73200.0,14.993000030517578,-24.131000518798828,-18.924999237060547,73200.0,-0.8472700715065002,-0.8206974864006042,0.29657506942749023,73200.0,1001.8400268554688,73200.0,1.4933297634124756,0.8801660537719727,0.672242283821106,73200.0,-0.004734919872134924,-9.71895980834961,-1.308501362800598,73200.0,1.488594889640808,-8.838793754577637,-0.6362590789794922
1363,73300.0,13.31999969482422,-23.257999420166016,-19.948999404907227,73300.0,-0.8472700715065002,-0.8206974864006042,0.29657506942749023,73300.0,1001.8400268554688,73300.0,-0.16508471965789795,0.09987640380859376,-0.3235591650009155,73300.0,0.7540583610534668,-9.768260955810547,-0.42762160301208496,73300.0,0.5889736413955688,-9.668384552001953,-0.7511807680130005
1364,73400.0,13.817999839782715,-22.033000946044922,-19.476999282836914,73400.0,-0.2788599729537964,-0.2996293902397156,-0.10018189996480943,73400.0,1001.8200073242188,73400.0,-0.16508471965789795,0.09987640380859376,-0.3235591650009155,73400.0,0.7540583610534668,-9.768260955810547,-0.42762160301208496,73400.0,0.5889736413955688,-9.668384552001953,-0.7511807680130005
1365,73500.0,13.454999923706055,-21.138999938964844,-19.82200050354004,73500.0,-0.2788599729537964,-0.2996293902397156,-0.10018189996480943,73500.0,1001.8200073242188,73500.0,0.27743279933929443,0.07683372497558594,0.597911536693573,73500.0,1.171059250831604,-9.730853080749512,-0.3309580385684967,73500.0,1.4484920501708984,-9.654019355773926,0.2669534981250763
1366,73600.0,13.454999923706055,-20.375999450683594,-19.82200050354004,73600.0,-0.2419026345014572,-0.11484266817569733,-0.2843577861785889,73600.0,1001.7999877929688,73600.0,0.27743279933929443,0.07683372497558594,0.597911536693573,73600.0,1.171059250831604,-9.730853080749512,-0.3309580385684967,73600.0,1.4484920501708984,-9.654019355773926,0.2669534981250763
1367,73700.0,13.755000114440918,-18.15900039672852,-19.82200050354004,73700.0,-0.2419026345014572,-0.11484266817569733,-0.2843577861785889,73700.0,1001.780029296875,73700.0,1.7712433338165283,-2.1807212829589844,-0.8069866895675659,73700.0,0.3147048354148865,-9.683745384216307,-1.5153888463974,73700.0,2.08594822883606,-11.864466667175293,-2.322375535964966
1368,73800.0,13.755000114440918,-17.740999221801758,-19.82200050354004,73800.0,-0.8014551997184753,0.23029619455337524,0.2950479090213776,73800.0,1001.780029296875,73800.0,1.7712433338165283,-2.1807212829589844,-0.8069866895675659,73800.0,0.3147048354148865,-9.683745384216307,-1.5153888463974,73800.0,2.08594822883606,-11.864466667175293,-2.322375535964966
1369,73900.0,11.704999923706055,-17.740999221801758,-19.488000869750977,73900.0,-0.8014551997184753,0.23029619455337524,0.2950479090213776,73900.0,1001.8900146484376,73900.0,1.0865472555160522,-0.2105541229248047,-2.8464465141296387,73900.0,0.5498895645141602,-9.530255317687988,2.245501756668091,73900.0,1.6364368200302124,-9.740809440612793,-0.6009446382522583
1370,73500.0,13.454999923706055,-21.138999938964844,-19.82200050354004,73500.0,-0.2788599729537964,-0.2996293902397156,-0.10018189996480943,73500.0,1001.8200073242188,73500.0,0.27743279933929443,0.07683372497558594,0.597911536693573,73500.0,1.171059250831604,-9.730853080749512,-0.3309580385684967,73500.0,1.4484920501708984,-9.654019355773926,0.2669534981250763
1371,73600.0,13.454999923706055,-20.375999450683594,-19.82200050354004,73600.0,-0.2419026345014572,-0.11484266817569733,-0.2843577861785889,73600.0,1001.7999877929688,73600.0,0.27743279933929443,0.07683372497558594,0.597911536693573,73600.0,1.171059250831604,-9.730853080749512,-0.3309580385684967,73600.0,1.4484920501708984,-9.654019355773926,0.2669534981250763
1372,73700.0,13.755000114440918,-18.15900039672852,-19.82200050354004,73700.0,-0.2419026345014572,-0.11484266817569733,-0.2843577861785889,73700.0,1001.780029296875,73700.0,1.7712433338165283,-2.1807212829589844,-0.8069866895675659,73700.0,0.3147048354148865,-9.683745384216307,-1.5153888463974,73700.0,2.08594822883606,-11.864466667175293,-2.322375535964966
1373,73800.0,13.755000114440918,-17.740999221801758,-19.82200050354004,73800.0,-0.8014551997184753,0.23029619455337524,0.2950479090213776,73800.0,1001.780029296875,73800.0,1.7712433338165283,-2.1807212829589844,-0.8069866895675659,73800.0,0.3147048354148865,-9.683745384216307,-1.5153888463974,73800.0,2.08594822883606,-11.864466667175293,-2.322375535964966
1374,73900.0,11.704999923706055,-17.740999221801758,-19.488000869750977,73900.0,-0.8014551997184753,0.23029619455337524,0.2950479090213776,73900.0,1001.8900146484376,73900.0,1.0865472555160522,-0.2105541229248047,-2.8464465141296387,73900.0,0.5498895645141602,-9.530255317687988,2.245501756668091,73900.0,1.6364368200302124,-9.740809440612793,-0.6009446382522583
1375,74000.0,6.192999839782715,-21.415000915527344,-18.836000442504886,74000.0,1.4517213106155396,-0.827722430229187,0.2779437005519867,74000.0,1001.8900146484376,74000.0,1.0865472555160522,-0.2105541229248047,-2.8464465141296387,74000.0,0.5498895645141602,-9.530255317687988,2.245501756668091,74000.0,1.6364368200302124,-9.740809440612793,-0.6009446382522583
1376,74100.0,3.6459999084472656,-23.50300025939941,-15.590999603271484,74100.0,1.5683965682983398,-0.4737260043621063,0.3591887652873993,74100.0,1001.7999877929688,74100.0,-1.8302000761032104,-1.635356903076172,0.5975649356842041,74100.0,0.12074001133441925,-9.394131660461426,2.81177830696106,74100.0,-1.7094600200653076,-11.029488563537598,3.409343242645264
1377,74200.0,1.4780000448226929,-24.94499969482422,-12.449000358581545,74200.0,1.5683965682983398,-0.4737260043621063,0.3591887652873993,74200.0,1001.7999877929688,74200.0,1.4446324110031128,1.0527505874633791,0.1212306022644043,74200.0,-2.1575059890747066,-9.122406959533693,2.880499839782715,74200.0,-0.7128735780715942,-8.069656372070312,3.0017304420471187
1378,74300.0,-2.9470000267028813,-24.94499969482422,-9.12399959564209,74300.0,1.3271046876907349,-1.0742065906524658,1.7397441864013672,74300.0,1001.75,74300.0,1.4446324110031128,1.0527505874633791,0.1212306022644043,74300.0,-2.1575059890747066,-9.122406959533693,2.880499839782715,74300.0,-0.7128735780715942,-8.069656372070312,3.0017304420471187
1379,74400.0,-5.874000072479247,-24.94499969482422,-8.10200023651123,74400.0,1.3271046876907349,-1.0742065906524658,1.7397441864013672,74400.0,1001.75,74400.0,2.8441224098205566,3.614028453826904,1.5180792808532717,74400.0,-3.305604696273804,-8.671779632568361,3.1691689491271973,74400.0,-0.4614823758602142,-5.057751178741455,4.687248229980469
1380,74000.0,6.192999839782715,-21.415000915527344,-18.836000442504886,74000.0,1.4517213106155396,-0.827722430229187,0.2779437005519867,74000.0,1001.8900146484376,74000.0,1.0865472555160522,-0.2105541229248047,-2.8464465141296387,74000.0,0.5498895645141602,-9.530255317687988,2.245501756668091,74000.0,1.6364368200302124,-9.740809440612793,-0.6009446382522583
1381,74100.0,3.6459999084472656,-23.50300025939941,-15.590999603271484,74100.0,1.5683965682983398,-0.4737260043621063,0.3591887652873993,74100.0,1001.7999877929688,74100.0,-1.8302000761032104,-1.635356903076172,0.5975649356842041,74100.0,0.12074001133441925,-9.394131660461426,2.81177830696106,74100.0,-1.7094600200653076,-11.029488563537598,3.409343242645264
1382,74200.0,1.4780000448226929,-24.94499969482422,-12.449000358581545,74200.0,1.5683965682983398,-0.4737260043621063,0.3591887652873993,74200.0,1001.7999877929688,74200.0,1.4446324110031128,1.0527505874633791,0.1212306022644043,74200.0,-2.1575059890747066,-9.122406959533693,2.880499839782715,74200.0,-0.7128735780715942,-8.069656372070312,3.0017304420471187
1383,74300.0,-2.9470000267028813,-24.94499969482422,-9.12399959564209,74300.0,1.3271046876907349,-1.0742065906524658,1.7397441864013672,74300.0,1001.75,74300.0,1.4446324110031128,1.0527505874633791,0.1212306022644043,74300.0,-2.1575059890747066,-9.122406959533693,2.880499839782715,74300.0,-0.7128735780715942,-8.069656372070312,3.0017304420471187
1384,74400.0,-5.874000072479247,-24.94499969482422,-8.10200023651123,74400.0,1.3271046876907349,-1.0742065906524658,1.7397441864013672,74400.0,1001.75,74400.0,2.8441224098205566,3.614028453826904,1.5180792808532717,74400.0,-3.305604696273804,-8.671779632568361,3.1691689491271973,74400.0,-0.4614823758602142,-5.057751178741455,4.687248229980469
1385,74500.0,-8.456999778747559,-24.94499969482422,-8.890999794006348,74500.0,-0.025656340643763542,-0.5830708742141724,0.9239336848258972,74500.0,1001.7999877929688,74500.0,2.8441224098205566,3.614028453826904,1.5180792808532717,74500.0,-3.305604696273804,-8.671779632568361,3.1691689491271973,74500.0,-0.4614823758602142,-5.057751178741455,4.687248229980469
1386,74600.0,-9.746999740600586,-20.922000885009766,-8.265000343322754,74600.0,-0.025656340643763542,-0.5830708742141724,0.9239336848258972,74600.0,1001.75,74600.0,2.536063432693481,-1.629802703857422,2.4535143375396733,74600.0,-4.062366962432861,-8.093648910522461,3.7630302906036377,74600.0,-1.52630352973938,-9.723451614379883,6.216544628143311
1387,74700.0,-10.156000137329102,-18.982999801635746,-7.553999900817871,74700.0,-0.03145955875515938,-0.8436049222946167,0.9285151958465576,74700.0,1001.75,74700.0,2.536063432693481,-1.629802703857422,2.4535143375396733,74700.0,-4.062366962432861,-8.093648910522461,3.7630302906036377,74700.0,-1.52630352973938,-9.723451614379883,6.216544628143311
1388,74800.0,-10.755000114440918,-17.65999984741211,-7.553999900817871,74800.0,-0.03145955875515938,-0.8436049222946167,0.9285151958465576,74800.0,1001.739990234375,74800.0,2.6668810844421387,0.1328411102294922,1.2304940223693848,74800.0,-2.884154796600342,-8.712462425231934,3.4561557769775386,74800.0,-0.2172738015651703,-8.579621315002441,4.686649799346924
1389,74900.0,-10.755000114440918,-15.762999534606935,-7.901999950408935,74900.0,-0.5088507533073425,-0.7406741380691528,-0.3643811047077179,74900.0,1001.739990234375,74900.0,2.6668810844421387,0.1328411102294922,1.2304940223693848,74900.0,-2.884154796600342,-8.712462425231934,3.4561557769775386,74900.0,-0.2172738015651703,-8.579621315002441,4.686649799346924
1390,74500.0,-8.456999778747559,-24.94499969482422,-8.890999794006348,74500.0,-0.025656340643763542,-0.5830708742141724,0.9239336848258972,74500.0,1001.7999877929688,74500.0,2.8441224098205566,3.614028453826904,1.5180792808532717,74500.0,-3.305604696273804,-8.671779632568361,3.1691689491271973,74500.0,-0.4614823758602142,-5.057751178741455,4.687248229980469
1391,74600.0,-9.746999740600586,-20.922000885009766,-8.265000343322754,74600.0,-0.025656340643763542,-0.5830708742141724,0.9239336848258972,74600.0,1001.75,74600.0,2.536063432693481,-1.629802703857422,2.4535143375396733,74600.0,-4.062366962432861,-8.093648910522461,3.7630302906036377,74600.0,-1.52630352973938,-9.723451614379883,6.216544628143311
1392,74700.0,-10.156000137329102,-18.982999801635746,-7.553999900817871,74700.0,-0.03145955875515938,-0.8436049222946167,0.9285151958465576,74700.0,1001.75,74700.0,2.536063432693481,-1.629802703857422,2.4535143375396733,74700.0,-4.062366962432861,-8.093648910522461,3.7630302906036377,74700.0,-1.52630352973938,-9.723451614379883,6.216544628143311
1393,74800.0,-10.755000114440918,-17.65999984741211,-7.553999900817871,74800.0,-0.03145955875515938,-0.8436049222946167,0.9285151958465576,74800.0,1001.739990234375,74800.0,2.6668810844421387,0.1328411102294922,1.2304940223693848,74800.0,-2.884154796600342,-8.712462425231934,3.4561557769775386,74800.0,-0.2172738015651703,-8.579621315002441,4.686649799346924
1394,74900.0,-10.755000114440918,-15.762999534606935,-7.901999950408935,74900.0,-0.5088507533073425,-0.7406741380691528,-0.3643811047077179,74900.0,1001.739990234375,74900.0,2.6668810844421387,0.1328411102294922,1.2304940223693848,74900.0,-2.884154796600342,-8.712462425231934,3.4561557769775386,74900.0,-0.2172738015651703,-8.579621315002441,4.686649799346924
1395,75000.0,-11.121999740600586,-13.902999877929688,-10.043999671936037,75000.0,-1.1762210130691528,-0.551916778087616,-0.6404922008514404,75000.0,1001.7999877929688,75000.0,2.5747265815734863,0.24529170989990234,-0.209794282913208,75000.0,-1.4141373634338381,-9.572503089904783,1.5930442810058594,75000.0,1.1605892181396484,-9.327211380004883,1.3832499980926514
1396,75100.0,-11.121999740600586,-13.116999626159668,-10.961000442504883,75100.0,-1.1762210130691528,-0.551916778087616,-0.6404922008514404,75100.0,1001.7999877929688,75100.0,0.3479457497596741,-1.2325410842895508,-0.7176076173782349,75100.0,-0.4874079823493958,-9.770611763000488,0.6840887665748596,75100.0,-0.13946224749088287,-11.003152847290039,-0.033518824726343155
1397,75200.0,-11.121999740600586,-12.798999786376953,-11.661999702453613,75200.0,-0.4505131244659424,0.05742133408784866,-0.5146539807319641,75200.0,1001.8200073242188,75200.0,0.3479457497596741,-1.2325410842895508,-0.7176076173782349,75200.0,-0.4874079823493958,-9.770611763000488,0.6840887665748596,75200.0,-0.13946224749088287,-11.003152847290039,-0.033518824726343155
1398,75300.0,-11.121999740600586,-12.361000061035154,-12.032999992370605,75300.0,-0.4505131244659424,0.05742133408784866,-0.5146539807319641,75300.0,1001.8200073242188,75300.0,0.8852735757827759,0.2981300354003906,-0.12835806608200073,75300.0,-0.596772313117981,-9.77617645263672,-0.4905430674552918,75300.0,0.2885012924671173,-9.478046417236328,-0.6189011335372925
1399,75400.0,-11.121999740600586,-9.461000442504883,-12.696000099182127,75400.0,-0.6059783101081848,0.423329621553421,0.0555887371301651,75400.0,1001.8200073242188,75400.0,0.8852735757827759,0.2981300354003906,-0.12835806608200073,75400.0,-0.596772313117981,-9.77617645263672,-0.4905430674552918,75400.0,0.2885012924671173,-9.478046417236328,-0.6189011335372925
1400,75000.0,-11.121999740600586,-13.902999877929688,-10.043999671936037,75000.0,-1.1762210130691528,-0.551916778087616,-0.6404922008514404,75000.0,1001.7999877929688,75000.0,2.5747265815734863,0.24529170989990234,-0.209794282913208,75000.0,-1.4141373634338381,-9.572503089904783,1.5930442810058594,75000.0,1.1605892181396484,-9.327211380004883,1.3832499980926514
1401,75100.0,-11.121999740600586,-13.116999626159668,-10.961000442504883,75100.0,-1.1762210130691528,-0.551916778087616,-0.6404922008514404,75100.0,1001.7999877929688,75100.0,0.3479457497596741,-1.2325410842895508,-0.7176076173782349,75100.0,-0.4874079823493958,-9.770611763000488,0.6840887665748596,75100.0,-0.13946224749088287,-11.003152847290039,-0.033518824726343155
1402,75200.0,-11.121999740600586,-12.798999786376953,-11.661999702453613,75200.0,-0.4505131244659424,0.05742133408784866,-0.5146539807319641,75200.0,1001.8200073242188,75200.0,0.3479457497596741,-1.2325410842895508,-0.7176076173782349,75200.0,-0.4874079823493958,-9.770611763000488,0.6840887665748596,75200.0,-0.13946224749088287,-11.003152847290039,-0.033518824726343155
1403,75300.0,-11.121999740600586,-12.361000061035154,-12.032999992370605,75300.0,-0.4505131244659424,0.05742133408784866,-0.5146539807319641,75300.0,1001.8200073242188,75300.0,0.8852735757827759,0.2981300354003906,-0.12835806608200073,75300.0,-0.596772313117981,-9.77617645263672,-0.4905430674552918,75300.0,0.2885012924671173,-9.478046417236328,-0.6189011335372925
1404,75400.0,-11.121999740600586,-9.461000442504883,-12.696000099182127,75400.0,-0.6059783101081848,0.423329621553421,0.0555887371301651,75400.0,1001.8200073242188,75400.0,0.8852735757827759,0.2981300354003906,-0.12835806608200073,75400.0,-0.596772313117981,-9.77617645263672,-0.4905430674552918,75400.0,0.2885012924671173,-9.478046417236328,-0.6189011335372925
1405,75500.0,-10.793999671936037,-6.882999897003174,-13.43299961090088,75500.0,-0.6059783101081848,0.423329621553421,0.0555887371301651,75500.0,1001.780029296875,75500.0,0.6245619058609009,0.34506893157958984,1.1379413604736328,75500.0,-0.479712724685669,-9.715375900268556,-1.2456804513931274,75500.0,0.14484919607639313,-9.370306968688963,-0.10773907601833344
1406,75600.0,-8.880000114440918,-6.4749999046325675,-13.763999938964846,75600.0,-0.4254676401615143,-0.2321287989616394,-0.09804387390613556,75600.0,1001.780029296875,75600.0,0.6245619058609009,0.34506893157958984,1.1379413604736328,75600.0,-0.479712724685669,-9.715375900268556,-1.2456804513931274,75600.0,0.14484919607639313,-9.370306968688963,-0.10773907601833344
1407,75700.0,-5.954999923706055,-6.4749999046325675,-14.43299961090088,75700.0,-0.4254676401615143,-0.2321287989616394,-0.09804387390613556,75700.0,1001.780029296875,75700.0,-0.6966045498847961,-0.933537483215332,0.2587999105453491,75700.0,0.25846564769744873,-9.716469764709473,-1.3014748096466064,75700.0,-0.4381389021873474,-10.650007247924805,-1.042674899101257
1408,75800.0,-4.883999824523926,-6.059999942779541,-14.800999641418455,75800.0,-0.015271631069481371,0.5268712639808655,-0.3845396637916565,75800.0,1001.780029296875,75800.0,-0.6966045498847961,-0.933537483215332,0.2587999105453491,75800.0,0.25846564769744873,-9.716469764709473,-1.3014748096466064,75800.0,-0.4381389021873474,-10.650007247924805,-1.042674899101257
1409,75900.0,-4.078000068664552,-5.74399995803833,-15.121000289916992,75900.0,0.4920519590377808,1.0897835493087769,-0.5091561675071716,75900.0,1001.77001953125,75900.0,-1.334307312965393,-2.6133956909179688,0.0515647828578949,75900.0,1.2187870740890503,-9.72691822052002,-0.2682400345802307,75900.0,-0.11552023142576218,-12.340313911437988,-0.21667525172233584
1410,75500.0,-10.793999671936037,-6.882999897003174,-13.43299961090088,75500.0,-0.6059783101081848,0.423329621553421,0.0555887371301651,75500.0,1001.780029296875,75500.0,0.6245619058609009,0.34506893157958984,1.1379413604736328,75500.0,-0.479712724685669,-9.715375900268556,-1.2456804513931274,75500.0,0.14484919607639313,-9.370306968688963,-0.10773907601833344
1411,75600.0,-8.880000114440918,-6.4749999046325675,-13.763999938964846,75600.0,-0.4254676401615143,-0.2321287989616394,-0.09804387390613556,75600.0,1001.780029296875,75600.0,0.6245619058609009,0.34506893157958984,1.1379413604736328,75600.0,-0.479712724685669,-9.715375900268556,-1.2456804513931274,75600.0,0.14484919607639313,-9.370306968688963,-0.10773907601833344
1412,75700.0,-5.954999923706055,-6.4749999046325675,-14.43299961090088,75700.0,-0.4254676401615143,-0.2321287989616394,-0.09804387390613556,75700.0,1001.780029296875,75700.0,-0.6966045498847961,-0.933537483215332,0.2587999105453491,75700.0,0.25846564769744873,-9.716469764709473,-1.3014748096466064,75700.0,-0.4381389021873474,-10.650007247924805,-1.042674899101257
1413,75800.0,-4.883999824523926,-6.059999942779541,-14.800999641418455,75800.0,-0.015271631069481371,0.5268712639808655,-0.3845396637916565,75800.0,1001.780029296875,75800.0,-0.6966045498847961,-0.933537483215332,0.2587999105453491,75800.0,0.25846564769744873,-9.716469764709473,-1.3014748096466064,75800.0,-0.4381389021873474,-10.650007247924805,-1.042674899101257
1414,75900.0,-4.078000068664552,-5.74399995803833,-15.121000289916992,75900.0,0.4920519590377808,1.0897835493087769,-0.5091561675071716,75900.0,1001.77001953125,75900.0,-1.334307312965393,-2.6133956909179688,0.0515647828578949,75900.0,1.2187870740890503,-9.72691822052002,-0.2682400345802307,75900.0,-0.11552023142576218,-12.340313911437988,-0.21667525172233584
1415,76000.0,-3.635999917984009,-6.057000160217285,-15.76200008392334,76000.0,0.4920519590377808,1.0897835493087769,-0.5091561675071716,76000.0,1001.77001953125,76000.0,-1.37005877494812,-0.2847623825073242,2.568363666534424,76000.0,1.2187870740890503,-9.72691822052002,-0.2682400345802307,76000.0,0.0736217051744461,-9.761159896850586,4.638167381286621
1416,76100.0,-3.2980000972747803,-10.107999801635742,-16.503000259399414,76100.0,1.1884382963180542,0.4679227769374848,-0.2403754740953445,76100.0,1001.7899780273438,76100.0,-1.37005877494812,-0.2847623825073242,2.568363666534424,76100.0,1.4436805248260498,-9.476397514343262,2.0698037147521973,76100.0,0.0736217051744461,-9.761159896850586,4.638167381286621
1417,76200.0,-2.1400001049041752,-14.20199966430664,-17.288999557495114,76200.0,1.1884382963180542,0.4679227769374848,-0.2403754740953445,76200.0,1001.7899780273438,76200.0,-1.1912989616394043,-3.932761192321777,-0.693030595779419,76200.0,-0.3020842671394348,-8.715806007385254,4.484847545623778,76200.0,-1.493383288383484,-12.648567199707033,3.79181694984436
1418,76300.0,-1.7829999923706057,-16.632999420166016,-17.6299991607666,76300.0,1.4902057647705078,-0.3243694305419922,1.0473284721374512,76300.0,1001.6400146484376,76300.0,-1.1912989616394043,-3.932761192321777,-0.693030595779419,76300.0,-0.3020842671394348,-8.715806007385254,4.484847545623778,76300.0,-1.493383288383484,-12.648567199707033,3.79181694984436
1419,76400.0,-1.7829999923706057,-19.28700065612793,-17.6299991607666,76400.0,1.4902057647705078,-0.3243694305419922,1.0473284721374512,76400.0,1001.6599731445312,76400.0,0.6701183319091797,1.2509312629699707,-2.9954726696014404,76400.0,-1.3841890096664429,-7.319633960723878,6.377881050109862,76400.0,-0.7140706777572632,-6.068702697753906,3.382408380508424
1420,76000.0,-3.635999917984009,-6.057000160217285,-15.76200008392334,76000.0,0.4920519590377808,1.0897835493087769,-0.5091561675071716,76000.0,1001.77001953125,76000.0,-1.37005877494812,-0.2847623825073242,2.568363666534424,76000.0,1.2187870740890503,-9.72691822052002,-0.2682400345802307,76000.0,0.0736217051744461,-9.761159896850586,4.638167381286621
1421,76100.0,-3.2980000972747803,-10.107999801635742,-16.503000259399414,76100.0,1.1884382963180542,0.4679227769374848,-0.2403754740953445,76100.0,1001.7899780273438,76100.0,-1.37005877494812,-0.2847623825073242,2.568363666534424,76100.0,1.4436805248260498,-9.476397514343262,2.0698037147521973,76100.0,0.0736217051744461,-9.761159896850586,4.638167381286621
1422,76200.0,-2.1400001049041752,-14.20199966430664,-17.288999557495114,76200.0,1.1884382963180542,0.4679227769374848,-0.2403754740953445,76200.0,1001.7899780273438,76200.0,-1.1912989616394043,-3.932761192321777,-0.693030595779419,76200.0,-0.3020842671394348,-8.715806007385254,4.484847545623778,76200.0,-1.493383288383484,-12.648567199707033,3.79181694984436
1423,76300.0,-1.7829999923706057,-16.632999420166016,-17.6299991607666,76300.0,1.4902057647705078,-0.3243694305419922,1.0473284721374512,76300.0,1001.6400146484376,76300.0,-1.1912989616394043,-3.932761192321777,-0.693030595779419,76300.0,-0.3020842671394348,-8.715806007385254,4.484847545623778,76300.0,-1.493383288383484,-12.648567199707033,3.79181694984436
1424,76400.0,-1.7829999923706057,-19.28700065612793,-17.6299991607666,76400.0,1.4902057647705078,-0.3243694305419922,1.0473284721374512,76400.0,1001.6599731445312,76400.0,0.6701183319091797,1.2509312629699707,-2.9954726696014404,76400.0,-1.3841890096664429,-7.319633960723878,6.377881050109862,76400.0,-0.7140706777572632,-6.068702697753906,3.382408380508424
1425,76500.0,-4.63700008392334,-21.11899948120117,-15.843000411987305,76500.0,1.256244421005249,-0.4859432876110077,1.0332785844802856,76500.0,1001.6599731445312,76500.0,0.6701183319091797,1.2509312629699707,-2.9954726696014404,76500.0,-1.3841890096664429,-7.319633960723878,6.377881050109862,76500.0,-0.7140706777572632,-6.068702697753906,3.382408380508424
1426,76600.0,-6.459000110626223,-20.573999404907227,-15.41100025177002,76600.0,1.256244421005249,-0.4859432876110077,1.0332785844802856,76600.0,1001.72998046875,76600.0,-0.004604995250701904,2.207099914550781,-1.779146671295166,76600.0,-0.9680394530296326,-7.5689144134521475,6.159937381744385,76600.0,-0.9726444482803344,-5.361814498901367,4.380790710449219
1427,76700.0,-7.736999988555907,-19.048999786376953,-15.41100025177002,76700.0,-0.27061331272125244,-0.7892379164695741,0.32620203495025635,76700.0,1001.72998046875,76700.0,-0.004604995250701904,2.207099914550781,-1.779146671295166,76700.0,-0.9680394530296326,-7.5689144134521475,6.159937381744385,76700.0,-0.9726444482803344,-5.361814498901367,4.380790710449219
1428,76800.0,-8.22599983215332,-16.575000762939453,-15.41100025177002,76800.0,-0.9624181985855104,-0.4327980279922485,-0.07483099400997162,76800.0,1001.7100219726564,76800.0,1.7852436304092407,-0.4433517456054688,-1.0362770557403564,76800.0,-0.3708689212799072,-8.60194206237793,4.69461727142334,76800.0,1.4143747091293335,-9.045293807983398,3.658340215682984
1429,76900.0,-8.196999549865723,-13.684000015258787,-17.045000076293945,76900.0,-0.9624181985855104,-0.4327980279922485,-0.07483099400997162,76900.0,1001.7100219726564,76900.0,-0.09003090858459473,1.9332985877990725,-2.974493980407715,76900.0,-0.3708689212799072,-8.60194206237793,4.69461727142334,76900.0,1.5269020795822144,-7.028777599334718,0.6637924313545227
1430,76500.0,-4.63700008392334,-21.11899948120117,-15.843000411987305,76500.0,1.256244421005249,-0.4859432876110077,1.0332785844802856,76500.0,1001.6599731445312,76500.0,0.6701183319091797,1.2509312629699707,-2.9954726696014404,76500.0,-1.3841890096664429,-7.319633960723878,6.377881050109862,76500.0,-0.7140706777572632,-6.068702697753906,3.382408380508424
1431,76600.0,-6.459000110626223,-20.573999404907227,-15.41100025177002,76600.0,1.256244421005249,-0.4859432876110077,1.0332785844802856,76600.0,1001.72998046875,76600.0,-0.004604995250701904,2.207099914550781,-1.779146671295166,76600.0,-0.9680394530296326,-7.5689144134521475,6.159937381744385,76600.0,-0.9726444482803344,-5.361814498901367,4.380790710449219
1432,76700.0,-7.736999988555907,-19.048999786376953,-15.41100025177002,76700.0,-0.27061331272125244,-0.7892379164695741,0.32620203495025635,76700.0,1001.72998046875,76700.0,-0.004604995250701904,2.207099914550781,-1.779146671295166,76700.0,-0.9680394530296326,-7.5689144134521475,6.159937381744385,76700.0,-0.9726444482803344,-5.361814498901367,4.380790710449219
1433,76800.0,-8.22599983215332,-16.575000762939453,-15.41100025177002,76800.0,-0.9624181985855104,-0.4327980279922485,-0.07483099400997162,76800.0,1001.7100219726564,76800.0,1.7852436304092407,-0.4433517456054688,-1.0362770557403564,76800.0,-0.3708689212799072,-8.60194206237793,4.69461727142334,76800.0,1.4143747091293335,-9.045293807983398,3.658340215682984
1434,76900.0,-8.196999549865723,-13.684000015258787,-17.045000076293945,76900.0,-0.9624181985855104,-0.4327980279922485,-0.07483099400997162,76900.0,1001.7100219726564,76900.0,-0.09003090858459473,1.9332985877990725,-2.974493980407715,76900.0,-0.3708689212799072,-8.60194206237793,4.69461727142334,76900.0,1.5269020795822144,-7.028777599334718,0.6637924313545227
1435,77000.0,-8.548999786376951,-11.656000137329102,-17.59000015258789,77000.0,-0.5644394755363464,-0.4392121136188507,-1.0207557678222656,77000.0,1001.6900024414064,77000.0,-0.09003090858459473,1.9332985877990725,-2.974493980407715,77000.0,1.616932988166809,-8.962076187133789,3.6382863521575928,77000.0,1.5269020795822144,-7.028777599334718,0.6637924313545227
1436,77100.0,-8.548999786376951,-11.07699966430664,-18.28700065612793,77100.0,-0.5644394755363464,-0.4392121136188507,-1.0207557678222656,77100.0,1001.6900024414064,77100.0,-2.4146554470062256,0.2460594177246093,-1.844878077507019,77100.0,2.271601915359497,-9.21114730834961,2.482932806015014,77100.0,-0.1430535465478897,-8.965087890625,0.6380547285079956
1437,77200.0,-8.881999969482422,-10.15999984741211,-19.30299949645996,77200.0,-0.5299255847930908,-0.4889976382255554,-0.2938261926174164,77200.0,1001.739990234375,77200.0,-2.4146554470062256,0.2460594177246093,-1.844878077507019,77200.0,2.271601915359497,-9.21114730834961,2.482932806015014,77200.0,-0.1430535465478897,-8.965087890625,0.6380547285079956
1438,77300.0,-8.881999969482422,-8.36400032043457,-19.63800048828125,77300.0,-0.5299255847930908,-0.4889976382255554,-0.2938261926174164,77300.0,1001.6900024414064,77300.0,-2.090307712554932,-0.3612833023071289,-0.19113099575042725,77300.0,2.1507613658905043,-9.497440338134766,1.158987045288086,77300.0,0.060453593730926514,-9.858723640441896,0.9678560495376588
1439,77400.0,-8.881999969482422,-6.2750000953674325,-19.63800048828125,77400.0,-0.7107416987419128,-0.09193521738052368,0.010995574295520779,77400.0,1001.6900024414064,77400.0,-2.090307712554932,-0.3612833023071289,-0.19113099575042725,77400.0,2.1507613658905043,-9.497440338134766,1.158987045288086,77400.0,0.060453593730926514,-9.858723640441896,0.9678560495376588
1440,77000.0,-8.548999786376951,-11.656000137329102,-17.59000015258789,77000.0,-0.5644394755363464,-0.4392121136188507,-1.0207557678222656,77000.0,1001.6900024414064,77000.0,-0.09003090858459473,1.9332985877990725,-2.974493980407715,77000.0,1.616932988166809,-8.962076187133789,3.6382863521575928,77000.0,1.5269020795822144,-7.028777599334718,0.6637924313545227
1441,77100.0,-8.548999786376951,-11.07699966430664,-18.28700065612793,77100.0,-0.5644394755363464,-0.4392121136188507,-1.0207557678222656,77100.0,1001.6900024414064,77100.0,-2.4146554470062256,0.2460594177246093,-1.844878077507019,77100.0,2.271601915359497,-9.21114730834961,2.482932806015014,77100.0,-0.1430535465478897,-8.965087890625,0.6380547285079956
1442,77200.0,-8.881999969482422,-10.15999984741211,-19.30299949645996,77200.0,-0.5299255847930908,-0.4889976382255554,-0.2938261926174164,77200.0,1001.739990234375,77200.0,-2.4146554470062256,0.2460594177246093,-1.844878077507019,77200.0,2.271601915359497,-9.21114730834961,2.482932806015014,77200.0,-0.1430535465478897,-8.965087890625,0.6380547285079956
1443,77300.0,-8.881999969482422,-8.36400032043457,-19.63800048828125,77300.0,-0.5299255847930908,-0.4889976382255554,-0.2938261926174164,77300.0,1001.6900024414064,77300.0,-2.090307712554932,-0.3612833023071289,-0.19113099575042725,77300.0,2.1507613658905043,-9.497440338134766,1.158987045288086,77300.0,0.060453593730926514,-9.858723640441896,0.9678560495376588
1444,77400.0,-8.881999969482422,-6.2750000953674325,-19.63800048828125,77400.0,-0.7107416987419128,-0.09193521738052368,0.010995574295520779,77400.0,1001.6900024414064,77400.0,-2.090307712554932,-0.3612833023071289,-0.19113099575042725,77400.0,2.1507613658905043,-9.497440338134766,1.158987045288086,77400.0,0.060453593730926514,-9.858723640441896,0.9678560495376588
1445,77500.0,-8.881999969482422,-4.256999969482422,-19.63800048828125,77500.0,-0.7107416987419128,-0.09193521738052368,0.010995574295520779,77500.0,1001.760009765625,77500.0,-2.9444060325622563,0.024425506591796875,-0.6828951835632324,77500.0,2.429652690887451,-9.500676155090332,0.06578969210386276,77500.0,-0.5147533416748047,-9.476250648498537,-0.6171054840087891
1446,77600.0,-8.484999656677246,-3.92300009727478,-19.334999084472656,77600.0,-0.40164390206336975,-0.7586946487426758,-0.2018909603357315,77600.0,1001.760009765625,77600.0,-2.9444060325622563,0.024425506591796875,-0.6828951835632324,77600.0,2.429652690887451,-9.500676155090332,0.06578969210386276,77600.0,-0.5147533416748047,-9.476250648498537,-0.6171054840087891
1447,77700.0,-5.335000038146973,-3.615999937057495,-19.72100067138672,77700.0,0.013439035043120384,0.3481931984424591,-0.2733621895313263,77700.0,1001.7000122070312,77700.0,-2.43152117729187,-1.6248598098754885,-1.3827285766601565,77700.0,2.7319934368133545,-9.417198181152344,0.15151041746139526,77700.0,0.30047231912612915,-11.042057991027832,-1.2312182188034058
1448,77800.0,-3.0699999332427983,-3.219000101089477,-20.770000457763672,77800.0,0.013439035043120384,0.3481931984424591,-0.2733621895313263,77800.0,1001.7000122070312,77800.0,-0.7511525154113771,-1.3035621643066406,-2.0989136695861816,77800.0,2.9065325260162367,-9.265042304992676,1.3716747760772705,77800.0,2.1553800106048584,-10.568604469299316,-0.7272387742996216
1449,77900.0,-1.830999970436096,-3.219000101089477,-21.95400047302246,77900.0,0.475253164768219,1.0241155624389648,-0.2379320114850998,77900.0,1001.780029296875,77900.0,-0.7511525154113771,-1.3035621643066406,-2.0989136695861816,77900.0,2.9065325260162367,-9.265042304992676,1.3716747760772705,77900.0,2.1553800106048584,-10.568604469299316,-0.7272387742996216
1450,77500.0,-8.881999969482422,-4.256999969482422,-19.63800048828125,77500.0,-0.7107416987419128,-0.09193521738052368,0.010995574295520779,77500.0,1001.760009765625,77500.0,-2.9444060325622563,0.024425506591796875,-0.6828951835632324,77500.0,2.429652690887451,-9.500676155090332,0.06578969210386276,77500.0,-0.5147533416748047,-9.476250648498537,-0.6171054840087891
1451,77600.0,-8.484999656677246,-3.92300009727478,-19.334999084472656,77600.0,-0.40164390206336975,-0.7586946487426758,-0.2018909603357315,77600.0,1001.760009765625,77600.0,-2.9444060325622563,0.024425506591796875,-0.6828951835632324,77600.0,2.429652690887451,-9.500676155090332,0.06578969210386276,77600.0,-0.5147533416748047,-9.476250648498537,-0.6171054840087891
1452,77700.0,-5.335000038146973,-3.615999937057495,-19.72100067138672,77700.0,0.013439035043120384,0.3481931984424591,-0.2733621895313263,77700.0,1001.7000122070312,77700.0,-2.43152117729187,-1.6248598098754885,-1.3827285766601565,77700.0,2.7319934368133545,-9.417198181152344,0.15151041746139526,77700.0,0.30047231912612915,-11.042057991027832,-1.2312182188034058
1453,77800.0,-3.0699999332427983,-3.219000101089477,-20.770000457763672,77800.0,0.013439035043120384,0.3481931984424591,-0.2733621895313263,77800.0,1001.7000122070312,77800.0,-0.7511525154113771,-1.3035621643066406,-2.0989136695861816,77800.0,2.9065325260162367,-9.265042304992676,1.3716747760772705,77800.0,2.1553800106048584,-10.568604469299316,-0.7272387742996216
1454,77900.0,-1.830999970436096,-3.219000101089477,-21.95400047302246,77900.0,0.475253164768219,1.0241155624389648,-0.2379320114850998,77900.0,1001.780029296875,77900.0,-0.7511525154113771,-1.3035621643066406,-2.0989136695861816,77900.0,2.9065325260162367,-9.265042304992676,1.3716747760772705,77900.0,2.1553800106048584,-10.568604469299316,-0.7272387742996216
1455,78000.0,-0.16899999976158142,-8.503000259399414,-23.78899955749512,78000.0,0.475253164768219,1.0241155624389648,-0.2379320114850998,78000.0,1001.780029296875,78000.0,-1.9078558683395384,-0.2870635986328125,-3.39949107170105,78000.0,2.198152780532837,-8.916247367858887,3.440791130065918,78000.0,0.2902969419956207,-9.2033109664917,0.041299980133771896
1456,78100.0,1.837000012397766,-13.310999870300293,-24.886999130249023,78100.0,1.1380419731140137,0.5852088928222656,0.1869247704744339,78100.0,1001.72998046875,78100.0,-1.9078558683395384,-0.2870635986328125,-3.39949107170105,78100.0,2.198152780532837,-8.916247367858887,3.440791130065918,78100.0,0.2902969419956207,-9.2033109664917,0.041299980133771896
1457,78200.0,1.837000012397766,-16.19700050354004,-25.20100021362305,78200.0,1.1380419731140137,0.5852088928222656,0.1869247704744339,78200.0,1001.780029296875,78200.0,2.162006378173828,0.01026630401611328,-2.1790332794189453,78200.0,0.026892537251114845,-8.45281982421875,4.971869468688965,78200.0,2.1888988018035893,-8.442553520202638,2.7928361892700195
1458,78300.0,2.276000022888184,-19.863000869750977,-25.94700050354004,78300.0,0.8616254329681396,1.2916746139526367,0.7550294399261475,78300.0,1001.780029296875,78300.0,2.162006378173828,0.01026630401611328,-2.1790332794189453,78300.0,0.026892537251114845,-8.45281982421875,4.971869468688965,78300.0,2.1888988018035893,-8.442553520202638,2.7928361892700195
1459,78400.0,0.8140000104904175,-23.7450008392334,-25.94700050354004,78400.0,0.8616254329681396,1.2916746139526367,0.7550294399261475,78400.0,1001.72998046875,78400.0,1.128018140792847,-0.7126126289367676,-2.7570126056671143,78400.0,-1.7475178241729736,-7.229552745819093,6.391410827636719,78400.0,-0.6194996833801271,-7.942165374755857,3.634398221969605
1460,78000.0,-0.16899999976158142,-8.503000259399414,-23.78899955749512,78000.0,0.475253164768219,1.0241155624389648,-0.2379320114850998,78000.0,1001.780029296875,78000.0,-1.9078558683395384,-0.2870635986328125,-3.39949107170105,78000.0,2.198152780532837,-8.916247367858887,3.440791130065918,78000.0,0.2902969419956207,-9.2033109664917,0.041299980133771896
1461,78100.0,1.837000012397766,-13.310999870300293,-24.886999130249023,78100.0,1.1380419731140137,0.5852088928222656,0.1869247704744339,78100.0,1001.72998046875,78100.0,-1.9078558683395384,-0.2870635986328125,-3.39949107170105,78100.0,2.198152780532837,-8.916247367858887,3.440791130065918,78100.0,0.2902969419956207,-9.2033109664917,0.041299980133771896
1462,78200.0,1.837000012397766,-16.19700050354004,-25.20100021362305,78200.0,1.1380419731140137,0.5852088928222656,0.1869247704744339,78200.0,1001.780029296875,78200.0,2.162006378173828,0.01026630401611328,-2.1790332794189453,78200.0,0.026892537251114845,-8.45281982421875,4.971869468688965,78200.0,2.1888988018035893,-8.442553520202638,2.7928361892700195
1463,78300.0,2.276000022888184,-19.863000869750977,-25.94700050354004,78300.0,0.8616254329681396,1.2916746139526367,0.7550294399261475,78300.0,1001.780029296875,78300.0,2.162006378173828,0.01026630401611328,-2.1790332794189453,78300.0,0.026892537251114845,-8.45281982421875,4.971869468688965,78300.0,2.1888988018035893,-8.442553520202638,2.7928361892700195
1464,78400.0,0.8140000104904175,-23.7450008392334,-25.94700050354004,78400.0,0.8616254329681396,1.2916746139526367,0.7550294399261475,78400.0,1001.72998046875,78400.0,1.128018140792847,-0.7126126289367676,-2.7570126056671143,78400.0,-1.7475178241729736,-7.229552745819093,6.391410827636719,78400.0,-0.6194996833801271,-7.942165374755857,3.634398221969605
1465,78500.0,-4.39300012588501,-26.15500068664551,-23.270999908447266,78500.0,1.07298481464386,0.303600013256073,0.9770789742469788,78500.0,1001.72998046875,78500.0,1.128018140792847,-0.7126126289367676,-2.7570126056671143,78500.0,-1.7475178241729736,-7.229552745819093,6.391410827636719,78500.0,-0.6194996833801271,-7.942165374755857,3.634398221969605
1466,78600.0,-6.985000133514402,-26.832000732421875,-21.5310001373291,78600.0,0.3289509415626526,-0.9001099467277527,0.4486805200576782,78600.0,1001.5700073242188,78600.0,0.2513892650604248,0.5162272453308105,-2.683675765991211,78600.0,-1.2509684562683103,-6.763896465301514,6.989647388458253,78600.0,-0.9995791912078856,-6.247669219970702,4.305971622467041
1467,78700.0,-8.604999542236326,-25.82500076293945,-22.343000411987305,78700.0,0.3289509415626526,-0.9001099467277527,0.4486805200576782,78700.0,1001.5700073242188,78700.0,-1.9091880321502688,-0.9584360122680664,0.015070915222167969,78700.0,-0.9267440438270568,-8.002462387084961,5.592149257659912,78700.0,-2.8359320163726807,-8.960898399353027,5.60722017288208
1468,78800.0,-9.131999969482422,-25.82500076293945,-22.343000411987305,78800.0,-1.05404794216156,-0.6493497490882874,0.2217440903186798,78800.0,1001.6400146484376,78800.0,-1.9091880321502688,-0.9584360122680664,0.015070915222167969,78800.0,-0.9267440438270568,-8.002462387084961,5.592149257659912,78800.0,-2.8359320163726807,-8.960898399353027,5.60722017288208
1469,78900.0,-8.656999588012695,-22.229000091552734,-25.729999542236328,78900.0,-1.05404794216156,-0.6493497490882874,0.2217440903186798,78900.0,1001.6400146484376,78900.0,-0.3864986002445221,-1.7766103744506836,-1.3069260120391846,78900.0,0.44395944476127625,-9.13436508178711,3.5407161712646484,78900.0,0.05746084079146385,-10.910975456237793,2.233790159225464
1470,78500.0,-4.39300012588501,-26.15500068664551,-23.270999908447266,78500.0,1.07298481464386,0.303600013256073,0.9770789742469788,78500.0,1001.72998046875,78500.0,1.128018140792847,-0.7126126289367676,-2.7570126056671143,78500.0,-1.7475178241729736,-7.229552745819093,6.391410827636719,78500.0,-0.6194996833801271,-7.942165374755857,3.634398221969605
1471,78600.0,-6.985000133514402,-26.832000732421875,-21.5310001373291,78600.0,0.3289509415626526,-0.9001099467277527,0.4486805200576782,78600.0,1001.5700073242188,78600.0,0.2513892650604248,0.5162272453308105,-2.683675765991211,78600.0,-1.2509684562683103,-6.763896465301514,6.989647388458253,78600.0,-0.9995791912078856,-6.247669219970702,4.305971622467041
1472,78700.0,-8.604999542236326,-25.82500076293945,-22.343000411987305,78700.0,0.3289509415626526,-0.9001099467277527,0.4486805200576782,78700.0,1001.5700073242188,78700.0,-1.9091880321502688,-0.9584360122680664,0.015070915222167969,78700.0,-0.9267440438270568,-8.002462387084961,5.592149257659912,78700.0,-2.8359320163726807,-8.960898399353027,5.60722017288208
1473,78800.0,-9.131999969482422,-25.82500076293945,-22.343000411987305,78800.0,-1.05404794216156,-0.6493497490882874,0.2217440903186798,78800.0,1001.6400146484376,78800.0,-1.9091880321502688,-0.9584360122680664,0.015070915222167969,78800.0,-0.9267440438270568,-8.002462387084961,5.592149257659912,78800.0,-2.8359320163726807,-8.960898399353027,5.60722017288208
1474,78900.0,-8.656999588012695,-22.229000091552734,-25.729999542236328,78900.0,-1.05404794216156,-0.6493497490882874,0.2217440903186798,78900.0,1001.6400146484376,78900.0,-0.3864986002445221,-1.7766103744506836,-1.3069260120391846,78900.0,0.44395944476127625,-9.13436508178711,3.5407161712646484,78900.0,0.05746084079146385,-10.910975456237793,2.233790159225464
1475,79000.0,-8.656999588012695,-18.4689998626709,-28.64800071716309,79000.0,-1.187827467918396,-0.4615086913108826,-0.6178901791572571,79000.0,1001.6799926757812,79000.0,-0.3864986002445221,-1.7766103744506836,-1.3069260120391846,79000.0,0.44395944476127625,-9.13436508178711,3.5407161712646484,79000.0,0.05746084079146385,-10.910975456237793,2.233790159225464
1476,79100.0,-8.656999588012695,-17.193000793457028,-28.64800071716309,79100.0,-1.187827467918396,-0.4615086913108826,-0.6178901791572571,79100.0,1001.75,79100.0,-0.5612741708755493,0.16965675354003906,-0.9643530845642092,79100.0,0.7695697546005249,-9.39750862121582,2.6953608989715576,79100.0,0.2082955539226532,-9.22785186767578,1.7310078144073486
1477,79200.0,-8.656999588012695,-14.392000198364258,-29.559999465942386,79200.0,-0.4523457288742066,0.4150829315185547,-0.3582724630832672,79200.0,1001.75,79200.0,-0.5612741708755493,0.16965675354003906,-0.9643530845642092,79200.0,0.7695697546005249,-9.39750862121582,2.6953608989715576,79200.0,0.2082955539226532,-9.22785186767578,1.7310078144073486
1478,79300.0,-8.656999588012695,-12.28600025177002,-29.559999465942386,79300.0,-0.4523457288742066,0.4150829315185547,-0.3582724630832672,79300.0,1001.72998046875,79300.0,-0.3266862630844116,-0.15392398834228516,-1.3560996055603027,79300.0,1.3741495609283447,-9.593469619750977,1.4991531372070312,79300.0,1.0474632978439329,-9.747393608093262,0.1430535465478897
1479,79400.0,-9.854999542236328,-9.074000358581543,-29.908000946044922,79400.0,-0.4905247986316681,-1.1246029138565063,-0.1319468915462494,79400.0,1001.72998046875,79400.0,-0.3266862630844116,-0.15392398834228516,-1.3560996055603027,79400.0,1.3741495609283447,-9.593469619750977,1.4991531372070312,79400.0,1.0474632978439329,-9.747393608093262,0.1430535465478897
1480,79000.0,-8.656999588012695,-18.4689998626709,-28.64800071716309,79000.0,-1.187827467918396,-0.4615086913108826,-0.6178901791572571,79000.0,1001.6799926757812,79000.0,-0.3864986002445221,-1.7766103744506836,-1.3069260120391846,79000.0,0.44395944476127625,-9.13436508178711,3.5407161712646484,79000.0,0.05746084079146385,-10.910975456237793,2.233790159225464
1481,79100.0,-8.656999588012695,-17.193000793457028,-28.64800071716309,79100.0,-1.187827467918396,-0.4615086913108826,-0.6178901791572571,79100.0,1001.75,79100.0,-0.5612741708755493,0.16965675354003906,-0.9643530845642092,79100.0,0.7695697546005249,-9.39750862121582,2.6953608989715576,79100.0,0.2082955539226532,-9.22785186767578,1.7310078144073486
1482,79200.0,-8.656999588012695,-14.392000198364258,-29.559999465942386,79200.0,-0.4523457288742066,0.4150829315185547,-0.3582724630832672,79200.0,1001.75,79200.0,-0.5612741708755493,0.16965675354003906,-0.9643530845642092,79200.0,0.7695697546005249,-9.39750862121582,2.6953608989715576,79200.0,0.2082955539226532,-9.22785186767578,1.7310078144073486
1483,79300.0,-8.656999588012695,-12.28600025177002,-29.559999465942386,79300.0,-0.4523457288742066,0.4150829315185547,-0.3582724630832672,79300.0,1001.72998046875,79300.0,-0.3266862630844116,-0.15392398834228516,-1.3560996055603027,79300.0,1.3741495609283447,-9.593469619750977,1.4991531372070312,79300.0,1.0474632978439329,-9.747393608093262,0.1430535465478897
1484,79400.0,-9.854999542236328,-9.074000358581543,-29.908000946044922,79400.0,-0.4905247986316681,-1.1246029138565063,-0.1319468915462494,79400.0,1001.72998046875,79400.0,-0.3266862630844116,-0.15392398834228516,-1.3560996055603027,79400.0,1.3741495609283447,-9.593469619750977,1.4991531372070312,79400.0,1.0474632978439329,-9.747393608093262,0.1430535465478897
1485,79500.0,-9.854999542236328,-6.651999950408936,-30.23200035095215,79500.0,-0.5546656250953674,-0.6713408827781677,0.126143679022789,79500.0,1001.760009765625,79500.0,-0.3648751378059387,0.3211164474487305,0.01456338167190552,79500.0,1.1890790462493896,-9.730927467346193,0.2559814155101776,79500.0,0.8242039084434509,-9.409811019897461,0.27054479718208313
1486,79600.0,-6.494999885559082,-6.348999977111816,-30.23200035095215,79600.0,-0.5546656250953674,-0.6713408827781677,0.126143679022789,79600.0,1001.760009765625,79600.0,-0.3648751378059387,0.3211164474487305,0.01456338167190552,79600.0,1.1890790462493896,-9.730927467346193,0.2559814155101776,79600.0,0.8242039084434509,-9.409811019897461,0.27054479718208313
1487,79700.0,-1.7239999771118164,-6.348999977111816,-30.23200035095215,79700.0,-0.025961773470044136,0.5937610268592834,-0.3756821155548096,79700.0,1001.719970703125,79700.0,-1.5120307207107544,-0.9310846328735352,-1.2361533641815186,79700.0,1.7215234041213991,-9.651287078857422,0.2437567412853241,79700.0,0.2094926536083221,-10.582371711730957,-0.992396593093872
1488,79800.0,-0.16099999845027926,-6.348999977111816,-30.5629997253418,79800.0,-0.025961773470044136,0.5937610268592834,-0.3756821155548096,79800.0,1001.719970703125,79800.0,-2.1730165481567383,-2.7981958389282227,-2.5387351512908936,79800.0,2.311880350112915,-9.488847732543944,0.8873346447944641,79800.0,0.1388636976480484,-12.287043571472168,-1.6514005661010742
1489,79900.0,-0.5109999775886536,-5.9790000915527335,-31.26300048828125,79900.0,0.2785545587539673,0.9266825914382936,-0.4923573732376098,79900.0,1001.6900024414064,79900.0,-2.1730165481567383,-2.7981958389282227,-2.5387351512908936,79900.0,2.311880350112915,-9.488847732543944,0.8873346447944641,79900.0,0.1388636976480484,-12.287043571472168,-1.6514005661010742
1490,79500.0,-9.854999542236328,-6.651999950408936,-30.23200035095215,79500.0,-0.5546656250953674,-0.6713408827781677,0.126143679022789,79500.0,1001.760009765625,79500.0,-0.3648751378059387,0.3211164474487305,0.01456338167190552,79500.0,1.1890790462493896,-9.730927467346193,0.2559814155101776,79500.0,0.8242039084434509,-9.409811019897461,0.27054479718208313
1491,79600.0,-6.494999885559082,-6.348999977111816,-30.23200035095215,79600.0,-0.5546656250953674,-0.6713408827781677,0.126143679022789,79600.0,1001.760009765625,79600.0,-0.3648751378059387,0.3211164474487305,0.01456338167190552,79600.0,1.1890790462493896,-9.730927467346193,0.2559814155101776,79600.0,0.8242039084434509,-9.409811019897461,0.27054479718208313
1492,79700.0,-1.7239999771118164,-6.348999977111816,-30.23200035095215,79700.0,-0.025961773470044136,0.5937610268592834,-0.3756821155548096,79700.0,1001.719970703125,79700.0,-1.5120307207107544,-0.9310846328735352,-1.2361533641815186,79700.0,1.7215234041213991,-9.651287078857422,0.2437567412853241,79700.0,0.2094926536083221,-10.582371711730957,-0.992396593093872
1493,79800.0,-0.16099999845027926,-6.348999977111816,-30.5629997253418,79800.0,-0.025961773470044136,0.5937610268592834,-0.3756821155548096,79800.0,1001.719970703125,79800.0,-2.1730165481567383,-2.7981958389282227,-2.5387351512908936,79800.0,2.311880350112915,-9.488847732543944,0.8873346447944641,79800.0,0.1388636976480484,-12.287043571472168,-1.6514005661010742
1494,79900.0,-0.5109999775886536,-5.9790000915527335,-31.26300048828125,79900.0,0.2785545587539673,0.9266825914382936,-0.4923573732376098,79900.0,1001.6900024414064,79900.0,-2.1730165481567383,-2.7981958389282227,-2.5387351512908936,79900.0,2.311880350112915,-9.488847732543944,0.8873346447944641,79900.0,0.1388636976480484,-12.287043571472168,-1.6514005661010742
1495,80000.0,-0.8429999947547913,-10.781000137329102,-31.617000579833984,80000.0,0.2785545587539673,0.9266825914382936,-0.4923573732376098,80000.0,1001.7000122070312,80000.0,-1.895017147064209,-1.0172157287597656,-1.075617790222168,80000.0,2.382237195968628,-8.985160827636719,3.1244559288024902,80000.0,0.487220048904419,-10.002376556396484,2.0488381385803223
1496,80100.0,0.31200000643730164,-17.465999603271484,-32.39500045776367,80100.0,1.227839112281799,0.475253164768219,-0.2391537427902221,80100.0,1001.7000122070312,80100.0,-1.895017147064209,-1.0172157287597656,-1.075617790222168,80100.0,2.382237195968628,-8.985160827636719,3.1244559288024902,80100.0,0.487220048904419,-10.002376556396484,2.0488381385803223
1497,80200.0,0.9900000095367432,-21.43199920654297,-32.70800018310547,80200.0,1.227839112281799,0.475253164768219,-0.2391537427902221,80200.0,1001.6500244140624,80200.0,1.53392231464386,-0.052308082580566406,-0.3277108669281006,80200.0,0.4173520803451538,-8.96724796295166,3.9477438926696777,80200.0,1.9512743949890137,-9.019556045532227,3.6200330257415767
1498,80300.0,1.2920000553131104,-25.59900093078613,-32.70800018310547,80300.0,0.4761694669723511,0.4150829315185547,1.009149432182312,80300.0,1001.6500244140624,80300.0,1.53392231464386,-0.052308082580566406,-0.3277108669281006,80300.0,0.4173520803451538,-8.96724796295166,3.9477438926696777,80300.0,1.9512743949890137,-9.019556045532227,3.6200330257415767
1499,80400.0,-3.4210000038146973,-30.17099952697754,-29.92200088500977,80400.0,1.1762210130691528,0.26603180170059204,1.3597860336303709,80400.0,1001.5900268554688,80400.0,1.8085689544677728,-0.6961727142333984,-2.879689693450928,80400.0,-1.9420456886291504,-7.8092288970947275,5.604889869689941,80400.0,-0.13347674906253815,-8.505401611328125,2.7252001762390137
1500,80000.0,-0.8429999947547913,-10.781000137329102,-31.617000579833984,80000.0,0.2785545587539673,0.9266825914382936,-0.4923573732376098,80000.0,1001.7000122070312,80000.0,-1.895017147064209,-1.0172157287597656,-1.075617790222168,80000.0,2.382237195968628,-8.985160827636719,3.1244559288024902,80000.0,0.487220048904419,-10.002376556396484,2.0488381385803223
1501,80100.0,0.31200000643730164,-17.465999603271484,-32.39500045776367,80100.0,1.227839112281799,0.475253164768219,-0.2391537427902221,80100.0,1001.7000122070312,80100.0,-1.895017147064209,-1.0172157287597656,-1.075617790222168,80100.0,2.382237195968628,-8.985160827636719,3.1244559288024902,80100.0,0.487220048904419,-10.002376556396484,2.0488381385803223
1502,80200.0,0.9900000095367432,-21.43199920654297,-32.70800018310547,80200.0,1.227839112281799,0.475253164768219,-0.2391537427902221,80200.0,1001.6500244140624,80200.0,1.53392231464386,-0.052308082580566406,-0.3277108669281006,80200.0,0.4173520803451538,-8.96724796295166,3.9477438926696777,80200.0,1.9512743949890137,-9.019556045532227,3.6200330257415767
1503,80300.0,1.2920000553131104,-25.59900093078613,-32.70800018310547,80300.0,0.4761694669723511,0.4150829315185547,1.009149432182312,80300.0,1001.6500244140624,80300.0,1.53392231464386,-0.052308082580566406,-0.3277108669281006,80300.0,0.4173520803451538,-8.96724796295166,3.9477438926696777,80300.0,1.9512743949890137,-9.019556045532227,3.6200330257415767
1504,80400.0,-3.4210000038146973,-30.17099952697754,-29.92200088500977,80400.0,1.1762210130691528,0.26603180170059204,1.3597860336303709,80400.0,1001.5900268554688,80400.0,1.8085689544677728,-0.6961727142333984,-2.879689693450928,80400.0,-1.9420456886291504,-7.8092288970947275,5.604889869689941,80400.0,-0.13347674906253815,-8.505401611328125,2.7252001762390137
1505,80500.0,-9.652000427246094,-31.68099975585937,-26.32099914550781,80500.0,1.1762210130691528,0.26603180170059204,1.3597860336303709,80500.0,1001.5900268554688,80500.0,1.8085689544677728,-0.6961727142333984,-2.879689693450928,80500.0,-1.9420456886291504,-7.8092288970947275,5.604889869689941,80500.0,-0.13347674906253815,-8.505401611328125,2.7252001762390137
1506,80600.0,-12.508999824523926,-32.136001586914055,-27.60400009155273,80600.0,0.4630358517169952,-0.7156286239624023,0.41813725233078,80600.0,1001.5900268554688,80600.0,0.5161929130554199,2.013835430145264,-2.0380663871765137,80600.0,-1.7623748779296875,-7.192493915557861,6.429032325744629,80600.0,-1.2461819648742676,-5.178658485412598,4.390965938568115
1507,80700.0,-12.81999969482422,-30.875999450683594,-28.44300079345703,80700.0,0.4630358517169952,-0.7156286239624023,0.41813725233078,80700.0,1001.5900268554688,80700.0,-1.4674780368804932,0.2477831840515137,1.6758389472961426,80700.0,-1.5743551254272459,-8.010383605957031,5.4337430000305185,80700.0,-3.0418331623077406,-7.762600421905518,7.10958194732666
1508,80800.0,-11.753000259399414,-30.208999633789066,-30.98900032043457,80800.0,-0.8268061280250549,-0.5787948369979858,0.23457226157188416,80800.0,1001.5900268554688,80800.0,-1.4674780368804932,0.2477831840515137,1.6758389472961426,80800.0,-1.5743551254272459,-8.010383605957031,5.4337430000305185,80800.0,-3.0418331623077406,-7.762600421905518,7.10958194732666
1509,80900.0,-11.196000099182127,-25.42499923706055,-35.88399887084961,80900.0,-0.8268061280250549,-0.5787948369979858,0.23457226157188416,80900.0,1001.6699829101564,80900.0,0.17419695854187012,-0.38480281829833984,-1.50087571144104,80900.0,0.12986665964126587,-9.238691329956056,3.2863516807556152,80900.0,0.304063618183136,-9.623494148254396,1.7854759693145752
1510,80500.0,-9.652000427246094,-31.68099975585937,-26.32099914550781,80500.0,1.1762210130691528,0.26603180170059204,1.3597860336303709,80500.0,1001.5900268554688,80500.0,1.8085689544677728,-0.6961727142333984,-2.879689693450928,80500.0,-1.9420456886291504,-7.8092288970947275,5.604889869689941,80500.0,-0.13347674906253815,-8.505401611328125,2.7252001762390137
1511,80600.0,-12.508999824523926,-32.136001586914055,-27.60400009155273,80600.0,0.4630358517169952,-0.7156286239624023,0.41813725233078,80600.0,1001.5900268554688,80600.0,0.5161929130554199,2.013835430145264,-2.0380663871765137,80600.0,-1.7623748779296875,-7.192493915557861,6.429032325744629,80600.0,-1.2461819648742676,-5.178658485412598,4.390965938568115
1512,80700.0,-12.81999969482422,-30.875999450683594,-28.44300079345703,80700.0,0.4630358517169952,-0.7156286239624023,0.41813725233078,80700.0,1001.5900268554688,80700.0,-1.4674780368804932,0.2477831840515137,1.6758389472961426,80700.0,-1.5743551254272459,-8.010383605957031,5.4337430000305185,80700.0,-3.0418331623077406,-7.762600421905518,7.10958194732666
1513,80800.0,-11.753000259399414,-30.208999633789066,-30.98900032043457,80800.0,-0.8268061280250549,-0.5787948369979858,0.23457226157188416,80800.0,1001.5900268554688,80800.0,-1.4674780368804932,0.2477831840515137,1.6758389472961426,80800.0,-1.5743551254272459,-8.010383605957031,5.4337430000305185,80800.0,-3.0418331623077406,-7.762600421905518,7.10958194732666
1514,80900.0,-11.196000099182127,-25.42499923706055,-35.88399887084961,80900.0,-0.8268061280250549,-0.5787948369979858,0.23457226157188416,80900.0,1001.6699829101564,80900.0,0.17419695854187012,-0.38480281829833984,-1.50087571144104,80900.0,0.12986665964126587,-9.238691329956056,3.2863516807556152,80900.0,0.304063618183136,-9.623494148254396,1.7854759693145752
1515,81000.0,-4.833000183105469,-21.06399917602539,-37.28900146484375,81000.0,-1.2678507566452026,-0.3417791128158569,-0.8625417351722717,81000.0,1001.6699829101564,81000.0,0.17419695854187012,-0.38480281829833984,-1.50087571144104,81000.0,0.12986665964126587,-9.238691329956056,3.2863516807556152,81000.0,0.304063618183136,-9.623494148254396,1.7854759693145752
1516,81100.0,-3.4449999332427983,-19.499000549316406,-37.54399871826172,81100.0,-1.2678507566452026,-0.3417791128158569,-0.8625417351722717,81100.0,1001.6500244140624,81100.0,-1.9706616401672363,-0.7432022094726562,-2.1054916381835938,81100.0,1.2769417762756348,-9.222064018249512,3.0811288356781006,81100.0,-0.6937199234962463,-9.965266227722168,0.9756371974945068
1517,81200.0,-3.1110000610351562,-16.788999557495114,-38.053001403808594,81200.0,-0.03634648025035858,0.0916297882795334,-0.7651087045669556,81200.0,1001.6500244140624,81200.0,-1.9706616401672363,-0.7432022094726562,-2.1054916381835938,81200.0,1.2769417762756348,-9.222064018249512,3.0811288356781006,81200.0,-0.6937199234962463,-9.965266227722168,0.9756371974945068
1518,81300.0,-4.431000232696533,-14.848999977111815,-38.00299835205078,81300.0,-0.4053090810775757,-0.2733621895313263,-0.008857546374201775,81300.0,1001.6500244140624,81300.0,-1.4724814891815186,0.7669029235839844,-2.589298248291016,81300.0,1.3210482597351074,-9.47042465209961,2.1762983798980717,81300.0,-0.15143325924873352,-8.703521728515625,-0.4129997789859772
1519,81400.0,-3.921000003814697,-11.520000457763672,-38.7869987487793,81400.0,-0.4053090810775757,-0.2733621895313263,-0.008857546374201775,81400.0,1001.6500244140624,81400.0,-1.4724814891815186,0.7669029235839844,-2.589298248291016,81400.0,1.3210482597351074,-9.47042465209961,2.1762983798980717,81400.0,-0.15143325924873352,-8.703521728515625,-0.4129997789859772
1520,81000.0,-4.833000183105469,-21.06399917602539,-37.28900146484375,81000.0,-1.2678507566452026,-0.3417791128158569,-0.8625417351722717,81000.0,1001.6699829101564,81000.0,0.17419695854187012,-0.38480281829833984,-1.50087571144104,81000.0,0.12986665964126587,-9.238691329956056,3.2863516807556152,81000.0,0.304063618183136,-9.623494148254396,1.7854759693145752
1521,81100.0,-3.4449999332427983,-19.499000549316406,-37.54399871826172,81100.0,-1.2678507566452026,-0.3417791128158569,-0.8625417351722717,81100.0,1001.6500244140624,81100.0,-1.9706616401672363,-0.7432022094726562,-2.1054916381835938,81100.0,1.2769417762756348,-9.222064018249512,3.0811288356781006,81100.0,-0.6937199234962463,-9.965266227722168,0.9756371974945068
1522,81200.0,-3.1110000610351562,-16.788999557495114,-38.053001403808594,81200.0,-0.03634648025035858,0.0916297882795334,-0.7651087045669556,81200.0,1001.6500244140624,81200.0,-1.9706616401672363,-0.7432022094726562,-2.1054916381835938,81200.0,1.2769417762756348,-9.222064018249512,3.0811288356781006,81200.0,-0.6937199234962463,-9.965266227722168,0.9756371974945068
1523,81300.0,-4.431000232696533,-14.848999977111815,-38.00299835205078,81300.0,-0.4053090810775757,-0.2733621895313263,-0.008857546374201775,81300.0,1001.6500244140624,81300.0,-1.4724814891815186,0.7669029235839844,-2.589298248291016,81300.0,1.3210482597351074,-9.47042465209961,2.1762983798980717,81300.0,-0.15143325924873352,-8.703521728515625,-0.4129997789859772
1524,81400.0,-3.921000003814697,-11.520000457763672,-38.7869987487793,81400.0,-0.4053090810775757,-0.2733621895313263,-0.008857546374201775,81400.0,1001.6500244140624,81400.0,-1.4724814891815186,0.7669029235839844,-2.589298248291016,81400.0,1.3210482597351074,-9.47042465209961,2.1762983798980717,81400.0,-0.15143325924873352,-8.703521728515625,-0.4129997789859772
1525,81500.0,-4.361999988555908,-8.470000267028809,-39.0989990234375,81500.0,-0.6606507897377014,-0.5277875661849976,0.048258353024721146,81500.0,1001.6500244140624,81500.0,-1.4614820480346682,0.09447860717773438,-1.4768465757369995,81500.0,1.251390814781189,-9.699417114257812,0.7250672578811646,81500.0,-0.21009120345115664,-9.604938507080078,-0.751779317855835
1526,81600.0,-1.6150000095367432,-7.557000160217285,-39.41799926757813,81600.0,-0.6606507897377014,-0.5277875661849976,0.048258353024721146,81600.0,1001.6500244140624,81600.0,-1.107020378112793,-0.6219930648803711,-1.4065660238265991,81600.0,1.7516592741012569,-9.627584457397461,0.6416186094284058,81600.0,0.6446388363838196,-10.249577522277832,-0.7649474143981934
1527,81700.0,4.540999889373778,-7.557000160217285,-39.75,81700.0,-0.03878994286060333,0.4676173329353333,-0.3656028509140015,81700.0,1001.6300048828124,81700.0,-1.107020378112793,-0.6219930648803711,-1.4065660238265991,81700.0,1.7516592741012569,-9.627584457397461,0.6416186094284058,81700.0,0.6446388363838196,-10.249577522277832,-0.7649474143981934
1528,81800.0,6.578999996185303,-7.557000160217285,-39.75,81800.0,-0.03878994286060333,0.4676173329353333,-0.3656028509140015,81800.0,1001.5900268554688,81800.0,-0.7344082593917847,-2.400830268859864,-0.23426347970962524,81800.0,2.0871322154998784,-9.546236038208008,0.8268284201622009,81800.0,1.3527239561080933,-11.947066307067873,0.5925649404525757
1529,81900.0,7.547999858856201,-10.06700038909912,-40.39699935913086,81900.0,0.02535090781748295,0.694248378276825,-0.31520646810531616,81900.0,1001.5900268554688,81900.0,-0.7344082593917847,-2.400830268859864,-0.23426347970962524,81900.0,2.0871322154998784,-9.546236038208008,0.8268284201622009,81900.0,1.3527239561080933,-11.947066307067873,0.5925649404525757
1530,81500.0,-4.361999988555908,-8.470000267028809,-39.0989990234375,81500.0,-0.6606507897377014,-0.5277875661849976,0.048258353024721146,81500.0,1001.6500244140624,81500.0,-1.4614820480346682,0.09447860717773438,-1.4768465757369995,81500.0,1.251390814781189,-9.699417114257812,0.7250672578811646,81500.0,-0.21009120345115664,-9.604938507080078,-0.751779317855835
1531,81600.0,-1.6150000095367432,-7.557000160217285,-39.41799926757813,81600.0,-0.6606507897377014,-0.5277875661849976,0.048258353024721146,81600.0,1001.6500244140624,81600.0,-1.107020378112793,-0.6219930648803711,-1.4065660238265991,81600.0,1.7516592741012569,-9.627584457397461,0.6416186094284058,81600.0,0.6446388363838196,-10.249577522277832,-0.7649474143981934
1532,81700.0,4.540999889373778,-7.557000160217285,-39.75,81700.0,-0.03878994286060333,0.4676173329353333,-0.3656028509140015,81700.0,1001.6300048828124,81700.0,-1.107020378112793,-0.6219930648803711,-1.4065660238265991,81700.0,1.7516592741012569,-9.627584457397461,0.6416186094284058,81700.0,0.6446388363838196,-10.249577522277832,-0.7649474143981934
1533,81800.0,6.578999996185303,-7.557000160217285,-39.75,81800.0,-0.03878994286060333,0.4676173329353333,-0.3656028509140015,81800.0,1001.5900268554688,81800.0,-0.7344082593917847,-2.400830268859864,-0.23426347970962524,81800.0,2.0871322154998784,-9.546236038208008,0.8268284201622009,81800.0,1.3527239561080933,-11.947066307067873,0.5925649404525757
1534,81900.0,7.547999858856201,-10.06700038909912,-40.39699935913086,81900.0,0.02535090781748295,0.694248378276825,-0.31520646810531616,81900.0,1001.5900268554688,81900.0,-0.7344082593917847,-2.400830268859864,-0.23426347970962524,81900.0,2.0871322154998784,-9.546236038208008,0.8268284201622009,81900.0,1.3527239561080933,-11.947066307067873,0.5925649404525757
1535,82000.0,9.473999977111816,-18.756000518798828,-40.78499984741211,82000.0,0.02535090781748295,0.694248378276825,-0.31520646810531616,82000.0,1001.6300048828124,82000.0,-2.978154182434082,-1.0156135559082031,-2.437887191772461,82000.0,1.91752290725708,-8.8820161819458,3.68825888633728,82000.0,-1.0606313943862915,-9.897629737854004,1.2503718137741089
1536,82100.0,10.35099983215332,-25.55299949645996,-41.15700149536133,82100.0,1.7287486791610718,0.011911871843039993,-0.0455094613134861,82100.0,1001.6300048828124,82100.0,-2.978154182434082,-1.0156135559082031,-2.437887191772461,82100.0,1.91752290725708,-8.8820161819458,3.68825888633728,82100.0,-1.0606313943862915,-9.897629737854004,1.2503718137741089
1537,82200.0,9.380999565124512,-33.138999938964844,-41.45899963378906,82200.0,1.0977247953414917,0.6542366743087769,1.151481032371521,82200.0,1001.5700073242188,82200.0,2.4874603748321533,-0.961505889892578,-3.8143489360809326,82200.0,-0.40869465470314026,-8.2286376953125,5.319104671478272,82200.0,2.078765630722046,-9.190143585205078,1.5047557353973389
1538,82300.0,4.196000099182129,-39.88800048828125,-37.54499816894531,82300.0,1.0977247953414917,0.6542366743087769,1.151481032371521,82300.0,1001.5700073242188,82300.0,2.4874603748321533,-0.961505889892578,-3.8143489360809326,82300.0,-0.40869465470314026,-8.2286376953125,5.319104671478272,82300.0,2.078765630722046,-9.190143585205078,1.5047557353973389
1539,82400.0,-2.4579999446868896,-43.6609992980957,-32.80099868774414,82400.0,1.2678507566452026,-0.2480112910270691,1.003040790557861,82400.0,1001.5700073242188,82400.0,1.4587842226028442,-0.8710927963256836,-3.409075260162353,82400.0,-1.5126537084579468,-6.722716331481934,6.977632999420166,82400.0,-0.05386953800916672,-7.593809127807617,3.5685577392578125
1540,82000.0,9.473999977111816,-18.756000518798828,-40.78499984741211,82000.0,0.02535090781748295,0.694248378276825,-0.31520646810531616,82000.0,1001.6300048828124,82000.0,-2.978154182434082,-1.0156135559082031,-2.437887191772461,82000.0,1.91752290725708,-8.8820161819458,3.68825888633728,82000.0,-1.0606313943862915,-9.897629737854004,1.2503718137741089
1541,82100.0,10.35099983215332,-25.55299949645996,-41.15700149536133,82100.0,1.7287486791610718,0.011911871843039993,-0.0455094613134861,82100.0,1001.6300048828124,82100.0,-2.978154182434082,-1.0156135559082031,-2.437887191772461,82100.0,1.91752290725708,-8.8820161819458,3.68825888633728,82100.0,-1.0606313943862915,-9.897629737854004,1.2503718137741089
1542,82200.0,9.380999565124512,-33.138999938964844,-41.45899963378906,82200.0,1.0977247953414917,0.6542366743087769,1.151481032371521,82200.0,1001.5700073242188,82200.0,2.4874603748321533,-0.961505889892578,-3.8143489360809326,82200.0,-0.40869465470314026,-8.2286376953125,5.319104671478272,82200.0,2.078765630722046,-9.190143585205078,1.5047557353973389
1543,82300.0,4.196000099182129,-39.88800048828125,-37.54499816894531,82300.0,1.0977247953414917,0.6542366743087769,1.151481032371521,82300.0,1001.5700073242188,82300.0,2.4874603748321533,-0.961505889892578,-3.8143489360809326,82300.0,-0.40869465470314026,-8.2286376953125,5.319104671478272,82300.0,2.078765630722046,-9.190143585205078,1.5047557353973389
1544,82400.0,-2.4579999446868896,-43.6609992980957,-32.80099868774414,82400.0,1.2678507566452026,-0.2480112910270691,1.003040790557861,82400.0,1001.5700073242188,82400.0,1.4587842226028442,-0.8710927963256836,-3.409075260162353,82400.0,-1.5126537084579468,-6.722716331481934,6.977632999420166,82400.0,-0.05386953800916672,-7.593809127807617,3.5685577392578125
1545,82500.0,-4.5970001220703125,-44.91999816894531,-30.333999633789066,82500.0,1.2678507566452026,-0.2480112910270691,1.003040790557861,82500.0,1001.5700073242188,82500.0,-1.1226022243499756,1.6523022651672363,-2.7157917022705083,82500.0,-0.8663807511329651,-6.926130294799805,6.888286590576173,82500.0,-1.9889830350875848,-5.273828029632568,4.172494888305663
1546,82600.0,-4.2719998359680185,-44.141998291015625,-32.750999450683594,82600.0,-0.110566608607769,-0.579405665397644,0.0021380283869802947,82600.0,1001.6199951171876,82600.0,-1.1226022243499756,1.6523022651672363,-2.7157917022705083,82600.0,-0.8663807511329651,-6.926130294799805,6.888286590576173,82600.0,-1.9889830350875848,-5.273828029632568,4.172494888305663
1547,82700.0,-4.315000057220459,-44.11399841308594,-34.6510009765625,82700.0,-0.110566608607769,-0.579405665397644,0.0021380283869802947,82700.0,1001.6099853515624,82700.0,0.6029903292655945,-1.2997379302978516,-3.8785459995269775,82700.0,0.01531227305531502,-7.74735164642334,6.012378215789795,82700.0,0.618302583694458,-9.047089576721193,2.1338322162628174
1548,82800.0,-3.13100004196167,-42.03300094604492,-39.2509994506836,82800.0,-0.540921151638031,-0.11514809727668762,-0.5238169431686401,82800.0,1001.6099853515624,82800.0,0.6029903292655945,-1.2997379302978516,-3.8785459995269775,82800.0,0.01531227305531502,-7.74735164642334,6.012378215789795,82800.0,0.618302583694458,-9.047089576721193,2.1338322162628174
1549,82900.0,4.144999980926514,-36.16400146484375,-42.4739990234375,82900.0,-0.540921151638031,-0.11514809727668762,-0.5238169431686401,82900.0,1001.5599975585938,82900.0,-0.7962835431098938,0.8410782814025879,-2.411067485809326,82900.0,1.4403238296508791,-8.784440994262695,4.114542007446288,82900.0,0.6440402865409851,-7.943362712860107,1.7034745216369631
1550,82500.0,-4.5970001220703125,-44.91999816894531,-30.333999633789066,82500.0,1.2678507566452026,-0.2480112910270691,1.003040790557861,82500.0,1001.5700073242188,82500.0,-1.1226022243499756,1.6523022651672363,-2.7157917022705083,82500.0,-0.8663807511329651,-6.926130294799805,6.888286590576173,82500.0,-1.9889830350875848,-5.273828029632568,4.172494888305663
1551,82600.0,-4.2719998359680185,-44.141998291015625,-32.750999450683594,82600.0,-0.110566608607769,-0.579405665397644,0.0021380283869802947,82600.0,1001.6199951171876,82600.0,-1.1226022243499756,1.6523022651672363,-2.7157917022705083,82600.0,-0.8663807511329651,-6.926130294799805,6.888286590576173,82600.0,-1.9889830350875848,-5.273828029632568,4.172494888305663
1552,82700.0,-4.315000057220459,-44.11399841308594,-34.6510009765625,82700.0,-0.110566608607769,-0.579405665397644,0.0021380283869802947,82700.0,1001.6099853515624,82700.0,0.6029903292655945,-1.2997379302978516,-3.8785459995269775,82700.0,0.01531227305531502,-7.74735164642334,6.012378215789795,82700.0,0.618302583694458,-9.047089576721193,2.1338322162628174
1553,82800.0,-3.13100004196167,-42.03300094604492,-39.2509994506836,82800.0,-0.540921151638031,-0.11514809727668762,-0.5238169431686401,82800.0,1001.6099853515624,82800.0,0.6029903292655945,-1.2997379302978516,-3.8785459995269775,82800.0,0.01531227305531502,-7.74735164642334,6.012378215789795,82800.0,0.618302583694458,-9.047089576721193,2.1338322162628174
1554,82900.0,4.144999980926514,-36.16400146484375,-42.4739990234375,82900.0,-0.540921151638031,-0.11514809727668762,-0.5238169431686401,82900.0,1001.5599975585938,82900.0,-0.7962835431098938,0.8410782814025879,-2.411067485809326,82900.0,1.4403238296508791,-8.784440994262695,4.114542007446288,82900.0,0.6440402865409851,-7.943362712860107,1.7034745216369631
1555,83000.0,11.52299976348877,-31.55299949645996,-44.07899856567383,83000.0,-1.1643091440200806,0.1762346178293228,-1.047023057937622,83000.0,1001.5599975585938,83000.0,-0.7962835431098938,0.8410782814025879,-2.411067485809326,83000.0,1.4403238296508791,-8.784440994262695,4.114542007446288,83000.0,0.6440402865409851,-7.943362712860107,1.7034745216369631
1556,83100.0,12.715999603271484,-27.43199920654297,-45.38999938964844,83100.0,-1.1643091440200806,0.1762346178293228,-1.047023057937622,83100.0,1001.6900024414064,83100.0,-2.2095167636871342,-0.9033041000366212,-2.8784177303314213,83100.0,1.992242932319641,-9.051188468933104,3.205824851989746,83100.0,-0.2172738015651703,-9.954492568969727,0.3274070918560028
1557,83200.0,13.140000343322756,-24.097999572753906,-45.0359992980957,83200.0,-0.5308418869972229,0.4621195495128632,-0.6255260109901428,83200.0,1001.6900024414064,83200.0,-2.2095167636871342,-0.9033041000366212,-2.8784177303314213,83200.0,1.992242932319641,-9.051188468933104,3.205824851989746,83200.0,-0.2172738015651703,-9.954492568969727,0.3274070918560028
1558,83300.0,11.520999908447266,-22.033000946044922,-45.35499954223633,83300.0,-0.5546656250953674,0.09407325088977814,-0.27122417092323303,83300.0,1001.5900268554688,83300.0,-3.0572781562805176,-0.0809926986694336,-1.520173192024231,83300.0,2.163642406463623,-9.318044662475586,2.1594250202178955,83300.0,-0.8936358094215393,-9.39903736114502,0.6392518281936646
1559,83400.0,11.515000343322756,-19.85099983215332,-46.41400146484375,83400.0,-0.5546656250953674,0.09407325088977814,-0.27122417092323303,83400.0,1001.5900268554688,83400.0,-1.992350935935974,0.17839336395263672,-0.2394628524780273,83400.0,1.773281455039978,-9.615737915039064,0.7506248950958252,83400.0,-0.2190694510936737,-9.437344551086426,0.5111620426177979
1560,83000.0,11.52299976348877,-31.55299949645996,-44.07899856567383,83000.0,-1.1643091440200806,0.1762346178293228,-1.047023057937622,83000.0,1001.5599975585938,83000.0,-0.7962835431098938,0.8410782814025879,-2.411067485809326,83000.0,1.4403238296508791,-8.784440994262695,4.114542007446288,83000.0,0.6440402865409851,-7.943362712860107,1.7034745216369631
1561,83100.0,12.715999603271484,-27.43199920654297,-45.38999938964844,83100.0,-1.1643091440200806,0.1762346178293228,-1.047023057937622,83100.0,1001.6900024414064,83100.0,-2.2095167636871342,-0.9033041000366212,-2.8784177303314213,83100.0,1.992242932319641,-9.051188468933104,3.205824851989746,83100.0,-0.2172738015651703,-9.954492568969727,0.3274070918560028
1562,83200.0,13.140000343322756,-24.097999572753906,-45.0359992980957,83200.0,-0.5308418869972229,0.4621195495128632,-0.6255260109901428,83200.0,1001.6900024414064,83200.0,-2.2095167636871342,-0.9033041000366212,-2.8784177303314213,83200.0,1.992242932319641,-9.051188468933104,3.205824851989746,83200.0,-0.2172738015651703,-9.954492568969727,0.3274070918560028
1563,83300.0,11.520999908447266,-22.033000946044922,-45.35499954223633,83300.0,-0.5546656250953674,0.09407325088977814,-0.27122417092323303,83300.0,1001.5900268554688,83300.0,-3.0572781562805176,-0.0809926986694336,-1.520173192024231,83300.0,2.163642406463623,-9.318044662475586,2.1594250202178955,83300.0,-0.8936358094215393,-9.39903736114502,0.6392518281936646
1564,83400.0,11.515000343322756,-19.85099983215332,-46.41400146484375,83400.0,-0.5546656250953674,0.09407325088977814,-0.27122417092323303,83400.0,1001.5900268554688,83400.0,-1.992350935935974,0.17839336395263672,-0.2394628524780273,83400.0,1.773281455039978,-9.615737915039064,0.7506248950958252,83400.0,-0.2190694510936737,-9.437344551086426,0.5111620426177979
1565,83500.0,11.897000312805176,-18.45199966430664,-47.1520004272461,83500.0,-0.7089090943336487,-0.07269296050071716,0.1160643994808197,83500.0,1001.52001953125,83500.0,-1.992350935935974,0.17839336395263672,-0.2394628524780273,83500.0,1.773281455039978,-9.615737915039064,0.7506248950958252,83500.0,-0.2190694510936737,-9.437344551086426,0.5111620426177979
1566,83600.0,12.593999862670898,-17.91900062561035,-47.9640007019043,83600.0,-0.7089090943336487,-0.07269296050071716,0.1160643994808197,83600.0,1001.6599731445312,83600.0,-0.14100074768066406,-1.2690439224243164,-1.648534059524536,83600.0,2.1090345382690434,-9.563521385192873,0.5112883448600769,83600.0,1.9680337905883791,-10.832565307617188,-1.137245774269104
1567,83700.0,16.434999465942386,-17.91900062561035,-48.28300094604492,83700.0,-0.14935655891895294,0.5476406812667847,-0.27488934993743896,83700.0,1001.6599731445312,83700.0,-0.14100074768066406,-1.2690439224243164,-1.648534059524536,83700.0,2.1090345382690434,-9.563521385192873,0.5112883448600769,83700.0,1.9680337905883791,-10.832565307617188,-1.137245774269104
1568,83800.0,16.072999954223633,-17.558000564575195,-48.28300094604492,83800.0,-0.14935655891895294,0.5476406812667847,-0.27488934993743896,83800.0,1001.6199951171876,83800.0,-0.4456934928894043,-2.7209930419921875,-0.4004559516906738,83800.0,2.2275781631469727,-9.539114952087402,0.4621066451072693,83800.0,1.7818846702575684,-12.26010799407959,0.061650693416595466
1569,83900.0,15.57699966430664,-20.729999542236328,-48.28300094604492,83900.0,-0.02687807008624077,0.3539963960647583,-0.16859880089759827,83900.0,1001.6199951171876,83900.0,-0.4456934928894043,-2.7209930419921875,-0.4004559516906738,83900.0,2.2275781631469727,-9.539114952087402,0.4621066451072693,83900.0,1.7818846702575684,-12.26010799407959,0.061650693416595466
1570,83500.0,11.897000312805176,-18.45199966430664,-47.1520004272461,83500.0,-0.7089090943336487,-0.07269296050071716,0.1160643994808197,83500.0,1001.52001953125,83500.0,-1.992350935935974,0.17839336395263672,-0.2394628524780273,83500.0,1.773281455039978,-9.615737915039064,0.7506248950958252,83500.0,-0.2190694510936737,-9.437344551086426,0.5111620426177979
1571,83600.0,12.593999862670898,-17.91900062561035,-47.9640007019043,83600.0,-0.7089090943336487,-0.07269296050071716,0.1160643994808197,83600.0,1001.6599731445312,83600.0,-0.14100074768066406,-1.2690439224243164,-1.648534059524536,83600.0,2.1090345382690434,-9.563521385192873,0.5112883448600769,83600.0,1.9680337905883791,-10.832565307617188,-1.137245774269104
1572,83700.0,16.434999465942386,-17.91900062561035,-48.28300094604492,83700.0,-0.14935655891895294,0.5476406812667847,-0.27488934993743896,83700.0,1001.6599731445312,83700.0,-0.14100074768066406,-1.2690439224243164,-1.648534059524536,83700.0,2.1090345382690434,-9.563521385192873,0.5112883448600769,83700.0,1.9680337905883791,-10.832565307617188,-1.137245774269104
1573,83800.0,16.072999954223633,-17.558000564575195,-48.28300094604492,83800.0,-0.14935655891895294,0.5476406812667847,-0.27488934993743896,83800.0,1001.6199951171876,83800.0,-0.4456934928894043,-2.7209930419921875,-0.4004559516906738,83800.0,2.2275781631469727,-9.539114952087402,0.4621066451072693,83800.0,1.7818846702575684,-12.26010799407959,0.061650693416595466
1574,83900.0,15.57699966430664,-20.729999542236328,-48.28300094604492,83900.0,-0.02687807008624077,0.3539963960647583,-0.16859880089759827,83900.0,1001.6199951171876,83900.0,-0.4456934928894043,-2.7209930419921875,-0.4004559516906738,83900.0,2.2275781631469727,-9.539114952087402,0.4621066451072693,83900.0,1.7818846702575684,-12.26010799407959,0.061650693416595466
1575,84000.0,15.454000473022461,-27.716999053955078,-47.89699935913086,84000.0,-0.02687807008624077,0.3539963960647583,-0.16859880089759827,84000.0,1001.5900268554688,84000.0,-1.8984541893005369,-0.6002893447875977,1.8702145814895632,84000.0,2.21209454536438,-9.346421241760254,1.980260252952576,84000.0,0.31364041566848755,-9.946710586547852,3.8504748344421382
1576,84100.0,15.454000473022461,-34.86600112915039,-42.95800018310547,84100.0,0.9092729091644288,-0.07819075137376785,-0.07238753139972688,84100.0,1001.5900268554688,84100.0,-1.8984541893005369,-0.6002893447875977,1.8702145814895632,84100.0,2.21209454536438,-9.346421241760254,1.980260252952576,84100.0,0.31364041566848755,-9.946710586547852,3.8504748344421382
1577,84200.0,14.69499969482422,-40.09299850463867,-38.02099990844727,84200.0,0.9269880056381226,-0.9917397499084472,0.6117815375328064,84200.0,1001.6500244140624,84200.0,-0.3217287063598633,0.3062705993652344,-0.8413631916046143,84200.0,1.532596230506897,-9.176788330078123,3.099694013595581,84200.0,1.2108675241470337,-8.87051773071289,2.258330821990967
1578,84300.0,7.447000026702881,-45.09099960327149,-33.139999389648445,84300.0,0.9269880056381226,-0.9917397499084472,0.6117815375328064,84300.0,1001.6500244140624,84300.0,0.0478057861328125,-0.2178487777709961,-1.6817209720611572,84300.0,-0.7253648638725281,-8.413846969604492,4.98512077331543,84300.0,-0.6775590777397156,-8.631695747375487,3.3033998012542725
1579,84400.0,-0.3759999871253967,-47.55199813842773,-28.822999954223643,84400.0,1.2693779468536377,-0.30573806166648865,1.4636331796646118,84400.0,1001.6099853515624,84400.0,0.0478057861328125,-0.2178487777709961,-1.6817209720611572,84400.0,-0.7253648638725281,-8.413846969604492,4.98512077331543,84400.0,-0.6775590777397156,-8.631695747375487,3.3033998012542725
1580,84000.0,15.454000473022461,-27.716999053955078,-47.89699935913086,84000.0,-0.02687807008624077,0.3539963960647583,-0.16859880089759827,84000.0,1001.5900268554688,84000.0,-1.8984541893005369,-0.6002893447875977,1.8702145814895632,84000.0,2.21209454536438,-9.346421241760254,1.980260252952576,84000.0,0.31364041566848755,-9.946710586547852,3.8504748344421382
1581,84100.0,15.454000473022461,-34.86600112915039,-42.95800018310547,84100.0,0.9092729091644288,-0.07819075137376785,-0.07238753139972688,84100.0,1001.5900268554688,84100.0,-1.8984541893005369,-0.6002893447875977,1.8702145814895632,84100.0,2.21209454536438,-9.346421241760254,1.980260252952576,84100.0,0.31364041566848755,-9.946710586547852,3.8504748344421382
1582,84200.0,14.69499969482422,-40.09299850463867,-38.02099990844727,84200.0,0.9269880056381226,-0.9917397499084472,0.6117815375328064,84200.0,1001.6500244140624,84200.0,-0.3217287063598633,0.3062705993652344,-0.8413631916046143,84200.0,1.532596230506897,-9.176788330078123,3.099694013595581,84200.0,1.2108675241470337,-8.87051773071289,2.258330821990967
1583,84300.0,7.447000026702881,-45.09099960327149,-33.139999389648445,84300.0,0.9269880056381226,-0.9917397499084472,0.6117815375328064,84300.0,1001.6500244140624,84300.0,0.0478057861328125,-0.2178487777709961,-1.6817209720611572,84300.0,-0.7253648638725281,-8.413846969604492,4.98512077331543,84300.0,-0.6775590777397156,-8.631695747375487,3.3033998012542725
1584,84400.0,-0.3759999871253967,-47.55199813842773,-28.822999954223643,84400.0,1.2693779468536377,-0.30573806166648865,1.4636331796646118,84400.0,1001.6099853515624,84400.0,0.0478057861328125,-0.2178487777709961,-1.6817209720611572,84400.0,-0.7253648638725281,-8.413846969604492,4.98512077331543,84400.0,-0.6775590777397156,-8.631695747375487,3.3033998012542725
1585,84500.0,-4.243000030517578,-47.54999923706055,-27.481000900268555,84500.0,1.2693779468536377,-0.30573806166648865,1.4636331796646118,84500.0,1001.530029296875,84500.0,-0.7347688078880309,2.6640853881835938,-0.8671517372131348,84500.0,-0.4808871150016785,-8.529879570007324,4.814591884613037,84500.0,-1.2156559228897097,-5.8657941818237305,3.9474401473999023
1586,84600.0,-4.88100004196167,-46.52199935913086,-30.072999954223643,84600.0,-0.12522737681865692,-0.9590584635734558,0.3341432809829712,84600.0,1001.530029296875,84600.0,-0.7347688078880309,2.6640853881835938,-0.8671517372131348,84600.0,-0.4808871150016785,-8.529879570007324,4.814591884613037,84600.0,-1.2156559228897097,-5.8657941818237305,3.9474401473999023
1587,84700.0,-1.9079999923706048,-47.0,-32.588001251220696,84700.0,-0.12522737681865692,-0.9590584635734558,0.3341432809829712,84700.0,1001.530029296875,84700.0,-2.8013663291931152,-3.8772010803222656,0.25835752487182617,84700.0,-0.5684727430343628,-9.316047668457033,3.009727716445924,84700.0,-3.3698389530181885,-13.193248748779295,3.2680852413177486
1588,84800.0,3.3399999141693115,-41.867000579833984,-37.57400131225586,84800.0,-1.0198395252227783,-0.432187169790268,0.07880161702632904,84800.0,1001.5700073242188,84800.0,-2.8013663291931152,-3.8772010803222656,0.25835752487182617,84800.0,-0.5684727430343628,-9.316047668457033,3.009727716445924,84800.0,-3.3698389530181885,-13.193248748779295,3.2680852413177486
1589,84900.0,9.036999702453613,-37.95299911499024,-39.68000030517578,84900.0,-1.0198395252227783,-0.432187169790268,0.07880161702632904,84900.0,1001.6199951171876,84900.0,0.03930473327636719,1.9007954597473145,-0.7497897148132324,84900.0,0.9237629175186156,-9.52932071685791,2.123462915420532,84900.0,0.9630676507949828,-7.628525257110598,1.3736732006072998
1590,84500.0,-4.243000030517578,-47.54999923706055,-27.481000900268555,84500.0,1.2693779468536377,-0.30573806166648865,1.4636331796646118,84500.0,1001.530029296875,84500.0,-0.7347688078880309,2.6640853881835938,-0.8671517372131348,84500.0,-0.4808871150016785,-8.529879570007324,4.814591884613037,84500.0,-1.2156559228897097,-5.8657941818237305,3.9474401473999023
1591,84600.0,-4.88100004196167,-46.52199935913086,-30.072999954223643,84600.0,-0.12522737681865692,-0.9590584635734558,0.3341432809829712,84600.0,1001.530029296875,84600.0,-0.7347688078880309,2.6640853881835938,-0.8671517372131348,84600.0,-0.4808871150016785,-8.529879570007324,4.814591884613037,84600.0,-1.2156559228897097,-5.8657941818237305,3.9474401473999023
1592,84700.0,-1.9079999923706048,-47.0,-32.588001251220696,84700.0,-0.12522737681865692,-0.9590584635734558,0.3341432809829712,84700.0,1001.530029296875,84700.0,-2.8013663291931152,-3.8772010803222656,0.25835752487182617,84700.0,-0.5684727430343628,-9.316047668457033,3.009727716445924,84700.0,-3.3698389530181885,-13.193248748779295,3.2680852413177486
1593,84800.0,3.3399999141693115,-41.867000579833984,-37.57400131225586,84800.0,-1.0198395252227783,-0.432187169790268,0.07880161702632904,84800.0,1001.5700073242188,84800.0,-2.8013663291931152,-3.8772010803222656,0.25835752487182617,84800.0,-0.5684727430343628,-9.316047668457033,3.009727716445924,84800.0,-3.3698389530181885,-13.193248748779295,3.2680852413177486
1594,84900.0,9.036999702453613,-37.95299911499024,-39.68000030517578,84900.0,-1.0198395252227783,-0.432187169790268,0.07880161702632904,84900.0,1001.6199951171876,84900.0,0.03930473327636719,1.9007954597473145,-0.7497897148132324,84900.0,0.9237629175186156,-9.52932071685791,2.123462915420532,84900.0,0.9630676507949828,-7.628525257110598,1.3736732006072998
1595,85000.0,11.723999977111815,-34.126998901367195,-40.599998474121094,85000.0,-0.4578435122966766,0.608727216720581,-1.052215337753296,85000.0,1001.6199951171876,85000.0,0.03930473327636719,1.9007954597473145,-0.7497897148132324,85000.0,0.9237629175186156,-9.52932071685791,2.123462915420532,85000.0,0.9630676507949828,-7.628525257110598,1.3736732006072998
1596,85100.0,11.435999870300293,-30.9379997253418,-42.19300079345703,85100.0,-0.4578435122966766,0.608727216720581,-1.052215337753296,85100.0,1001.5499877929688,85100.0,-3.56412124633789,0.9237136840820312,0.1540764570236206,85100.0,1.3405064344406128,-9.699061393737793,0.5492202639579773,85100.0,-2.2236149311065674,-8.775347709655763,0.7032967209815979
1597,85200.0,7.543000221252441,-29.77400016784668,-42.6870002746582,85200.0,-0.8210029006004333,-0.13011430203914642,-0.3646865487098694,85200.0,1001.5499877929688,85200.0,-0.9427414536476136,0.13078784942626953,-0.5775310397148132,85200.0,1.112729787826538,-9.74290943145752,-0.08925415575504303,85200.0,0.16998831927776334,-9.61212158203125,-0.6667851805686951
1598,85300.0,2.4270000457763667,-26.41399955749512,-44.87900161743164,85300.0,-0.2742784917354584,-0.057115901261568076,0.04642575979232788,85300.0,1001.4600219726564,85300.0,-0.9427414536476136,0.13078784942626953,-0.5775310397148132,85300.0,1.112729787826538,-9.74290943145752,-0.08925415575504303,85300.0,0.16998831927776334,-9.61212158203125,-0.6667851805686951
1599,85400.0,1.2450000047683716,-24.048999786376953,-45.42300033569336,85400.0,-0.2742784917354584,-0.057115901261568076,0.04642575979232788,85400.0,1001.5800170898438,85400.0,-0.5312454700469971,0.14440536499023438,0.0037088394165039054,85400.0,1.0256481170654297,-9.654772758483887,-1.3797762393951416,85400.0,0.4944026470184326,-9.510367393493652,-1.3760673999786377
1600,85000.0,11.723999977111815,-34.126998901367195,-40.599998474121094,85000.0,-0.4578435122966766,0.608727216720581,-1.052215337753296,85000.0,1001.6199951171876,85000.0,0.03930473327636719,1.9007954597473145,-0.7497897148132324,85000.0,0.9237629175186156,-9.52932071685791,2.123462915420532,85000.0,0.9630676507949828,-7.628525257110598,1.3736732006072998
1601,85100.0,11.435999870300293,-30.9379997253418,-42.19300079345703,85100.0,-0.4578435122966766,0.608727216720581,-1.052215337753296,85100.0,1001.5499877929688,85100.0,-3.56412124633789,0.9237136840820312,0.1540764570236206,85100.0,1.3405064344406128,-9.699061393737793,0.5492202639579773,85100.0,-2.2236149311065674,-8.775347709655763,0.7032967209815979
1602,85200.0,7.543000221252441,-29.77400016784668,-42.6870002746582,85200.0,-0.8210029006004333,-0.13011430203914642,-0.3646865487098694,85200.0,1001.5499877929688,85200.0,-0.9427414536476136,0.13078784942626953,-0.5775310397148132,85200.0,1.112729787826538,-9.74290943145752,-0.08925415575504303,85200.0,0.16998831927776334,-9.61212158203125,-0.6667851805686951
1603,85300.0,2.4270000457763667,-26.41399955749512,-44.87900161743164,85300.0,-0.2742784917354584,-0.057115901261568076,0.04642575979232788,85300.0,1001.4600219726564,85300.0,-0.9427414536476136,0.13078784942626953,-0.5775310397148132,85300.0,1.112729787826538,-9.74290943145752,-0.08925415575504303,85300.0,0.16998831927776334,-9.61212158203125,-0.6667851805686951
1604,85400.0,1.2450000047683716,-24.048999786376953,-45.42300033569336,85400.0,-0.2742784917354584,-0.057115901261568076,0.04642575979232788,85400.0,1001.5800170898438,85400.0,-0.5312454700469971,0.14440536499023438,0.0037088394165039054,85400.0,1.0256481170654297,-9.654772758483887,-1.3797762393951416,85400.0,0.4944026470184326,-9.510367393493652,-1.3760673999786377
1605,85500.0,1.309999942779541,-23.6200008392334,-45.79999923706055,85500.0,-0.4929682612419128,-1.4801265001296997,-0.13255776464939115,85500.0,1001.5800170898438,85500.0,-0.5312454700469971,0.14440536499023438,0.0037088394165039054,85500.0,1.0256481170654297,-9.654772758483887,-1.3797762393951416,85500.0,0.4944026470184326,-9.510367393493652,-1.3760673999786377
1606,85600.0,1.7890000343322754,-23.32099914550781,-46.21500015258789,85600.0,-0.4929682612419128,-1.4801265001296997,-0.13255776464939115,85600.0,1001.530029296875,85600.0,-1.5049830675125122,-0.031871795654296875,0.25577735900878906,85600.0,1.662401795387268,-9.555708885192873,-1.4474912881851196,85600.0,0.15741875767707825,-9.587580680847168,-1.1917139291763306
1607,85700.0,3.9530000686645512,-23.250999450683594,-46.62300109863281,85700.0,0.025656340643763542,-0.029626963660120964,-0.4462370574474335,85700.0,1001.530029296875,85700.0,-1.5049830675125122,-0.031871795654296875,0.25577735900878906,85700.0,1.662401795387268,-9.555708885192873,-1.4474912881851196,85700.0,0.15741875767707825,-9.587580680847168,-1.1917139291763306
1608,85800.0,7.11899995803833,-22.91399955749512,-46.62300109863281,85800.0,0.025656340643763542,-0.029626963660120964,-0.4462370574474335,85800.0,1001.510009765625,85800.0,-2.443098545074463,-1.823992729187012,0.4964128136634826,85800.0,2.391024589538574,-9.423368453979492,-1.2859008312225342,85800.0,-0.0520738884806633,-11.247361183166504,-0.7894880175590515
1609,85900.0,8.041000366210938,-23.26799964904785,-46.62300109863281,85900.0,0.07910704612731934,0.2785545587539673,-0.5198463201522827,85900.0,1001.510009765625,85900.0,-2.443098545074463,-1.823992729187012,0.4964128136634826,85900.0,2.391024589538574,-9.423368453979492,-1.2859008312225342,85900.0,-0.0520738884806633,-11.247361183166504,-0.7894880175590515
1610,85500.0,1.309999942779541,-23.6200008392334,-45.79999923706055,85500.0,-0.4929682612419128,-1.4801265001296997,-0.13255776464939115,85500.0,1001.5800170898438,85500.0,-0.5312454700469971,0.14440536499023438,0.0037088394165039054,85500.0,1.0256481170654297,-9.654772758483887,-1.3797762393951416,85500.0,0.4944026470184326,-9.510367393493652,-1.3760673999786377
1611,85600.0,1.7890000343322754,-23.32099914550781,-46.21500015258789,85600.0,-0.4929682612419128,-1.4801265001296997,-0.13255776464939115,85600.0,1001.530029296875,85600.0,-1.5049830675125122,-0.031871795654296875,0.25577735900878906,85600.0,1.662401795387268,-9.555708885192873,-1.4474912881851196,85600.0,0.15741875767707825,-9.587580680847168,-1.1917139291763306
1612,85700.0,3.9530000686645512,-23.250999450683594,-46.62300109863281,85700.0,0.025656340643763542,-0.029626963660120964,-0.4462370574474335,85700.0,1001.530029296875,85700.0,-1.5049830675125122,-0.031871795654296875,0.25577735900878906,85700.0,1.662401795387268,-9.555708885192873,-1.4474912881851196,85700.0,0.15741875767707825,-9.587580680847168,-1.1917139291763306
1613,85800.0,7.11899995803833,-22.91399955749512,-46.62300109863281,85800.0,0.025656340643763542,-0.029626963660120964,-0.4462370574474335,85800.0,1001.510009765625,85800.0,-2.443098545074463,-1.823992729187012,0.4964128136634826,85800.0,2.391024589538574,-9.423368453979492,-1.2859008312225342,85800.0,-0.0520738884806633,-11.247361183166504,-0.7894880175590515
1614,85900.0,8.041000366210938,-23.26799964904785,-46.62300109863281,85900.0,0.07910704612731934,0.2785545587539673,-0.5198463201522827,85900.0,1001.510009765625,85900.0,-2.443098545074463,-1.823992729187012,0.4964128136634826,85900.0,2.391024589538574,-9.423368453979492,-1.2859008312225342,85900.0,-0.0520738884806633,-11.247361183166504,-0.7894880175590515
1615,86000.0,7.124000072479247,-31.84600067138672,-42.178001403808594,86000.0,1.23700213432312,0.3686571717262268,-0.1716531366109848,86000.0,1001.5900268554688,86000.0,-2.742877960205078,-0.07941150665283203,-1.2133551836013794,86000.0,2.4633548259735107,-9.44711685180664,0.92425537109375,86000.0,-0.2795230448246002,-9.526528358459473,-0.2890998423099518
1616,86100.0,5.6030001640319815,-37.88100051879883,-36.566001892089844,86100.0,1.23700213432312,0.3686571717262268,-0.1716531366109848,86100.0,1001.5900268554688,86100.0,0.6686116456985474,0.3771839141845703,-3.703550577163696,86100.0,1.899169564247132,-9.250694274902344,2.64351773262024,86100.0,2.5677812099456787,-8.873510360717773,-1.060032844543457
1617,86200.0,-0.4769999980926514,-39.32099914550781,-34.880001068115234,86200.0,1.1954632997512815,-0.318566232919693,0.3543018400669098,86200.0,1001.5599975585938,86200.0,0.6686116456985474,0.3771839141845703,-3.703550577163696,86200.0,1.899169564247132,-9.250694274902344,2.64351773262024,86200.0,2.5677812099456787,-8.873510360717773,-1.060032844543457
1618,86300.0,-5.940999984741211,-39.32099914550781,-33.432998657226555,86300.0,1.1954632997512815,-0.318566232919693,0.3543018400669098,86300.0,1001.47998046875,86300.0,0.244395911693573,1.2201128005981443,-1.6808594465255735,86300.0,0.4984051585197449,-9.43102741241455,2.6415328979492188,86300.0,0.7428010702133179,-8.210914611816406,0.960673451423645
1619,86400.0,-12.635000228881836,-38.67100143432617,-34.389999389648445,86400.0,0.11667526513338088,-0.2620611786842346,0.8414669036865234,86400.0,1001.47998046875,86400.0,0.244395911693573,1.2201128005981443,-1.6808594465255735,86400.0,0.4984051585197449,-9.43102741241455,2.6415328979492188,86400.0,0.7428010702133179,-8.210914611816406,0.960673451423645
1620,86000.0,7.124000072479247,-31.84600067138672,-42.178001403808594,86000.0,1.23700213432312,0.3686571717262268,-0.1716531366109848,86000.0,1001.5900268554688,86000.0,-2.742877960205078,-0.07941150665283203,-1.2133551836013794,86000.0,2.4633548259735107,-9.44711685180664,0.92425537109375,86000.0,-0.2795230448246002,-9.526528358459473,-0.2890998423099518
1621,86100.0,5.6030001640319815,-37.88100051879883,-36.566001892089844,86100.0,1.23700213432312,0.3686571717262268,-0.1716531366109848,86100.0,1001.5900268554688,86100.0,0.6686116456985474,0.3771839141845703,-3.703550577163696,86100.0,1.899169564247132,-9.250694274902344,2.64351773262024,86100.0,2.5677812099456787,-8.873510360717773,-1.060032844543457
1622,86200.0,-0.4769999980926514,-39.32099914550781,-34.880001068115234,86200.0,1.1954632997512815,-0.318566232919693,0.3543018400669098,86200.0,1001.5599975585938,86200.0,0.6686116456985474,0.3771839141845703,-3.703550577163696,86200.0,1.899169564247132,-9.250694274902344,2.64351773262024,86200.0,2.5677812099456787,-8.873510360717773,-1.060032844543457
1623,86300.0,-5.940999984741211,-39.32099914550781,-33.432998657226555,86300.0,1.1954632997512815,-0.318566232919693,0.3543018400669098,86300.0,1001.47998046875,86300.0,0.244395911693573,1.2201128005981443,-1.6808594465255735,86300.0,0.4984051585197449,-9.43102741241455,2.6415328979492188,86300.0,0.7428010702133179,-8.210914611816406,0.960673451423645
1624,86400.0,-12.635000228881836,-38.67100143432617,-34.389999389648445,86400.0,0.11667526513338088,-0.2620611786842346,0.8414669036865234,86400.0,1001.47998046875,86400.0,0.244395911693573,1.2201128005981443,-1.6808594465255735,86400.0,0.4984051585197449,-9.43102741241455,2.6415328979492188,86400.0,0.7428010702133179,-8.210914611816406,0.960673451423645
1625,86500.0,-19.559999465942386,-38.67100143432617,-33.964000701904304,86500.0,0.11667526513338088,-0.2620611786842346,0.8414669036865234,86500.0,1001.4400024414064,86500.0,0.5643200874328613,2.496603012084961,-1.1659493446350098,86500.0,0.342483788728714,-9.657660484313963,1.6681331396102903,86500.0,0.9068039059638976,-7.161057472229004,0.5021837949752808
1626,86600.0,-25.00300025939941,-36.9010009765625,-33.27700042724609,86600.0,-0.4450153410434723,-0.6826419234275818,0.208610475063324,86600.0,1001.4400024414064,86600.0,0.5643200874328613,2.496603012084961,-1.1659493446350098,86600.0,0.342483788728714,-9.657660484313963,1.6681331396102903,86600.0,0.9068039059638976,-7.161057472229004,0.5021837949752808
1627,86700.0,-27.875999450683594,-36.08300018310547,-30.60400009155273,86700.0,-0.4450153410434723,-0.6826419234275818,0.208610475063324,86700.0,1001.52001953125,86700.0,-1.0709172487258911,-1.6372117996215818,4.812640190124512,86700.0,0.16830314695835116,-9.741829872131348,1.1130092144012451,86700.0,-0.9026140570640564,-11.37904167175293,5.925649166107178
1628,86800.0,-31.02700042724609,-35.78099822998047,-25.540000915527344,86800.0,-0.32162055373191833,-1.5344934463500977,0.19975294172763824,86800.0,1001.52001953125,86800.0,-1.0709172487258911,-1.6372117996215818,4.812640190124512,86800.0,0.16830314695835116,-9.741829872131348,1.1130092144012451,86800.0,-0.9026140570640564,-11.37904167175293,5.925649166107178
1629,86900.0,-33.213001251220696,-35.46099853515625,-22.17099952697754,86900.0,0.07788532227277756,-0.7483099102973938,-0.1667662113904953,86900.0,1001.489990234375,86900.0,0.8527727723121643,-1.1360082626342771,-2.348971366882324,86900.0,0.6017047762870789,-9.742645263671877,0.9429764747619628,86900.0,1.4544775485992432,-10.878653526306152,-1.4059948921203609
1630,86500.0,-19.559999465942386,-38.67100143432617,-33.964000701904304,86500.0,0.11667526513338088,-0.2620611786842346,0.8414669036865234,86500.0,1001.4400024414064,86500.0,0.5643200874328613,2.496603012084961,-1.1659493446350098,86500.0,0.342483788728714,-9.657660484313963,1.6681331396102903,86500.0,0.9068039059638976,-7.161057472229004,0.5021837949752808
1631,86600.0,-25.00300025939941,-36.9010009765625,-33.27700042724609,86600.0,-0.4450153410434723,-0.6826419234275818,0.208610475063324,86600.0,1001.4400024414064,86600.0,0.5643200874328613,2.496603012084961,-1.1659493446350098,86600.0,0.342483788728714,-9.657660484313963,1.6681331396102903,86600.0,0.9068039059638976,-7.161057472229004,0.5021837949752808
1632,86700.0,-27.875999450683594,-36.08300018310547,-30.60400009155273,86700.0,-0.4450153410434723,-0.6826419234275818,0.208610475063324,86700.0,1001.52001953125,86700.0,-1.0709172487258911,-1.6372117996215818,4.812640190124512,86700.0,0.16830314695835116,-9.741829872131348,1.1130092144012451,86700.0,-0.9026140570640564,-11.37904167175293,5.925649166107178
1633,86800.0,-31.02700042724609,-35.78099822998047,-25.540000915527344,86800.0,-0.32162055373191833,-1.5344934463500977,0.19975294172763824,86800.0,1001.52001953125,86800.0,-1.0709172487258911,-1.6372117996215818,4.812640190124512,86800.0,0.16830314695835116,-9.741829872131348,1.1130092144012451,86800.0,-0.9026140570640564,-11.37904167175293,5.925649166107178
1634,86900.0,-33.213001251220696,-35.46099853515625,-22.17099952697754,86900.0,0.07788532227277756,-0.7483099102973938,-0.1667662113904953,86900.0,1001.489990234375,86900.0,0.8527727723121643,-1.1360082626342771,-2.348971366882324,86900.0,0.6017047762870789,-9.742645263671877,0.9429764747619628,86900.0,1.4544775485992432,-10.878653526306152,-1.4059948921203609
1635,87000.0,-34.191001892089844,-34.738998413085945,-21.672000885009766,87000.0,0.07788532227277756,-0.7483099102973938,-0.1667662113904953,87000.0,1001.489990234375,87000.0,0.24043869972229004,0.5278263092041016,-0.9219781160354614,87000.0,0.3006508946418762,-9.783809661865234,0.5975637435913086,87000.0,0.5410895943641663,-9.255983352661133,-0.32441434264183044
1636,87100.0,-36.00699996948242,-33.527999877929695,-20.770999908447266,87100.0,-0.05955936014652252,-0.920879364013672,0.1976149082183838,87100.0,1001.5,87100.0,0.24043869972229004,0.5278263092041016,-0.9219781160354614,87100.0,0.3006508946418762,-9.783809661865234,0.5975637435913086,87100.0,0.5410895943641663,-9.255983352661133,-0.32441434264183044
1637,87200.0,-38.15399932861328,-30.20000076293945,-19.97200012207032,87200.0,-0.05955936014652252,-0.920879364013672,0.1976149082183838,87200.0,1001.5,87200.0,1.2942986488342283,-0.31296634674072266,2.1244776248931885,87200.0,0.29305705428123474,-9.612794876098633,-1.9179776906967163,87200.0,1.5873557329177856,-9.925761222839355,0.2064998894929886
1638,87300.0,-38.38100051879883,-29.96500015258789,-19.6299991607666,87300.0,-1.341460108757019,0.029016099870204926,-0.016493361443281174,87300.0,1001.510009765625,87300.0,1.2942986488342283,-0.31296634674072266,2.1244776248931885,87300.0,0.29305705428123474,-9.612794876098633,-1.9179776906967163,87300.0,1.5873557329177856,-9.925761222839355,0.2064998894929886
1639,87400.0,-37.986000061035156,-29.641000747680664,-19.2450008392334,87400.0,-1.341460108757019,0.029016099870204926,-0.016493361443281174,87400.0,1001.5900268554688,87400.0,-0.2488292157649994,-0.4288778305053711,1.325605034828186,87400.0,0.13929449021816254,-9.522621154785156,-2.3389508724212646,87400.0,-0.10953472554683684,-9.951498985290527,-1.0133458375930786
1640,87000.0,-34.191001892089844,-34.738998413085945,-21.672000885009766,87000.0,0.07788532227277756,-0.7483099102973938,-0.1667662113904953,87000.0,1001.489990234375,87000.0,0.24043869972229004,0.5278263092041016,-0.9219781160354614,87000.0,0.3006508946418762,-9.783809661865234,0.5975637435913086,87000.0,0.5410895943641663,-9.255983352661133,-0.32441434264183044
1641,87100.0,-36.00699996948242,-33.527999877929695,-20.770999908447266,87100.0,-0.05955936014652252,-0.920879364013672,0.1976149082183838,87100.0,1001.5,87100.0,0.24043869972229004,0.5278263092041016,-0.9219781160354614,87100.0,0.3006508946418762,-9.783809661865234,0.5975637435913086,87100.0,0.5410895943641663,-9.255983352661133,-0.32441434264183044
1642,87200.0,-38.15399932861328,-30.20000076293945,-19.97200012207032,87200.0,-0.05955936014652252,-0.920879364013672,0.1976149082183838,87200.0,1001.5,87200.0,1.2942986488342283,-0.31296634674072266,2.1244776248931885,87200.0,0.29305705428123474,-9.612794876098633,-1.9179776906967163,87200.0,1.5873557329177856,-9.925761222839355,0.2064998894929886
1643,87300.0,-38.38100051879883,-29.96500015258789,-19.6299991607666,87300.0,-1.341460108757019,0.029016099870204926,-0.016493361443281174,87300.0,1001.510009765625,87300.0,1.2942986488342283,-0.31296634674072266,2.1244776248931885,87300.0,0.29305705428123474,-9.612794876098633,-1.9179776906967163,87300.0,1.5873557329177856,-9.925761222839355,0.2064998894929886
1644,87400.0,-37.986000061035156,-29.641000747680664,-19.2450008392334,87400.0,-1.341460108757019,0.029016099870204926,-0.016493361443281174,87400.0,1001.5900268554688,87400.0,-0.2488292157649994,-0.4288778305053711,1.325605034828186,87400.0,0.13929449021816254,-9.522621154785156,-2.3389508724212646,87400.0,-0.10953472554683684,-9.951498985290527,-1.0133458375930786
1645,87500.0,-38.31399917602539,-29.290000915527344,-19.2450008392334,87500.0,-0.16920967400074005,-1.6059647798538208,-0.3338378667831421,87500.0,1001.5900268554688,87500.0,-0.2488292157649994,-0.4288778305053711,1.325605034828186,87500.0,0.13929449021816254,-9.522621154785156,-2.3389508724212646,87500.0,-0.10953472554683684,-9.951498985290527,-1.0133458375930786
1646,87600.0,-38.31399917602539,-29.290000915527344,-19.2450008392334,87600.0,-0.16920967400074005,-1.6059647798538208,-0.3338378667831421,87600.0,1001.5599975585938,87600.0,-2.219448566436768,-2.4919757843017583,0.21761810779571533,87600.0,1.0211507081985474,-9.5580415725708,-1.9420418739318848,87600.0,-1.1982979774475098,-12.05001735687256,-1.7244237661361694
1647,87700.0,-38.31399917602539,-29.607999801635746,-15.713000297546387,87700.0,0.2373211532831192,0.2532036304473877,-0.5482515692710876,87700.0,1001.5599975585938,87700.0,-2.219448566436768,-2.4919757843017583,0.21761810779571533,87700.0,1.0211507081985474,-9.5580415725708,-1.9420418739318848,87700.0,-1.1982979774475098,-12.05001735687256,-1.7244237661361694
1648,87800.0,-38.74499893188477,-29.94300079345703,-5.638999938964844,87800.0,1.1804970502853394,-0.6493497490882874,-0.1661553531885147,87800.0,1001.5499877929688,87800.0,0.1948080062866211,0.3722591400146485,-0.3883277177810669,87800.0,1.0944696664810178,-9.744959831237793,-0.0911111831665039,87800.0,1.2892776727676392,-9.372700691223145,-0.4794389009475708
1649,87900.0,-40.7239990234375,-29.94300079345703,4.742000102996826,87900.0,1.1804970502853394,-0.6493497490882874,-0.1661553531885147,87900.0,1001.5499877929688,87900.0,0.8911530375480652,-1.4731836318969729,-3.4969587326049805,87900.0,0.5411781668663025,-9.351600646972656,2.9025981426239014,87900.0,1.4323312044143677,-10.824784278869627,-0.5943605899810791
1650,87500.0,-38.31399917602539,-29.290000915527344,-19.2450008392334,87500.0,-0.16920967400074005,-1.6059647798538208,-0.3338378667831421,87500.0,1001.5900268554688,87500.0,-0.2488292157649994,-0.4288778305053711,1.325605034828186,87500.0,0.13929449021816254,-9.522621154785156,-2.3389508724212646,87500.0,-0.10953472554683684,-9.951498985290527,-1.0133458375930786
1651,87600.0,-38.31399917602539,-29.290000915527344,-19.2450008392334,87600.0,-0.16920967400074005,-1.6059647798538208,-0.3338378667831421,87600.0,1001.5599975585938,87600.0,-2.219448566436768,-2.4919757843017583,0.21761810779571533,87600.0,1.0211507081985474,-9.5580415725708,-1.9420418739318848,87600.0,-1.1982979774475098,-12.05001735687256,-1.7244237661361694
1652,87700.0,-38.31399917602539,-29.607999801635746,-15.713000297546387,87700.0,0.2373211532831192,0.2532036304473877,-0.5482515692710876,87700.0,1001.5599975585938,87700.0,-2.219448566436768,-2.4919757843017583,0.21761810779571533,87700.0,1.0211507081985474,-9.5580415725708,-1.9420418739318848,87700.0,-1.1982979774475098,-12.05001735687256,-1.7244237661361694
1653,87800.0,-38.74499893188477,-29.94300079345703,-5.638999938964844,87800.0,1.1804970502853394,-0.6493497490882874,-0.1661553531885147,87800.0,1001.5499877929688,87800.0,0.1948080062866211,0.3722591400146485,-0.3883277177810669,87800.0,1.0944696664810178,-9.744959831237793,-0.0911111831665039,87800.0,1.2892776727676392,-9.372700691223145,-0.4794389009475708
1654,87900.0,-40.7239990234375,-29.94300079345703,4.742000102996826,87900.0,1.1804970502853394,-0.6493497490882874,-0.1661553531885147,87900.0,1001.5499877929688,87900.0,0.8911530375480652,-1.4731836318969729,-3.4969587326049805,87900.0,0.5411781668663025,-9.351600646972656,2.9025981426239014,87900.0,1.4323312044143677,-10.824784278869627,-0.5943605899810791
1655,88000.0,-41.5260009765625,-27.7450008392334,16.165000915527347,88000.0,1.8759671449661253,-0.7895433306694031,0.384845107793808,88000.0,1001.5800170898438,88000.0,0.8911530375480652,-1.4731836318969729,-3.4969587326049805,88000.0,0.5411781668663025,-9.351600646972656,2.9025981426239014,88000.0,1.4323312044143677,-10.824784278869627,-0.5943605899810791
1656,88100.0,-41.5260009765625,-20.666000366210934,24.961000442504893,88100.0,1.8759671449661253,-0.7895433306694031,0.384845107793808,88100.0,1001.5800170898438,88100.0,0.2139662802219391,-1.5669240951538086,-2.8471190929412837,88100.0,-0.3606111407279968,-9.195012092590332,3.390004396438598,88100.0,-0.14664486050605774,-10.76193618774414,0.5428852438926697
1657,88200.0,-41.85100173950195,-15.336000442504885,30.90500068664551,88200.0,0.451123982667923,-1.6786576509475708,1.0354166030883791,88200.0,1001.5800170898438,88200.0,0.2139662802219391,-1.5669240951538086,-2.8471190929412837,88200.0,-0.3606111407279968,-9.195012092590332,3.390004396438598,88200.0,-0.14664486050605774,-10.76193618774414,0.5428852438926697
1658,88300.0,-36.42499923706055,-15.645999908447266,35.70500183105469,88300.0,0.451123982667923,-1.6786576509475708,1.0354166030883791,88300.0,1001.5399780273438,88300.0,2.0775091648101807,2.2168221473693848,-1.2050985097885132,88300.0,0.24486644566059115,-9.45030403137207,2.6081006526947017,88300.0,2.322375535964966,-7.233481884002685,1.403002142906189
1659,88400.0,-30.04700088500977,-17.56100082397461,39.70100021362305,88400.0,-0.3903428912162781,-1.8567248582839968,0.2076941877603531,88400.0,1001.5399780273438,88400.0,2.0775091648101807,2.2168221473693848,-1.2050985097885132,88400.0,0.24486644566059115,-9.45030403137207,2.6081006526947017,88400.0,2.322375535964966,-7.233481884002685,1.403002142906189
1660,88000.0,-41.5260009765625,-27.7450008392334,16.165000915527347,88000.0,1.8759671449661253,-0.7895433306694031,0.384845107793808,88000.0,1001.5800170898438,88000.0,0.8911530375480652,-1.4731836318969729,-3.4969587326049805,88000.0,0.5411781668663025,-9.351600646972656,2.9025981426239014,88000.0,1.4323312044143677,-10.824784278869627,-0.5943605899810791
1661,88100.0,-41.5260009765625,-20.666000366210934,24.961000442504893,88100.0,1.8759671449661253,-0.7895433306694031,0.384845107793808,88100.0,1001.5800170898438,88100.0,0.2139662802219391,-1.5669240951538086,-2.8471190929412837,88100.0,-0.3606111407279968,-9.195012092590332,3.390004396438598,88100.0,-0.14664486050605774,-10.76193618774414,0.5428852438926697
1662,88200.0,-41.85100173950195,-15.336000442504885,30.90500068664551,88200.0,0.451123982667923,-1.6786576509475708,1.0354166030883791,88200.0,1001.5800170898438,88200.0,0.2139662802219391,-1.5669240951538086,-2.8471190929412837,88200.0,-0.3606111407279968,-9.195012092590332,3.390004396438598,88200.0,-0.14664486050605774,-10.76193618774414,0.5428852438926697
1663,88300.0,-36.42499923706055,-15.645999908447266,35.70500183105469,88300.0,0.451123982667923,-1.6786576509475708,1.0354166030883791,88300.0,1001.5399780273438,88300.0,2.0775091648101807,2.2168221473693848,-1.2050985097885132,88300.0,0.24486644566059115,-9.45030403137207,2.6081006526947017,88300.0,2.322375535964966,-7.233481884002685,1.403002142906189
1664,88400.0,-30.04700088500977,-17.56100082397461,39.70100021362305,88400.0,-0.3903428912162781,-1.8567248582839968,0.2076941877603531,88400.0,1001.5399780273438,88400.0,2.0775091648101807,2.2168221473693848,-1.2050985097885132,88400.0,0.24486644566059115,-9.45030403137207,2.6081006526947017,88400.0,2.322375535964966,-7.233481884002685,1.403002142906189
1665,88500.0,-27.14900016784668,-16.472999572753903,43.04299926757813,88500.0,-0.3903428912162781,-1.8567248582839968,0.2076941877603531,88500.0,1001.5800170898438,88500.0,-1.9445458650588991,0.8831253051757812,-1.2904746532440186,88500.0,0.11597426235675813,-9.447184562683104,2.62823486328125,88500.0,-1.8285715579986568,-8.564059257507324,1.3377602100372314
1666,88600.0,-22.767000198364247,-16.083999633789066,43.992000579833984,88600.0,0.12980885803699493,-1.3246612548828125,0.35063666105270386,88600.0,1001.5800170898438,88600.0,-1.9445458650588991,0.8831253051757812,-1.2904746532440186,88600.0,0.11597426235675813,-9.447184562683104,2.62823486328125,88600.0,-1.8285715579986568,-8.564059257507324,1.3377602100372314
1667,88700.0,-16.104999542236328,-16.40999984741211,46.42100143432617,88700.0,1.0839803218841553,-0.8625417351722717,-0.5229006409645081,88700.0,1001.5800170898438,88700.0,-0.10379862785339357,-3.132055282592773,-6.749499320983888,88700.0,1.3799080848693848,-8.85690975189209,3.9776124954223633,88700.0,1.2761094570159912,-11.988965034484865,-2.7718870639801025
1668,88800.0,-13.545000076293945,-16.40999984741211,46.04600143432617,88800.0,1.0839803218841553,-0.8625417351722717,-0.5229006409645081,88800.0,1001.5800170898438,88800.0,-0.1355123519897461,1.1046676635742188,-1.06035315990448,88800.0,0.4449629187583923,-9.690873146057127,1.4350457191467283,88800.0,0.30945056676864624,-8.58620548248291,0.3746925592422485
1669,88900.0,-12.878999710083008,-18.96299934387207,45.70899963378906,88900.0,-1.431257247924805,0.1065959855914116,0.4593706727027893,88900.0,1001.6300048828124,88900.0,-0.1355123519897461,1.1046676635742188,-1.06035315990448,88900.0,0.4449629187583923,-9.690873146057127,1.4350457191467283,88900.0,0.30945056676864624,-8.58620548248291,0.3746925592422485
1670,88500.0,-27.14900016784668,-16.472999572753903,43.04299926757813,88500.0,-0.3903428912162781,-1.8567248582839968,0.2076941877603531,88500.0,1001.5800170898438,88500.0,-1.9445458650588991,0.8831253051757812,-1.2904746532440186,88500.0,0.11597426235675813,-9.447184562683104,2.62823486328125,88500.0,-1.8285715579986568,-8.564059257507324,1.3377602100372314
1671,88600.0,-22.767000198364247,-16.083999633789066,43.992000579833984,88600.0,0.12980885803699493,-1.3246612548828125,0.35063666105270386,88600.0,1001.5800170898438,88600.0,-1.9445458650588991,0.8831253051757812,-1.2904746532440186,88600.0,0.11597426235675813,-9.447184562683104,2.62823486328125,88600.0,-1.8285715579986568,-8.564059257507324,1.3377602100372314
1672,88700.0,-16.104999542236328,-16.40999984741211,46.42100143432617,88700.0,1.0839803218841553,-0.8625417351722717,-0.5229006409645081,88700.0,1001.5800170898438,88700.0,-0.10379862785339357,-3.132055282592773,-6.749499320983888,88700.0,1.3799080848693848,-8.85690975189209,3.9776124954223633,88700.0,1.2761094570159912,-11.988965034484865,-2.7718870639801025
1673,88800.0,-13.545000076293945,-16.40999984741211,46.04600143432617,88800.0,1.0839803218841553,-0.8625417351722717,-0.5229006409645081,88800.0,1001.5800170898438,88800.0,-0.1355123519897461,1.1046676635742188,-1.06035315990448,88800.0,0.4449629187583923,-9.690873146057127,1.4350457191467283,88800.0,0.30945056676864624,-8.58620548248291,0.3746925592422485
1674,88900.0,-12.878999710083008,-18.96299934387207,45.70899963378906,88900.0,-1.431257247924805,0.1065959855914116,0.4593706727027893,88900.0,1001.6300048828124,88900.0,-0.1355123519897461,1.1046676635742188,-1.06035315990448,88900.0,0.4449629187583923,-9.690873146057127,1.4350457191467283,88900.0,0.30945056676864624,-8.58620548248291,0.3746925592422485
1675,89000.0,-10.197999954223633,-22.16900062561035,46.03799819946289,89000.0,-1.431257247924805,0.1065959855914116,0.4593706727027893,89000.0,1001.6300048828124,89000.0,0.3026711940765381,-0.5372085571289062,0.2429172992706299,89000.0,0.18454883992671967,-9.803348541259766,-0.1752810925245285,89000.0,0.487220048904419,-10.340557098388672,0.06763619929552077
1676,89100.0,-11.545999526977539,-23.66699981689453,45.49499893188477,89100.0,-0.7724391222000122,-1.348484992980957,0.17837265133857727,89100.0,1001.5700073242188,89100.0,0.3026711940765381,-0.5372085571289062,0.2429172992706299,89100.0,0.18454883992671967,-9.803348541259766,-0.1752810925245285,89100.0,0.487220048904419,-10.340557098388672,0.06763619929552077
1677,89200.0,-11.545999526977539,-24.641000747680664,44.61000061035156,89200.0,-0.7724391222000122,-1.348484992980957,0.17837265133857727,89200.0,1001.5499877929688,89200.0,0.2971060872077942,0.9360799789428712,-0.535262405872345,89200.0,0.28169214725494385,-9.777867317199707,-0.6959558129310608,89200.0,0.5787982344627379,-8.841787338256836,-1.2312182188034058
1678,89300.0,-11.208999633789064,-25.33799934387207,43.80099868774414,89300.0,-0.19883663952350614,-0.702800452709198,-0.12889257073402405,89300.0,1001.5499877929688,89300.0,0.2971060872077942,0.9360799789428712,-0.535262405872345,89300.0,0.28169214725494385,-9.777867317199707,-0.6959558129310608,89300.0,0.5787982344627379,-8.841787338256836,-1.2312182188034058
1679,89400.0,-12.100000381469727,-25.33799934387207,42.9900016784668,89400.0,-0.19883663952350614,-0.702800452709198,-0.12889257073402405,89400.0,1001.5399780273438,89400.0,-2.1135697364807133,-1.2670793533325195,-1.1767737865447998,89400.0,1.0170252323150637,-9.71572208404541,-0.8606918454170227,89400.0,-1.09654438495636,-10.98280143737793,-2.0374655723571777
1680,89000.0,-10.197999954223633,-22.16900062561035,46.03799819946289,89000.0,-1.431257247924805,0.1065959855914116,0.4593706727027893,89000.0,1001.6300048828124,89000.0,0.3026711940765381,-0.5372085571289062,0.2429172992706299,89000.0,0.18454883992671967,-9.803348541259766,-0.1752810925245285,89000.0,0.487220048904419,-10.340557098388672,0.06763619929552077
1681,89100.0,-11.545999526977539,-23.66699981689453,45.49499893188477,89100.0,-0.7724391222000122,-1.348484992980957,0.17837265133857727,89100.0,1001.5700073242188,89100.0,0.3026711940765381,-0.5372085571289062,0.2429172992706299,89100.0,0.18454883992671967,-9.803348541259766,-0.1752810925245285,89100.0,0.487220048904419,-10.340557098388672,0.06763619929552077
1682,89200.0,-11.545999526977539,-24.641000747680664,44.61000061035156,89200.0,-0.7724391222000122,-1.348484992980957,0.17837265133857727,89200.0,1001.5499877929688,89200.0,0.2971060872077942,0.9360799789428712,-0.535262405872345,89200.0,0.28169214725494385,-9.777867317199707,-0.6959558129310608,89200.0,0.5787982344627379,-8.841787338256836,-1.2312182188034058
1683,89300.0,-11.208999633789064,-25.33799934387207,43.80099868774414,89300.0,-0.19883663952350614,-0.702800452709198,-0.12889257073402405,89300.0,1001.5499877929688,89300.0,0.2971060872077942,0.9360799789428712,-0.535262405872345,89300.0,0.28169214725494385,-9.777867317199707,-0.6959558129310608,89300.0,0.5787982344627379,-8.841787338256836,-1.2312182188034058
1684,89400.0,-12.100000381469727,-25.33799934387207,42.9900016784668,89400.0,-0.19883663952350614,-0.702800452709198,-0.12889257073402405,89400.0,1001.5399780273438,89400.0,-2.1135697364807133,-1.2670793533325195,-1.1767737865447998,89400.0,1.0170252323150637,-9.71572208404541,-0.8606918454170227,89400.0,-1.09654438495636,-10.98280143737793,-2.0374655723571777
1685,89500.0,-12.449000358581545,-26.02799987792969,42.2130012512207,89500.0,-0.03176499158143997,0.413555771112442,-0.4709770977497101,89500.0,1001.5399780273438,89500.0,-2.1135697364807133,-1.2670793533325195,-1.1767737865447998,89500.0,1.0170252323150637,-9.71572208404541,-0.8606918454170227,89500.0,-1.09654438495636,-10.98280143737793,-2.0374655723571777
1686,89600.0,-12.765000343322756,-26.347999572753906,41.81900024414063,89600.0,0.778853178024292,0.835358202457428,-0.413555771112442,89600.0,1001.6099853515624,89600.0,-0.08460056781768799,-0.6647195816040039,-2.324037790298462,89600.0,1.703679442405701,-9.639925003051758,0.5828545689582825,89600.0,1.6190788745880127,-10.304644584655762,-1.741183161735535
1687,89700.0,-11.232999801635742,-15.05799961090088,46.05500030517578,89700.0,0.778853178024292,0.835358202457428,-0.413555771112442,89700.0,1001.6099853515624,89700.0,1.01802659034729,-0.8936586380004883,-0.4066083431243897,89700.0,1.3959271907806396,-9.261347770690918,2.9067535400390625,89700.0,2.4139537811279297,-10.155006408691406,2.5001451969146733
1688,89800.0,-10.899999618530273,-7.88100004196167,48.49200057983398,89800.0,1.3967434167861938,0.04795292019844055,0.14538592100143433,89800.0,1001.5700073242188,89800.0,1.01802659034729,-0.8936586380004883,-0.4066083431243897,89800.0,1.3959271907806396,-9.261347770690918,2.9067535400390625,89800.0,2.4139537811279297,-10.155006408691406,2.5001451969146733
1689,89900.0,-10.10200023651123,-1.4320000410079956,48.9020004272461,89900.0,1.3967434167861938,0.04795292019844055,0.14538592100143433,89900.0,1001.5700073242188,89900.0,-0.44204235076904297,-3.3610286712646484,-2.3245060443878174,89900.0,0.7999755144119263,-8.537555694580076,4.758212089538574,89900.0,0.3579331636428833,-11.898584365844727,2.433706045150757
1690,89500.0,-12.449000358581545,-26.02799987792969,42.2130012512207,89500.0,-0.03176499158143997,0.413555771112442,-0.4709770977497101,89500.0,1001.5399780273438,89500.0,-2.1135697364807133,-1.2670793533325195,-1.1767737865447998,89500.0,1.0170252323150637,-9.71572208404541,-0.8606918454170227,89500.0,-1.09654438495636,-10.98280143737793,-2.0374655723571777
1691,89600.0,-12.765000343322756,-26.347999572753906,41.81900024414063,89600.0,0.778853178024292,0.835358202457428,-0.413555771112442,89600.0,1001.6099853515624,89600.0,-0.08460056781768799,-0.6647195816040039,-2.324037790298462,89600.0,1.703679442405701,-9.639925003051758,0.5828545689582825,89600.0,1.6190788745880127,-10.304644584655762,-1.741183161735535
1692,89700.0,-11.232999801635742,-15.05799961090088,46.05500030517578,89700.0,0.778853178024292,0.835358202457428,-0.413555771112442,89700.0,1001.6099853515624,89700.0,1.01802659034729,-0.8936586380004883,-0.4066083431243897,89700.0,1.3959271907806396,-9.261347770690918,2.9067535400390625,89700.0,2.4139537811279297,-10.155006408691406,2.5001451969146733
1693,89800.0,-10.899999618530273,-7.88100004196167,48.49200057983398,89800.0,1.3967434167861938,0.04795292019844055,0.14538592100143433,89800.0,1001.5700073242188,89800.0,1.01802659034729,-0.8936586380004883,-0.4066083431243897,89800.0,1.3959271907806396,-9.261347770690918,2.9067535400390625,89800.0,2.4139537811279297,-10.155006408691406,2.5001451969146733
1694,89900.0,-10.10200023651123,-1.4320000410079956,48.9020004272461,89900.0,1.3967434167861938,0.04795292019844055,0.14538592100143433,89900.0,1001.5700073242188,89900.0,-0.44204235076904297,-3.3610286712646484,-2.3245060443878174,89900.0,0.7999755144119263,-8.537555694580076,4.758212089538574,89900.0,0.3579331636428833,-11.898584365844727,2.433706045150757
1695,90000.0,-9.333000183105467,6.427999973297119,48.611000061035156,90000.0,1.2822061777114868,-0.2611449062824249,0.4046982228755951,90000.0,1001.5499877929688,90000.0,-0.44204235076904297,-3.3610286712646484,-2.3245060443878174,90000.0,0.7999755144119263,-8.537555694580076,4.758212089538574,90000.0,0.3579331636428833,-11.898584365844727,2.433706045150757
1696,90100.0,-6.908999919891357,8.786999702453612,48.611000061035156,90100.0,1.2822061777114868,-0.2611449062824249,0.4046982228755951,90100.0,1001.510009765625,90100.0,1.826600193977356,1.7034974098205566,-2.579437732696533,90100.0,-1.0652440786361694,-7.638124942779541,6.057614326477051,90100.0,0.7613561153411865,-5.9346275329589835,3.4781765937805176
1697,90200.0,1.069000005722046,10.725000381469727,48.611000061035156,90200.0,0.970970332622528,0.3845396637916565,0.9935722947120668,90200.0,1001.510009765625,90200.0,1.826600193977356,1.7034974098205566,-2.579437732696533,90200.0,-1.0652440786361694,-7.638124942779541,6.057614326477051,90200.0,0.7613561153411865,-5.9346275329589835,3.4781765937805176
1698,90300.0,2.684000015258789,7.589000225067139,48.611000061035156,90300.0,0.970970332622528,0.3845396637916565,0.9935722947120668,90300.0,1001.469970703125,90300.0,-0.14244234561920166,2.1476693153381348,-0.8103532791137695,90300.0,-1.0450817346572876,-8.369002342224121,5.00379753112793,90300.0,-1.1875240802764893,-6.221333026885986,4.19344425201416
1699,90400.0,4.942999839782715,5.709000110626223,48.2770004272461,90400.0,-0.7379252314567566,-0.616973876953125,0.3628539443016052,90400.0,1001.469970703125,90400.0,-0.14244234561920166,2.1476693153381348,-0.8103532791137695,90400.0,-1.0450817346572876,-8.369002342224121,5.00379753112793,90400.0,-1.1875240802764893,-6.221333026885986,4.19344425201416
1700,90000.0,-9.333000183105467,6.427999973297119,48.611000061035156,90000.0,1.2822061777114868,-0.2611449062824249,0.4046982228755951,90000.0,1001.5499877929688,90000.0,-0.44204235076904297,-3.3610286712646484,-2.3245060443878174,90000.0,0.7999755144119263,-8.537555694580076,4.758212089538574,90000.0,0.3579331636428833,-11.898584365844727,2.433706045150757
1701,90100.0,-6.908999919891357,8.786999702453612,48.611000061035156,90100.0,1.2822061777114868,-0.2611449062824249,0.4046982228755951,90100.0,1001.510009765625,90100.0,1.826600193977356,1.7034974098205566,-2.579437732696533,90100.0,-1.0652440786361694,-7.638124942779541,6.057614326477051,90100.0,0.7613561153411865,-5.9346275329589835,3.4781765937805176
1702,90200.0,1.069000005722046,10.725000381469727,48.611000061035156,90200.0,0.970970332622528,0.3845396637916565,0.9935722947120668,90200.0,1001.510009765625,90200.0,1.826600193977356,1.7034974098205566,-2.579437732696533,90200.0,-1.0652440786361694,-7.638124942779541,6.057614326477051,90200.0,0.7613561153411865,-5.9346275329589835,3.4781765937805176
1703,90300.0,2.684000015258789,7.589000225067139,48.611000061035156,90300.0,0.970970332622528,0.3845396637916565,0.9935722947120668,90300.0,1001.469970703125,90300.0,-0.14244234561920166,2.1476693153381348,-0.8103532791137695,90300.0,-1.0450817346572876,-8.369002342224121,5.00379753112793,90300.0,-1.1875240802764893,-6.221333026885986,4.19344425201416
1704,90400.0,4.942999839782715,5.709000110626223,48.2770004272461,90400.0,-0.7379252314567566,-0.616973876953125,0.3628539443016052,90400.0,1001.469970703125,90400.0,-0.14244234561920166,2.1476693153381348,-0.8103532791137695,90400.0,-1.0450817346572876,-8.369002342224121,5.00379753112793,90400.0,-1.1875240802764893,-6.221333026885986,4.19344425201416
1705,90500.0,4.2890000343322745,-1.1269999742507937,48.2770004272461,90500.0,-0.9819658994674684,-0.4312708675861359,-0.3839288055896759,90500.0,1001.52001953125,90500.0,0.2301606833934784,1.940328598022461,-0.3953652381896973,90500.0,-0.15115202963352206,-9.212716102600098,3.357591390609741,90500.0,0.07900865375995636,-7.272387504577638,2.962226152420044
1706,90600.0,5.433000087738037,-2.400000095367432,48.6520004272461,90600.0,-0.9819658994674684,-0.4312708675861359,-0.3839288055896759,90600.0,1001.52001953125,90600.0,1.8461546897888184,1.2985916137695312,-0.4014686048030853,90600.0,0.7228236794471741,-9.747729301452637,0.793519139289856,90600.0,2.568978309631348,-8.449137687683105,0.3920505344867706
1707,90700.0,5.355000019073486,-6.63700008392334,48.6520004272461,90700.0,-1.3808609247207642,-0.6139195561408997,-0.3735440969467163,90700.0,1001.5700073242188,90700.0,1.8461546897888184,1.2985916137695312,-0.4014686048030853,90700.0,0.7228236794471741,-9.747729301452637,0.793519139289856,90700.0,2.568978309631348,-8.449137687683105,0.3920505344867706
1708,90800.0,5.679999828338622,-8.998000144958496,48.6520004272461,90800.0,-1.3808609247207642,-0.6139195561408997,-0.3735440969467163,90800.0,1001.5700073242188,90800.0,-0.7922031283378601,0.7695484161376953,1.3093078136444092,90800.0,0.8448755741119385,-9.763965606689453,-0.34863436222076416,90800.0,0.05267243832349777,-8.994417190551758,0.960673451423645
1709,90900.0,9.345999717712402,-10.89900016784668,48.31800079345703,90900.0,-0.6328563690185547,0.5302310585975647,-0.13744467496871948,90900.0,1001.5700073242188,90900.0,-0.7922031283378601,0.7695484161376953,1.3093078136444092,90900.0,0.8448755741119385,-9.763965606689453,-0.34863436222076416,90900.0,0.05267243832349777,-8.994417190551758,0.960673451423645
1710,90500.0,4.2890000343322745,-1.1269999742507937,48.2770004272461,90500.0,-0.9819658994674684,-0.4312708675861359,-0.3839288055896759,90500.0,1001.52001953125,90500.0,0.2301606833934784,1.940328598022461,-0.3953652381896973,90500.0,-0.15115202963352206,-9.212716102600098,3.357591390609741,90500.0,0.07900865375995636,-7.272387504577638,2.962226152420044
1711,90600.0,5.433000087738037,-2.400000095367432,48.6520004272461,90600.0,-0.9819658994674684,-0.4312708675861359,-0.3839288055896759,90600.0,1001.52001953125,90600.0,1.8461546897888184,1.2985916137695312,-0.4014686048030853,90600.0,0.7228236794471741,-9.747729301452637,0.793519139289856,90600.0,2.568978309631348,-8.449137687683105,0.3920505344867706
1712,90700.0,5.355000019073486,-6.63700008392334,48.6520004272461,90700.0,-1.3808609247207642,-0.6139195561408997,-0.3735440969467163,90700.0,1001.5700073242188,90700.0,1.8461546897888184,1.2985916137695312,-0.4014686048030853,90700.0,0.7228236794471741,-9.747729301452637,0.793519139289856,90700.0,2.568978309631348,-8.449137687683105,0.3920505344867706
1713,90800.0,5.679999828338622,-8.998000144958496,48.6520004272461,90800.0,-1.3808609247207642,-0.6139195561408997,-0.3735440969467163,90800.0,1001.5700073242188,90800.0,-0.7922031283378601,0.7695484161376953,1.3093078136444092,90800.0,0.8448755741119385,-9.763965606689453,-0.34863436222076416,90800.0,0.05267243832349777,-8.994417190551758,0.960673451423645
1714,90900.0,9.345999717712402,-10.89900016784668,48.31800079345703,90900.0,-0.6328563690185547,0.5302310585975647,-0.13744467496871948,90900.0,1001.5700073242188,90900.0,-0.7922031283378601,0.7695484161376953,1.3093078136444092,90900.0,0.8448755741119385,-9.763965606689453,-0.34863436222076416,90900.0,0.05267243832349777,-8.994417190551758,0.960673451423645
1715,91000.0,14.26200008392334,-13.628999710083008,46.23400115966797,91000.0,-0.6328563690185547,0.5302310585975647,-0.13744467496871948,91000.0,1001.489990234375,91000.0,0.10752104222774506,0.4718761444091797,1.2018181085586548,91000.0,0.20312662422657013,-9.657231330871582,-1.693228006362915,91000.0,0.3106476664543152,-9.185355186462402,-0.4914098978042602
1716,91100.0,12.67199993133545,-16.957000732421875,44.54100036621094,91100.0,-0.6606507897377014,-0.5244278311729431,0.2538145184516907,91100.0,1001.489990234375,91100.0,0.10752104222774506,0.4718761444091797,1.2018181085586548,91100.0,0.20312662422657013,-9.657231330871582,-1.693228006362915,91100.0,0.3106476664543152,-9.185355186462402,-0.4914098978042602
1717,91200.0,11.571999549865724,-17.548999786376953,44.54100036621094,91200.0,-0.6606507897377014,-0.5244278311729431,0.2538145184516907,91200.0,1001.510009765625,91200.0,0.5760431289672852,0.10177135467529297,1.9089083671569824,91200.0,0.2691100835800171,-9.524151802062988,-2.3213095664978027,91200.0,0.8451532125473022,-9.422380447387695,-0.4124012291431427
1718,91300.0,9.019000053405762,-17.089000701904293,44.23799896240234,91300.0,-0.28527405858039856,-0.9202684760093688,-0.2620611786842346,91300.0,1001.510009765625,91300.0,0.5760431289672852,0.10177135467529297,1.9089083671569824,91300.0,0.2691100835800171,-9.524151802062988,-2.3213095664978027,91300.0,0.8451532125473022,-9.422380447387695,-0.4124012291431427
1719,91400.0,6.9790000915527335,-16.965999603271484,44.23799896240234,91400.0,0.09193521738052368,0.2000583708286285,-0.3029891550540924,91400.0,1001.4600219726564,91400.0,0.419219970703125,-2.666933059692384,-0.005166292190551758,91400.0,0.8227721452713013,-9.511174201965332,-2.2429890632629395,91400.0,1.2419921159744265,-12.178107261657715,-2.2481553554534908
1720,91000.0,14.26200008392334,-13.628999710083008,46.23400115966797,91000.0,-0.6328563690185547,0.5302310585975647,-0.13744467496871948,91000.0,1001.489990234375,91000.0,0.10752104222774506,0.4718761444091797,1.2018181085586548,91000.0,0.20312662422657013,-9.657231330871582,-1.693228006362915,91000.0,0.3106476664543152,-9.185355186462402,-0.4914098978042602
1721,91100.0,12.67199993133545,-16.957000732421875,44.54100036621094,91100.0,-0.6606507897377014,-0.5244278311729431,0.2538145184516907,91100.0,1001.489990234375,91100.0,0.10752104222774506,0.4718761444091797,1.2018181085586548,91100.0,0.20312662422657013,-9.657231330871582,-1.693228006362915,91100.0,0.3106476664543152,-9.185355186462402,-0.4914098978042602
1722,91200.0,11.571999549865724,-17.548999786376953,44.54100036621094,91200.0,-0.6606507897377014,-0.5244278311729431,0.2538145184516907,91200.0,1001.510009765625,91200.0,0.5760431289672852,0.10177135467529297,1.9089083671569824,91200.0,0.2691100835800171,-9.524151802062988,-2.3213095664978027,91200.0,0.8451532125473022,-9.422380447387695,-0.4124012291431427
1723,91300.0,9.019000053405762,-17.089000701904293,44.23799896240234,91300.0,-0.28527405858039856,-0.9202684760093688,-0.2620611786842346,91300.0,1001.510009765625,91300.0,0.5760431289672852,0.10177135467529297,1.9089083671569824,91300.0,0.2691100835800171,-9.524151802062988,-2.3213095664978027,91300.0,0.8451532125473022,-9.422380447387695,-0.4124012291431427
1724,91400.0,6.9790000915527335,-16.965999603271484,44.23799896240234,91400.0,0.09193521738052368,0.2000583708286285,-0.3029891550540924,91400.0,1001.4600219726564,91400.0,0.419219970703125,-2.666933059692384,-0.005166292190551758,91400.0,0.8227721452713013,-9.511174201965332,-2.2429890632629395,91400.0,1.2419921159744265,-12.178107261657715,-2.2481553554534908
1725,91500.0,6.158999919891357,-16.152000427246097,44.54800033569336,91500.0,0.09193521738052368,0.2000583708286285,-0.3029891550540924,91500.0,1001.4600219726564,91500.0,0.3419089317321777,-0.6824750900268555,2.9321651458740234,91500.0,1.1401019096374512,-9.738886833190918,0.15695346891880035,91500.0,1.4820108413696291,-10.421361923217773,3.0891187191009517
1726,91600.0,2.782999992370605,-6.619999885559082,49.46500015258789,91600.0,1.2687671184539795,0.8463537693023682,-0.13286319375038147,91600.0,1001.6400146484376,91600.0,0.3419089317321777,-0.6824750900268555,2.9321651458740234,91600.0,1.1401019096374512,-9.738886833190918,0.15695346891880035,91600.0,1.4820108413696291,-10.421361923217773,3.0891187191009517
1727,91700.0,-0.04199999943375588,-0.1599999964237213,50.67100143432617,91700.0,1.2687671184539795,0.8463537693023682,-0.13286319375038147,91700.0,1001.6400146484376,91700.0,0.9237614870071412,1.625678539276123,-2.7008018493652344,91700.0,0.5229349136352539,-9.527142524719238,2.26505708694458,91700.0,1.446696400642395,-7.901463985443115,-0.4357447028160095
1728,91800.0,-0.4449999928474426,4.188000202178955,50.67100143432617,91800.0,1.3084733486175537,-0.2528982162475586,0.35185837745666504,91800.0,1001.5399780273438,91800.0,0.9237614870071412,1.625678539276123,-2.7008018493652344,91800.0,0.5229349136352539,-9.527142524719238,2.26505708694458,91800.0,1.446696400642395,-7.901463985443115,-0.4357447028160095
1729,91900.0,-0.017999999225139618,8.8100004196167,50.67100143432617,91900.0,1.3084733486175537,-0.2528982162475586,0.35185837745666504,91900.0,1001.52001953125,91900.0,0.937613606452942,0.07788848876953125,-1.0110230445861816,91900.0,-1.7797740697860718,-8.926857948303223,3.648834705352783,91900.0,-0.8421604633331299,-8.848969459533691,2.6378116607666016
1730,91500.0,6.158999919891357,-16.152000427246097,44.54800033569336,91500.0,0.09193521738052368,0.2000583708286285,-0.3029891550540924,91500.0,1001.4600219726564,91500.0,0.3419089317321777,-0.6824750900268555,2.9321651458740234,91500.0,1.1401019096374512,-9.738886833190918,0.15695346891880035,91500.0,1.4820108413696291,-10.421361923217773,3.0891187191009517
1731,91600.0,2.782999992370605,-6.619999885559082,49.46500015258789,91600.0,1.2687671184539795,0.8463537693023682,-0.13286319375038147,91600.0,1001.6400146484376,91600.0,0.3419089317321777,-0.6824750900268555,2.9321651458740234,91600.0,1.1401019096374512,-9.738886833190918,0.15695346891880035,91600.0,1.4820108413696291,-10.421361923217773,3.0891187191009517
1732,91700.0,-0.04199999943375588,-0.1599999964237213,50.67100143432617,91700.0,1.2687671184539795,0.8463537693023682,-0.13286319375038147,91700.0,1001.6400146484376,91700.0,0.9237614870071412,1.625678539276123,-2.7008018493652344,91700.0,0.5229349136352539,-9.527142524719238,2.26505708694458,91700.0,1.446696400642395,-7.901463985443115,-0.4357447028160095
1733,91800.0,-0.4449999928474426,4.188000202178955,50.67100143432617,91800.0,1.3084733486175537,-0.2528982162475586,0.35185837745666504,91800.0,1001.5399780273438,91800.0,0.9237614870071412,1.625678539276123,-2.7008018493652344,91800.0,0.5229349136352539,-9.527142524719238,2.26505708694458,91800.0,1.446696400642395,-7.901463985443115,-0.4357447028160095
1734,91900.0,-0.017999999225139618,8.8100004196167,50.67100143432617,91900.0,1.3084733486175537,-0.2528982162475586,0.35185837745666504,91900.0,1001.52001953125,91900.0,0.937613606452942,0.07788848876953125,-1.0110230445861816,91900.0,-1.7797740697860718,-8.926857948303223,3.648834705352783,91900.0,-0.8421604633331299,-8.848969459533691,2.6378116607666016
1735,92000.0,0.5989999771118164,12.093999862670898,51.01699829101562,92000.0,0.9004153609275818,0.1111774742603302,1.2819007635116575,92000.0,1001.52001953125,92000.0,0.937613606452942,0.07788848876953125,-1.0110230445861816,92000.0,-1.7797740697860718,-8.926857948303223,3.648834705352783,92000.0,-0.8421604633331299,-8.848969459533691,2.6378116607666016
1736,92100.0,2.996000051498413,11.529000282287598,50.67200088500977,92100.0,0.9004153609275818,0.1111774742603302,1.2819007635116575,92100.0,1001.47998046875,92100.0,1.439316987991333,2.8967413902282715,-0.07421207427978516,92100.0,-2.130044221878052,-8.834959983825684,3.6846683025360094,92100.0,-0.690727174282074,-5.938218593597412,3.6104562282562256
1737,92200.0,3.6719999313354488,8.833000183105469,50.28900146484375,92200.0,0.05955936014652252,-0.06872233748435974,0.2119702398777008,92200.0,1001.47998046875,92200.0,1.439316987991333,2.8967413902282715,-0.07421207427978516,92200.0,-2.130044221878052,-8.834959983825684,3.6846683025360094,92200.0,-0.690727174282074,-5.938218593597412,3.6104562282562256
1738,92300.0,3.247999906539917,4.0,49.96599960327149,92300.0,-1.4899003505706787,-0.11514809727668762,-0.43157628178596497,92300.0,1001.47998046875,92300.0,-0.7048344612121582,-1.4904890060424805,4.588067054748535,92300.0,-1.4050557613372805,-9.634767532348633,1.169389247894287,92300.0,-2.1098902225494385,-11.125256538391113,5.757456302642822
1739,92400.0,3.615999937057495,-1.7300000190734863,49.96599960327149,92400.0,-1.4899003505706787,-0.11514809727668762,-0.43157628178596497,92400.0,1001.47998046875,92400.0,2.119035005569458,-0.2531700134277344,2.1832261085510254,92400.0,-0.2593388259410858,-9.771352767944336,-0.7898008227348328,92400.0,1.8596961498260496,-10.02452278137207,1.3934253454208374
1740,92000.0,0.5989999771118164,12.093999862670898,51.01699829101562,92000.0,0.9004153609275818,0.1111774742603302,1.2819007635116575,92000.0,1001.52001953125,92000.0,0.937613606452942,0.07788848876953125,-1.0110230445861816,92000.0,-1.7797740697860718,-8.926857948303223,3.648834705352783,92000.0,-0.8421604633331299,-8.848969459533691,2.6378116607666016
1741,92100.0,2.996000051498413,11.529000282287598,50.67200088500977,92100.0,0.9004153609275818,0.1111774742603302,1.2819007635116575,92100.0,1001.47998046875,92100.0,1.439316987991333,2.8967413902282715,-0.07421207427978516,92100.0,-2.130044221878052,-8.834959983825684,3.6846683025360094,92100.0,-0.690727174282074,-5.938218593597412,3.6104562282562256
1742,92200.0,3.6719999313354488,8.833000183105469,50.28900146484375,92200.0,0.05955936014652252,-0.06872233748435974,0.2119702398777008,92200.0,1001.47998046875,92200.0,1.439316987991333,2.8967413902282715,-0.07421207427978516,92200.0,-2.130044221878052,-8.834959983825684,3.6846683025360094,92200.0,-0.690727174282074,-5.938218593597412,3.6104562282562256
1743,92300.0,3.247999906539917,4.0,49.96599960327149,92300.0,-1.4899003505706787,-0.11514809727668762,-0.43157628178596497,92300.0,1001.47998046875,92300.0,-0.7048344612121582,-1.4904890060424805,4.588067054748535,92300.0,-1.4050557613372805,-9.634767532348633,1.169389247894287,92300.0,-2.1098902225494385,-11.125256538391113,5.757456302642822
1744,92400.0,3.615999937057495,-1.7300000190734863,49.96599960327149,92400.0,-1.4899003505706787,-0.11514809727668762,-0.43157628178596497,92400.0,1001.47998046875,92400.0,2.119035005569458,-0.2531700134277344,2.1832261085510254,92400.0,-0.2593388259410858,-9.771352767944336,-0.7898008227348328,92400.0,1.8596961498260496,-10.02452278137207,1.3934253454208374
1745,92500.0,2.3020000457763667,-6.311999797821045,49.96599960327149,92500.0,-1.056491494178772,0.014049900695681572,-0.6203336715698242,92500.0,1001.47998046875,92500.0,2.119035005569458,-0.2531700134277344,2.1832261085510254,92500.0,-0.2593388259410858,-9.771352767944336,-0.7898008227348328,92500.0,1.8596961498260496,-10.02452278137207,1.3934253454208374
1746,92600.0,2.992000102996826,-7.373000144958496,50.28900146484375,92600.0,-1.056491494178772,0.014049900695681572,-0.6203336715698242,92600.0,1001.47998046875,92600.0,-1.7892260551452637,0.4055614471435547,2.038799285888672,92600.0,0.5238905549049377,-9.648975372314453,-1.6712893247604368,92600.0,-1.2653355598449707,-9.243413925170898,0.3675099611282349
1747,92700.0,7.8520002365112305,-9.425000190734863,49.93199920654297,92700.0,-0.4615086913108826,0.37629300355911255,-0.4691445231437683,92700.0,1001.5,92700.0,-1.7892260551452637,0.4055614471435547,2.038799285888672,92700.0,0.5238905549049377,-9.648975372314453,-1.6712893247604368,92700.0,-1.2653355598449707,-9.243413925170898,0.3675099611282349
1748,92800.0,11.718000411987305,-11.598999977111815,47.78400039672852,92800.0,-0.4615086913108826,0.37629300355911255,-0.4691445231437683,92800.0,1001.4600219726564,92800.0,0.4300872683525085,0.020215988159179688,1.7432594299316406,92800.0,0.018825551494956017,-9.477910995483398,-2.517783641815185,92800.0,0.4489128291606903,-9.45769500732422,-0.7745242714881897
1749,92900.0,11.01200008392334,-15.628999710083008,46.25199890136719,92900.0,-0.42577308416366577,-0.7333437204360962,0.08949175477027893,92900.0,1001.4600219726564,92900.0,0.4300872683525085,0.020215988159179688,1.7432594299316406,92900.0,0.018825551494956017,-9.477910995483398,-2.517783641815185,92900.0,0.4489128291606903,-9.45769500732422,-0.7745242714881897
1750,92500.0,2.3020000457763667,-6.311999797821045,49.96599960327149,92500.0,-1.056491494178772,0.014049900695681572,-0.6203336715698242,92500.0,1001.47998046875,92500.0,2.119035005569458,-0.2531700134277344,2.1832261085510254,92500.0,-0.2593388259410858,-9.771352767944336,-0.7898008227348328,92500.0,1.8596961498260496,-10.02452278137207,1.3934253454208374
1751,92600.0,2.992000102996826,-7.373000144958496,50.28900146484375,92600.0,-1.056491494178772,0.014049900695681572,-0.6203336715698242,92600.0,1001.47998046875,92600.0,-1.7892260551452637,0.4055614471435547,2.038799285888672,92600.0,0.5238905549049377,-9.648975372314453,-1.6712893247604368,92600.0,-1.2653355598449707,-9.243413925170898,0.3675099611282349
1752,92700.0,7.8520002365112305,-9.425000190734863,49.93199920654297,92700.0,-0.4615086913108826,0.37629300355911255,-0.4691445231437683,92700.0,1001.5,92700.0,-1.7892260551452637,0.4055614471435547,2.038799285888672,92700.0,0.5238905549049377,-9.648975372314453,-1.6712893247604368,92700.0,-1.2653355598449707,-9.243413925170898,0.3675099611282349
1753,92800.0,11.718000411987305,-11.598999977111815,47.78400039672852,92800.0,-0.4615086913108826,0.37629300355911255,-0.4691445231437683,92800.0,1001.4600219726564,92800.0,0.4300872683525085,0.020215988159179688,1.7432594299316406,92800.0,0.018825551494956017,-9.477910995483398,-2.517783641815185,92800.0,0.4489128291606903,-9.45769500732422,-0.7745242714881897
1754,92900.0,11.01200008392334,-15.628999710083008,46.25199890136719,92900.0,-0.42577308416366577,-0.7333437204360962,0.08949175477027893,92900.0,1001.4600219726564,92900.0,0.4300872683525085,0.020215988159179688,1.7432594299316406,92900.0,0.018825551494956017,-9.477910995483398,-2.517783641815185,92900.0,0.4489128291606903,-9.45769500732422,-0.7745242714881897
1755,93000.0,9.963000297546387,-16.82200050354004,45.68899917602539,93000.0,-0.42577308416366577,-0.7333437204360962,0.08949175477027893,93000.0,1001.4500122070312,93000.0,0.30159926414489746,-0.22354507446289065,2.269352912902832,93000.0,-0.12023849040269853,-9.269464492797852,-3.198901653289795,93000.0,0.18136078119277954,-9.493009567260742,-0.9295487999916076
1756,93100.0,9.126999855041504,-17.193000793457028,45.38399887084961,93100.0,-0.3631593883037567,-0.7745771408081055,-0.1973094791173935,93100.0,1001.4500122070312,93100.0,0.30159926414489746,-0.22354507446289065,2.269352912902832,93100.0,-0.12023849040269853,-9.269464492797852,-3.198901653289795,93100.0,0.18136078119277954,-9.493009567260742,-0.9295487999916076
1757,93200.0,6.053999900817871,-16.534000396728516,45.38399887084961,93200.0,0.2816088795661926,0.2376265823841095,-0.3219259977340698,93200.0,1001.4600219726564,93200.0,-0.1401243805885315,-1.5722579956054688,-0.3369584083557129,93200.0,0.493269145488739,-9.384207725524902,-2.804234266281128,93200.0,0.3531447649002075,-10.956465721130373,-3.1411926746368413
1758,93300.0,3.642999887466431,-16.895999908447266,45.38399887084961,93300.0,0.2816088795661926,0.2376265823841095,-0.3219259977340698,93300.0,1001.4600219726564,93300.0,0.6218013763427734,-0.13370895385742188,0.0829172134399414,93300.0,1.3055310249328609,-9.61488151550293,-1.4212759733200069,93300.0,1.9273324012756348,-9.748590469360352,-1.338358759880066
1759,93400.0,2.9440000057220463,-12.366999626159668,46.237998962402344,93400.0,0.7577783465385437,1.0103710889816284,-0.2672535479068756,93400.0,1001.4500122070312,93400.0,0.6218013763427734,-0.13370895385742188,0.0829172134399414,93400.0,1.3055310249328609,-9.61488151550293,-1.4212759733200069,93400.0,1.9273324012756348,-9.748590469360352,-1.338358759880066
1760,93000.0,9.963000297546387,-16.82200050354004,45.68899917602539,93000.0,-0.42577308416366577,-0.7333437204360962,0.08949175477027893,93000.0,1001.4500122070312,93000.0,0.30159926414489746,-0.22354507446289065,2.269352912902832,93000.0,-0.12023849040269853,-9.269464492797852,-3.198901653289795,93000.0,0.18136078119277954,-9.493009567260742,-0.9295487999916076
1761,93100.0,9.126999855041504,-17.193000793457028,45.38399887084961,93100.0,-0.3631593883037567,-0.7745771408081055,-0.1973094791173935,93100.0,1001.4500122070312,93100.0,0.30159926414489746,-0.22354507446289065,2.269352912902832,93100.0,-0.12023849040269853,-9.269464492797852,-3.198901653289795,93100.0,0.18136078119277954,-9.493009567260742,-0.9295487999916076
1762,93200.0,6.053999900817871,-16.534000396728516,45.38399887084961,93200.0,0.2816088795661926,0.2376265823841095,-0.3219259977340698,93200.0,1001.4600219726564,93200.0,-0.1401243805885315,-1.5722579956054688,-0.3369584083557129,93200.0,0.493269145488739,-9.384207725524902,-2.804234266281128,93200.0,0.3531447649002075,-10.956465721130373,-3.1411926746368413
1763,93300.0,3.642999887466431,-16.895999908447266,45.38399887084961,93300.0,0.2816088795661926,0.2376265823841095,-0.3219259977340698,93300.0,1001.4600219726564,93300.0,0.6218013763427734,-0.13370895385742188,0.0829172134399414,93300.0,1.3055310249328609,-9.61488151550293,-1.4212759733200069,93300.0,1.9273324012756348,-9.748590469360352,-1.338358759880066
1764,93400.0,2.9440000057220463,-12.366999626159668,46.237998962402344,93400.0,0.7577783465385437,1.0103710889816284,-0.2672535479068756,93400.0,1001.4500122070312,93400.0,0.6218013763427734,-0.13370895385742188,0.0829172134399414,93400.0,1.3055310249328609,-9.61488151550293,-1.4212759733200069,93400.0,1.9273324012756348,-9.748590469360352,-1.338358759880066
1765,93500.0,-1.277999997138977,-7.059999942779541,46.9020004272461,93500.0,0.7577783465385437,1.0103710889816284,-0.2672535479068756,93500.0,1001.4500122070312,93500.0,0.8168063163757324,-0.4089870452880859,3.4553241729736333,93500.0,0.341987282037735,-9.790311813354492,0.4508158266544342,93500.0,1.158793568611145,-10.199298858642578,3.9061400890350337
1766,93600.0,-4.416999816894531,-1.1089999675750732,47.62699890136719,93600.0,0.9914342761039734,0.46089783310890203,0.5146539807319641,93600.0,1001.489990234375,93600.0,0.8168063163757324,-0.4089870452880859,3.4553241729736333,93600.0,0.341987282037735,-9.790311813354492,0.4508158266544342,93600.0,1.158793568611145,-10.199298858642578,3.9061400890350337
1767,93700.0,-6.633999824523926,4.506999969482422,47.974998474121094,93700.0,0.9914342761039734,0.46089783310890203,0.5146539807319641,93700.0,1001.4000244140624,93700.0,1.5312942266464231,-1.8053741455078125,1.3028554916381836,93700.0,-1.6839245557785034,-9.578455924987793,1.2601373195648191,93700.0,-0.15263035893440247,-11.383830070495605,2.562992811203003
1768,93800.0,-4.939000129699707,10.187999725341797,47.974998474121094,93800.0,0.5690209865570068,1.2342532873153689,0.9844093322753906,93800.0,1001.4000244140624,93800.0,1.5312942266464231,-1.8053741455078125,1.3028554916381836,93800.0,-1.6839245557785034,-9.578455924987793,1.2601373195648191,93800.0,-0.15263035893440247,-11.383830070495605,2.562992811203003
1769,93900.0,-3.961999893188477,12.687000274658205,47.29600143432617,93900.0,0.5690209865570068,1.2342532873153689,0.9844093322753906,93900.0,1001.3699951171876,93900.0,2.5591423511505127,3.7212553024291988,1.1648728847503662,93900.0,-2.880563974380493,-9.08366870880127,2.315099239349365,93900.0,-0.3214215636253357,-5.36241340637207,3.4799721240997314
1770,93500.0,-1.277999997138977,-7.059999942779541,46.9020004272461,93500.0,0.7577783465385437,1.0103710889816284,-0.2672535479068756,93500.0,1001.4500122070312,93500.0,0.8168063163757324,-0.4089870452880859,3.4553241729736333,93500.0,0.341987282037735,-9.790311813354492,0.4508158266544342,93500.0,1.158793568611145,-10.199298858642578,3.9061400890350337
1771,93600.0,-4.416999816894531,-1.1089999675750732,47.62699890136719,93600.0,0.9914342761039734,0.46089783310890203,0.5146539807319641,93600.0,1001.489990234375,93600.0,0.8168063163757324,-0.4089870452880859,3.4553241729736333,93600.0,0.341987282037735,-9.790311813354492,0.4508158266544342,93600.0,1.158793568611145,-10.199298858642578,3.9061400890350337
1772,93700.0,-6.633999824523926,4.506999969482422,47.974998474121094,93700.0,0.9914342761039734,0.46089783310890203,0.5146539807319641,93700.0,1001.4000244140624,93700.0,1.5312942266464231,-1.8053741455078125,1.3028554916381836,93700.0,-1.6839245557785034,-9.578455924987793,1.2601373195648191,93700.0,-0.15263035893440247,-11.383830070495605,2.562992811203003
1773,93800.0,-4.939000129699707,10.187999725341797,47.974998474121094,93800.0,0.5690209865570068,1.2342532873153689,0.9844093322753906,93800.0,1001.4000244140624,93800.0,1.5312942266464231,-1.8053741455078125,1.3028554916381836,93800.0,-1.6839245557785034,-9.578455924987793,1.2601373195648191,93800.0,-0.15263035893440247,-11.383830070495605,2.562992811203003
1774,93900.0,-3.961999893188477,12.687000274658205,47.29600143432617,93900.0,0.5690209865570068,1.2342532873153689,0.9844093322753906,93900.0,1001.3699951171876,93900.0,2.5591423511505127,3.7212553024291988,1.1648728847503662,93900.0,-2.880563974380493,-9.08366870880127,2.315099239349365,93900.0,-0.3214215636253357,-5.36241340637207,3.4799721240997314
1775,94000.0,-0.6850000023841858,11.359999656677244,46.50799942016602,94000.0,0.8127561807632446,0.6450737118721008,0.5690209865570068,94000.0,1001.3699951171876,94000.0,2.5591423511505127,3.7212553024291988,1.1648728847503662,94000.0,-2.880563974380493,-9.08366870880127,2.315099239349365,94000.0,-0.3214215636253357,-5.36241340637207,3.4799721240997314
1776,94100.0,0.024000000208616257,9.024999618530273,46.50799942016602,94100.0,-0.8286387324333191,-0.6258314251899719,-0.12858712673187256,94100.0,1001.4299926757812,94100.0,-0.06831550598144531,1.7191214561462402,5.328307151794434,94100.0,-2.4833049774169917,-9.40031909942627,1.2796894311904907,94100.0,-2.551620483398437,-7.681197643280027,6.607996463775635
1777,94200.0,0.9710000157356262,7.323999881744385,46.20600128173828,94200.0,-0.8286387324333191,-0.6258314251899719,-0.12858712673187256,94200.0,1001.4299926757812,94200.0,0.7760100364685059,-2.6748943328857417,4.373085021972656,94200.0,-1.8252689838409424,-9.618134498596193,-0.574684202671051,94200.0,-1.0492589473724363,-12.293028831481935,3.79840087890625
1778,94300.0,0.5199999809265137,0.8270000219345093,46.20600128173828,94300.0,-1.130406141281128,-0.20463985204696647,-0.3326161205768585,94300.0,1001.3800048828124,94300.0,0.7760100364685059,-2.6748943328857417,4.373085021972656,94300.0,-1.8252689838409424,-9.618134498596193,-0.574684202671051,94300.0,-1.0492589473724363,-12.293028831481935,3.79840087890625
1779,94400.0,0.8679999709129333,-4.144999980926514,46.54899978637695,94400.0,-1.130406141281128,-0.20463985204696647,-0.3326161205768585,94400.0,1001.3800048828124,94400.0,1.864373683929444,0.05496978759765625,2.6784229278564453,94400.0,-0.5876656174659729,-9.5886812210083,-1.9703377485275269,94400.0,1.2767080068588257,-9.533711433410645,0.7080851793289185
1780,94000.0,-0.6850000023841858,11.359999656677244,46.50799942016602,94000.0,0.8127561807632446,0.6450737118721008,0.5690209865570068,94000.0,1001.3699951171876,94000.0,2.5591423511505127,3.7212553024291988,1.1648728847503662,94000.0,-2.880563974380493,-9.08366870880127,2.315099239349365,94000.0,-0.3214215636253357,-5.36241340637207,3.4799721240997314
1781,94100.0,0.024000000208616257,9.024999618530273,46.50799942016602,94100.0,-0.8286387324333191,-0.6258314251899719,-0.12858712673187256,94100.0,1001.4299926757812,94100.0,-0.06831550598144531,1.7191214561462402,5.328307151794434,94100.0,-2.4833049774169917,-9.40031909942627,1.2796894311904907,94100.0,-2.551620483398437,-7.681197643280027,6.607996463775635
1782,94200.0,0.9710000157356262,7.323999881744385,46.20600128173828,94200.0,-0.8286387324333191,-0.6258314251899719,-0.12858712673187256,94200.0,1001.4299926757812,94200.0,0.7760100364685059,-2.6748943328857417,4.373085021972656,94200.0,-1.8252689838409424,-9.618134498596193,-0.574684202671051,94200.0,-1.0492589473724363,-12.293028831481935,3.79840087890625
1783,94300.0,0.5199999809265137,0.8270000219345093,46.20600128173828,94300.0,-1.130406141281128,-0.20463985204696647,-0.3326161205768585,94300.0,1001.3800048828124,94300.0,0.7760100364685059,-2.6748943328857417,4.373085021972656,94300.0,-1.8252689838409424,-9.618134498596193,-0.574684202671051,94300.0,-1.0492589473724363,-12.293028831481935,3.79840087890625
1784,94400.0,0.8679999709129333,-4.144999980926514,46.54899978637695,94400.0,-1.130406141281128,-0.20463985204696647,-0.3326161205768585,94400.0,1001.3800048828124,94400.0,1.864373683929444,0.05496978759765625,2.6784229278564453,94400.0,-0.5876656174659729,-9.5886812210083,-1.9703377485275269,94400.0,1.2767080068588257,-9.533711433410645,0.7080851793289185
1785,94500.0,1.184000015258789,-6.037000179290772,46.54899978637695,94500.0,-0.7657195925712585,0.1973094791173935,-0.6487388610839844,94500.0,1001.3800048828124,94500.0,1.864373683929444,0.05496978759765625,2.6784229278564453,94500.0,-0.5876656174659729,-9.5886812210083,-1.9703377485275269,94500.0,1.2767080068588257,-9.533711433410645,0.7080851793289185
1786,94600.0,2.763999938964844,-8.215000152587889,46.54899978637695,94600.0,-0.7657195925712585,0.1973094791173935,-0.6487388610839844,94600.0,1001.469970703125,94600.0,0.6695975065231323,0.3154096603393555,4.189976692199707,94600.0,-0.38708168268203735,-9.358907699584961,-2.90369176864624,94600.0,0.2825157940387726,-9.043498039245604,1.2862848043441772
1787,94700.0,7.507999897003174,-9.600000381469727,45.78499984741211,94700.0,-0.5433646440505981,-0.06872233748435974,-0.14538592100143433,94700.0,1001.469970703125,94700.0,0.6695975065231323,0.3154096603393555,4.189976692199707,94700.0,-0.38708168268203735,-9.358907699584961,-2.90369176864624,94700.0,0.2825157940387726,-9.043498039245604,1.2862848043441772
1788,94800.0,9.913000106811523,-12.138999938964846,44.233001708984375,94800.0,-0.5433646440505981,-0.06872233748435974,-0.14538592100143433,94800.0,1001.4199829101564,94800.0,1.304837942123413,-0.5665254592895508,4.913702011108398,94800.0,-0.9678540825843812,-8.866629600524902,-4.076329708099365,94800.0,0.3369838893413544,-9.433155059814453,0.8373720645904541
1789,94900.0,8.685000419616701,-15.048999786376953,43.34700012207031,94900.0,-0.769690215587616,-0.5448917746543884,0.1371392458677292,94900.0,1001.4199829101564,94900.0,1.304837942123413,-0.5665254592895508,4.913702011108398,94900.0,-0.9678540825843812,-8.866629600524902,-4.076329708099365,94900.0,0.3369838893413544,-9.433155059814453,0.8373720645904541
1790,94500.0,1.184000015258789,-6.037000179290772,46.54899978637695,94500.0,-0.7657195925712585,0.1973094791173935,-0.6487388610839844,94500.0,1001.3800048828124,94500.0,1.864373683929444,0.05496978759765625,2.6784229278564453,94500.0,-0.5876656174659729,-9.5886812210083,-1.9703377485275269,94500.0,1.2767080068588257,-9.533711433410645,0.7080851793289185
1791,94600.0,2.763999938964844,-8.215000152587889,46.54899978637695,94600.0,-0.7657195925712585,0.1973094791173935,-0.6487388610839844,94600.0,1001.469970703125,94600.0,0.6695975065231323,0.3154096603393555,4.189976692199707,94600.0,-0.38708168268203735,-9.358907699584961,-2.90369176864624,94600.0,0.2825157940387726,-9.043498039245604,1.2862848043441772
1792,94700.0,7.507999897003174,-9.600000381469727,45.78499984741211,94700.0,-0.5433646440505981,-0.06872233748435974,-0.14538592100143433,94700.0,1001.469970703125,94700.0,0.6695975065231323,0.3154096603393555,4.189976692199707,94700.0,-0.38708168268203735,-9.358907699584961,-2.90369176864624,94700.0,0.2825157940387726,-9.043498039245604,1.2862848043441772
1793,94800.0,9.913000106811523,-12.138999938964846,44.233001708984375,94800.0,-0.5433646440505981,-0.06872233748435974,-0.14538592100143433,94800.0,1001.4199829101564,94800.0,1.304837942123413,-0.5665254592895508,4.913702011108398,94800.0,-0.9678540825843812,-8.866629600524902,-4.076329708099365,94800.0,0.3369838893413544,-9.433155059814453,0.8373720645904541
1794,94900.0,8.685000419616701,-15.048999786376953,43.34700012207031,94900.0,-0.769690215587616,-0.5448917746543884,0.1371392458677292,94900.0,1001.4199829101564,94900.0,1.304837942123413,-0.5665254592895508,4.913702011108398,94900.0,-0.9678540825843812,-8.866629600524902,-4.076329708099365,94900.0,0.3369838893413544,-9.433155059814453,0.8373720645904541
1795,95000.0,8.309000015258789,-16.454999923706055,41.88199996948242,95000.0,-0.42699480056762695,-0.8527678847312927,-0.18509216606616974,95000.0,1001.2999877929688,95000.0,1.217739462852478,-0.986863136291504,3.338289737701416,95000.0,-1.3583987951278689,-8.568395614624022,-4.572500705718994,95000.0,-0.14065934717655182,-9.555258750915527,-1.234210968017578
1796,95100.0,8.189999580383299,-16.454999923706055,41.88199996948242,95100.0,-0.42699480056762695,-0.8527678847312927,-0.18509216606616974,95100.0,1001.2999877929688,95100.0,0.1519244909286499,-1.950786590576172,1.246450901031494,95100.0,-0.658298134803772,-8.83569049835205,-4.203289985656738,95100.0,-0.5063736438751221,-10.786477088928224,-2.9568390846252437
1797,95200.0,4.053999900817871,-16.429000854492188,41.46799850463867,95200.0,0.2687807083129883,0.2864958047866821,-0.31123584508895874,95200.0,1001.4299926757812,95200.0,0.1519244909286499,-1.950786590576172,1.246450901031494,95200.0,-0.658298134803772,-8.83569049835205,-4.203289985656738,95200.0,-0.5063736438751221,-10.786477088928224,-2.9568390846252437
1798,95300.0,2.322000026702881,-16.429000854492188,41.46799850463867,95300.0,0.2687807083129883,0.2864958047866821,-0.31123584508895874,95300.0,1001.4299926757812,95300.0,0.7256393432617188,-1.581197738647461,1.5264911651611328,95300.0,0.6366614103317261,-9.273513793945312,-3.125219345092773,95300.0,1.3623007535934448,-10.854711532592773,-1.5987281799316406
1799,95400.0,2.0169999599456787,-15.451000213623047,41.46799850463867,95400.0,0.6429356932640076,1.0558805465698242,-0.3396410644054413,95400.0,1001.4099731445312,95400.0,0.7256393432617188,-1.581197738647461,1.5264911651611328,95400.0,0.6366614103317261,-9.273513793945312,-3.125219345092773,95400.0,1.3623007535934448,-10.854711532592773,-1.5987281799316406
1800,95000.0,8.309000015258789,-16.454999923706055,41.88199996948242,95000.0,-0.42699480056762695,-0.8527678847312927,-0.18509216606616974,95000.0,1001.2999877929688,95000.0,1.217739462852478,-0.986863136291504,3.338289737701416,95000.0,-1.3583987951278689,-8.568395614624022,-4.572500705718994,95000.0,-0.14065934717655182,-9.555258750915527,-1.234210968017578
1801,95100.0,8.189999580383299,-16.454999923706055,41.88199996948242,95100.0,-0.42699480056762695,-0.8527678847312927,-0.18509216606616974,95100.0,1001.2999877929688,95100.0,0.1519244909286499,-1.950786590576172,1.246450901031494,95100.0,-0.658298134803772,-8.83569049835205,-4.203289985656738,95100.0,-0.5063736438751221,-10.786477088928224,-2.9568390846252437
1802,95200.0,4.053999900817871,-16.429000854492188,41.46799850463867,95200.0,0.2687807083129883,0.2864958047866821,-0.31123584508895874,95200.0,1001.4299926757812,95200.0,0.1519244909286499,-1.950786590576172,1.246450901031494,95200.0,-0.658298134803772,-8.83569049835205,-4.203289985656738,95200.0,-0.5063736438751221,-10.786477088928224,-2.9568390846252437
1803,95300.0,2.322000026702881,-16.429000854492188,41.46799850463867,95300.0,0.2687807083129883,0.2864958047866821,-0.31123584508895874,95300.0,1001.4299926757812,95300.0,0.7256393432617188,-1.581197738647461,1.5264911651611328,95300.0,0.6366614103317261,-9.273513793945312,-3.125219345092773,95300.0,1.3623007535934448,-10.854711532592773,-1.5987281799316406
1804,95400.0,2.0169999599456787,-15.451000213623047,41.46799850463867,95400.0,0.6429356932640076,1.0558805465698242,-0.3396410644054413,95400.0,1001.4099731445312,95400.0,0.7256393432617188,-1.581197738647461,1.5264911651611328,95400.0,0.6366614103317261,-9.273513793945312,-3.125219345092773,95400.0,1.3623007535934448,-10.854711532592773,-1.5987281799316406
1805,95500.0,0.5490000247955322,-8.35099983215332,42.50299835205078,95500.0,0.6429356932640076,1.0558805465698242,-0.3396410644054413,95500.0,1001.469970703125,95500.0,-0.2605527639389038,-0.4144163131713867,2.3339619636535645,95500.0,0.7369989156723022,-9.713655471801758,-1.1278829574584959,95500.0,0.4764461517333984,-10.128071784973145,1.206079125404358
1806,95600.0,-1.5130000114440918,-3.859999895095825,44.71799850463867,95600.0,1.0900890827178955,0.5677992701530457,0.02748893573880196,95600.0,1001.469970703125,95600.0,-0.2605527639389038,-0.4144163131713867,2.3339619636535645,95600.0,0.7369989156723022,-9.713655471801758,-1.1278829574584959,95600.0,0.4764461517333984,-10.128071784973145,1.206079125404358
1807,95700.0,-2.440999984741211,1.7760000228881836,45.56399917602539,95700.0,1.0900890827178955,0.5677992701530457,0.02748893573880196,95700.0,1001.4199829101564,95700.0,2.5149717330932617,0.5670337677001953,3.3066091537475586,95700.0,-0.16745683550834656,-9.793089866638184,0.4876020550727844,95700.0,2.3475148677825928,-9.226056098937988,3.794211149215698
1808,95800.0,-2.986999988555908,9.015999794006348,45.57600021362305,95800.0,0.8368853926658629,0.6600399017333984,0.5537493228912354,95800.0,1001.4199829101564,95800.0,2.5149717330932617,0.5670337677001953,3.3066091537475586,95800.0,-0.16745683550834656,-9.793089866638184,0.4876020550727844,95800.0,2.3475148677825928,-9.226056098937988,3.794211149215698
1809,95900.0,-2.565000057220459,14.175000190734865,45.89899826049805,95900.0,1.3964380025863647,-0.3246748745441437,1.1062769889831543,95900.0,1001.2999877929688,95900.0,1.9387352466583248,0.954193115234375,0.14186644554138186,95900.0,-1.966268539428711,-9.152538299560547,2.9215145111083984,95900.0,-0.02753331884741783,-8.198345184326174,3.0633809566497803
1810,95500.0,0.5490000247955322,-8.35099983215332,42.50299835205078,95500.0,0.6429356932640076,1.0558805465698242,-0.3396410644054413,95500.0,1001.469970703125,95500.0,-0.2605527639389038,-0.4144163131713867,2.3339619636535645,95500.0,0.7369989156723022,-9.713655471801758,-1.1278829574584959,95500.0,0.4764461517333984,-10.128071784973145,1.206079125404358
1811,95600.0,-1.5130000114440918,-3.859999895095825,44.71799850463867,95600.0,1.0900890827178955,0.5677992701530457,0.02748893573880196,95600.0,1001.469970703125,95600.0,-0.2605527639389038,-0.4144163131713867,2.3339619636535645,95600.0,0.7369989156723022,-9.713655471801758,-1.1278829574584959,95600.0,0.4764461517333984,-10.128071784973145,1.206079125404358
1812,95700.0,-2.440999984741211,1.7760000228881836,45.56399917602539,95700.0,1.0900890827178955,0.5677992701530457,0.02748893573880196,95700.0,1001.4199829101564,95700.0,2.5149717330932617,0.5670337677001953,3.3066091537475586,95700.0,-0.16745683550834656,-9.793089866638184,0.4876020550727844,95700.0,2.3475148677825928,-9.226056098937988,3.794211149215698
1813,95800.0,-2.986999988555908,9.015999794006348,45.57600021362305,95800.0,0.8368853926658629,0.6600399017333984,0.5537493228912354,95800.0,1001.4199829101564,95800.0,2.5149717330932617,0.5670337677001953,3.3066091537475586,95800.0,-0.16745683550834656,-9.793089866638184,0.4876020550727844,95800.0,2.3475148677825928,-9.226056098937988,3.794211149215698
1814,95900.0,-2.565000057220459,14.175000190734865,45.89899826049805,95900.0,1.3964380025863647,-0.3246748745441437,1.1062769889831543,95900.0,1001.2999877929688,95900.0,1.9387352466583248,0.954193115234375,0.14186644554138186,95900.0,-1.966268539428711,-9.152538299560547,2.9215145111083984,95900.0,-0.02753331884741783,-8.198345184326174,3.0633809566497803
1815,96000.0,3.845999956130981,17.316999435424805,43.70800018310547,96000.0,1.3964380025863647,-0.3246748745441437,1.1062769889831543,96000.0,1001.2999877929688,96000.0,0.9291824102401732,3.756577014923096,0.8768472671508789,96000.0,-2.314228057861328,-8.864007949829102,3.4991550445556636,96000.0,-1.3850456476211548,-5.107430934906006,4.376002311706543
1816,96100.0,6.9070000648498535,16.679000854492188,43.31499862670898,96100.0,0.1866193264722824,-0.6954700946807861,0.4337143301963806,96100.0,1001.2899780273438,96100.0,0.9291824102401732,3.756577014923096,0.8768472671508789,96100.0,-2.314228057861328,-8.864007949829102,3.4991550445556636,96100.0,-1.3850456476211548,-5.107430934906006,4.376002311706543
1817,96200.0,7.640999794006348,12.722000122070312,43.67300033569336,96200.0,0.1866193264722824,-0.6954700946807861,0.4337143301963806,96200.0,1001.2899780273438,96200.0,-2.67641544342041,-8.93237018585205,5.145632743835449,96200.0,-2.5944194793701167,-9.113326072692873,2.52718472480774,96200.0,-5.270834922790527,-18.045696258544922,7.672817707061768
1818,96300.0,9.08199977874756,10.446000099182127,43.67300033569336,96300.0,-0.7076873779296875,-0.5057964324951172,0.3136793076992035,96300.0,1001.3099975585938,96300.0,-2.67641544342041,-8.93237018585205,5.145632743835449,96300.0,-2.5944194793701167,-9.113326072692873,2.52718472480774,96300.0,-5.270834922790527,-18.045696258544922,7.672817707061768
1819,96400.0,8.232999801635742,6.320000171661378,45.95600128173828,96400.0,-0.7076873779296875,-0.5057964324951172,0.3136793076992035,96400.0,1001.3699951171876,96400.0,-1.1001049280166626,-0.020435333251953125,2.482522487640381,96400.0,1.0318701267242432,-9.709600448608398,0.910659670829773,96400.0,-0.06823474913835527,-9.730035781860352,3.393182277679444
1820,96000.0,3.845999956130981,17.316999435424805,43.70800018310547,96000.0,1.3964380025863647,-0.3246748745441437,1.1062769889831543,96000.0,1001.2999877929688,96000.0,0.9291824102401732,3.756577014923096,0.8768472671508789,96000.0,-2.314228057861328,-8.864007949829102,3.4991550445556636,96000.0,-1.3850456476211548,-5.107430934906006,4.376002311706543
1821,96100.0,6.9070000648498535,16.679000854492188,43.31499862670898,96100.0,0.1866193264722824,-0.6954700946807861,0.4337143301963806,96100.0,1001.2899780273438,96100.0,0.9291824102401732,3.756577014923096,0.8768472671508789,96100.0,-2.314228057861328,-8.864007949829102,3.4991550445556636,96100.0,-1.3850456476211548,-5.107430934906006,4.376002311706543
1822,96200.0,7.640999794006348,12.722000122070312,43.67300033569336,96200.0,0.1866193264722824,-0.6954700946807861,0.4337143301963806,96200.0,1001.2899780273438,96200.0,-2.67641544342041,-8.93237018585205,5.145632743835449,96200.0,-2.5944194793701167,-9.113326072692873,2.52718472480774,96200.0,-5.270834922790527,-18.045696258544922,7.672817707061768
1823,96300.0,9.08199977874756,10.446000099182127,43.67300033569336,96300.0,-0.7076873779296875,-0.5057964324951172,0.3136793076992035,96300.0,1001.3099975585938,96300.0,-2.67641544342041,-8.93237018585205,5.145632743835449,96300.0,-2.5944194793701167,-9.113326072692873,2.52718472480774,96300.0,-5.270834922790527,-18.045696258544922,7.672817707061768
1824,96400.0,8.232999801635742,6.320000171661378,45.95600128173828,96400.0,-0.7076873779296875,-0.5057964324951172,0.3136793076992035,96400.0,1001.3699951171876,96400.0,-1.1001049280166626,-0.020435333251953125,2.482522487640381,96400.0,1.0318701267242432,-9.709600448608398,0.910659670829773,96400.0,-0.06823474913835527,-9.730035781860352,3.393182277679444
1825,96500.0,7.125,2.5799999237060547,47.53099822998047,96500.0,-0.7098253965377808,-0.16462817788124084,-0.7837401032447815,96500.0,1001.3699951171876,96500.0,-1.1001049280166626,-0.020435333251953125,2.482522487640381,96500.0,1.0318701267242432,-9.709600448608398,0.910659670829773,96500.0,-0.06823474913835527,-9.730035781860352,3.393182277679444
1826,96600.0,4.901000022888184,0.12300000339746475,48.99700164794922,96600.0,-0.7098253965377808,-0.16462817788124084,-0.7837401032447815,96600.0,1001.3599853515624,96600.0,-1.1587580442428589,-1.7141160964965818,-0.2661685943603516,96600.0,1.6334085464477541,-9.602078437805176,1.1412492990493774,96600.0,0.4746504724025726,-11.316194534301758,0.8750807046890259
1827,96700.0,6.333000183105469,-2.0409998893737797,48.58300018310547,96700.0,-0.4865541756153106,-0.009162978269159794,-1.1056660413742063,96700.0,1001.3599853515624,96700.0,-1.1587580442428589,-1.7141160964965818,-0.2661685943603516,96700.0,1.6334085464477541,-9.602078437805176,1.1412492990493774,96700.0,0.4746504724025726,-11.316194534301758,0.8750807046890259
1828,96800.0,5.61299991607666,-5.370999813079834,48.91600036621094,96800.0,-0.7440338730812073,0.05619960278272629,0.21410827338695526,96800.0,1001.4000244140624,96800.0,0.9782951474189758,0.9022064208984376,0.002479374408721924,96800.0,-0.6185663342475891,-9.772125244140623,0.5416029691696167,96800.0,0.3597288131713867,-8.869918823242188,0.5440823435783386
1829,96900.0,8.14900016784668,-7.678999900817871,48.91600036621094,96900.0,-0.7440338730812073,0.05619960278272629,0.21410827338695526,96900.0,1001.4000244140624,96900.0,1.3609625101089478,-0.052211761474609375,0.4506522417068482,96900.0,-0.6690382361412048,-9.783767700195312,0.02639244496822357,96900.0,0.6919242739677429,-9.835979461669922,0.4770447015762329
1830,96500.0,7.125,2.5799999237060547,47.53099822998047,96500.0,-0.7098253965377808,-0.16462817788124084,-0.7837401032447815,96500.0,1001.3699951171876,96500.0,-1.1001049280166626,-0.020435333251953125,2.482522487640381,96500.0,1.0318701267242432,-9.709600448608398,0.910659670829773,96500.0,-0.06823474913835527,-9.730035781860352,3.393182277679444
1831,96600.0,4.901000022888184,0.12300000339746475,48.99700164794922,96600.0,-0.7098253965377808,-0.16462817788124084,-0.7837401032447815,96600.0,1001.3599853515624,96600.0,-1.1587580442428589,-1.7141160964965818,-0.2661685943603516,96600.0,1.6334085464477541,-9.602078437805176,1.1412492990493774,96600.0,0.4746504724025726,-11.316194534301758,0.8750807046890259
1832,96700.0,6.333000183105469,-2.0409998893737797,48.58300018310547,96700.0,-0.4865541756153106,-0.009162978269159794,-1.1056660413742063,96700.0,1001.3599853515624,96700.0,-1.1587580442428589,-1.7141160964965818,-0.2661685943603516,96700.0,1.6334085464477541,-9.602078437805176,1.1412492990493774,96700.0,0.4746504724025726,-11.316194534301758,0.8750807046890259
1833,96800.0,5.61299991607666,-5.370999813079834,48.91600036621094,96800.0,-0.7440338730812073,0.05619960278272629,0.21410827338695526,96800.0,1001.4000244140624,96800.0,0.9782951474189758,0.9022064208984376,0.002479374408721924,96800.0,-0.6185663342475891,-9.772125244140623,0.5416029691696167,96800.0,0.3597288131713867,-8.869918823242188,0.5440823435783386
1834,96900.0,8.14900016784668,-7.678999900817871,48.91600036621094,96900.0,-0.7440338730812073,0.05619960278272629,0.21410827338695526,96900.0,1001.4000244140624,96900.0,1.3609625101089478,-0.052211761474609375,0.4506522417068482,96900.0,-0.6690382361412048,-9.783767700195312,0.02639244496822357,96900.0,0.6919242739677429,-9.835979461669922,0.4770447015762329
1835,97000.0,8.428000450134277,-11.958999633789064,48.12699890136719,97000.0,-0.969137728214264,0.2580905556678772,0.27947086095809937,97000.0,1001.3699951171876,97000.0,1.3609625101089478,-0.052211761474609375,0.4506522417068482,97000.0,-0.6690382361412048,-9.783767700195312,0.02639244496822357,97000.0,0.6919242739677429,-9.835979461669922,0.4770447015762329
1836,97100.0,8.428000450134277,-13.456000328063965,47.737998962402344,97100.0,-0.969137728214264,0.2580905556678772,0.27947086095809937,97100.0,1001.3699951171876,97100.0,-0.15520894527435306,-0.4542694091796875,-1.7411390542984009,97100.0,0.6933057904243469,-9.718693733215332,1.1120625734329224,97100.0,0.5380968451499939,-10.17296314239502,-0.6290764808654785
1837,97200.0,7.624000072479247,-13.633000373840332,47.42699813842773,97200.0,-0.1936442852020264,-0.4670064747333527,-0.3723223805427551,97200.0,1001.3599853515624,97200.0,-0.15520894527435306,-0.4542694091796875,-1.7411390542984009,97200.0,0.6933057904243469,-9.718693733215332,1.1120625734329224,97200.0,0.5380968451499939,-10.17296314239502,-0.6290764808654785
1838,97300.0,4.701000213623047,-13.633000373840332,47.42699813842773,97300.0,-0.1936442852020264,-0.4670064747333527,-0.3723223805427551,97300.0,1001.3800048828124,97300.0,0.3102202117443085,-1.5116186141967771,-1.2521399259567259,97300.0,0.4523330032825471,-9.758487701416016,0.8588922619819641,97300.0,0.7625532150268555,-11.270106315612793,-0.3932476341724396
1839,97400.0,3.4040000438690186,-13.633000373840332,48.097999572753906,97400.0,-0.2580905556678772,0.4740314185619354,-0.3194825351238251,97400.0,1001.3800048828124,97400.0,0.3102202117443085,-1.5116186141967771,-1.2521399259567259,97400.0,0.4523330032825471,-9.758487701416016,0.8588922619819641,97400.0,0.7625532150268555,-11.270106315612793,-0.3932476341724396
1840,97000.0,8.428000450134277,-11.958999633789064,48.12699890136719,97000.0,-0.969137728214264,0.2580905556678772,0.27947086095809937,97000.0,1001.3699951171876,97000.0,1.3609625101089478,-0.052211761474609375,0.4506522417068482,97000.0,-0.6690382361412048,-9.783767700195312,0.02639244496822357,97000.0,0.6919242739677429,-9.835979461669922,0.4770447015762329
1841,97100.0,8.428000450134277,-13.456000328063965,47.737998962402344,97100.0,-0.969137728214264,0.2580905556678772,0.27947086095809937,97100.0,1001.3699951171876,97100.0,-0.15520894527435306,-0.4542694091796875,-1.7411390542984009,97100.0,0.6933057904243469,-9.718693733215332,1.1120625734329224,97100.0,0.5380968451499939,-10.17296314239502,-0.6290764808654785
1842,97200.0,7.624000072479247,-13.633000373840332,47.42699813842773,97200.0,-0.1936442852020264,-0.4670064747333527,-0.3723223805427551,97200.0,1001.3599853515624,97200.0,-0.15520894527435306,-0.4542694091796875,-1.7411390542984009,97200.0,0.6933057904243469,-9.718693733215332,1.1120625734329224,97200.0,0.5380968451499939,-10.17296314239502,-0.6290764808654785
1843,97300.0,4.701000213623047,-13.633000373840332,47.42699813842773,97300.0,-0.1936442852020264,-0.4670064747333527,-0.3723223805427551,97300.0,1001.3800048828124,97300.0,0.3102202117443085,-1.5116186141967771,-1.2521399259567259,97300.0,0.4523330032825471,-9.758487701416016,0.8588922619819641,97300.0,0.7625532150268555,-11.270106315612793,-0.3932476341724396
1844,97400.0,3.4040000438690186,-13.633000373840332,48.097999572753906,97400.0,-0.2580905556678772,0.4740314185619354,-0.3194825351238251,97400.0,1001.3800048828124,97400.0,0.3102202117443085,-1.5116186141967771,-1.2521399259567259,97400.0,0.4523330032825471,-9.758487701416016,0.8588922619819641,97400.0,0.7625532150268555,-11.270106315612793,-0.3932476341724396
1845,97500.0,3.4140000343322754,-8.659999847412111,50.37799835205078,97500.0,-0.2580905556678772,0.4740314185619354,-0.3194825351238251,97500.0,1001.47998046875,97500.0,1.5784238576889038,-1.5898761749267578,-0.4661226272583008,97500.0,0.2519433796405792,-9.476123809814453,2.511967897415161,97500.0,1.8303672075271609,-11.065999984741213,2.0458452701568604
1846,97600.0,0.15800000727176666,-0.04800000041723251,53.53200149536133,97600.0,0.6707300543785095,0.3045163154602051,-0.11239920556545258,97600.0,1001.47998046875,97600.0,1.5784238576889038,-1.5898761749267578,-0.4661226272583008,97600.0,0.2519433796405792,-9.476123809814453,2.511967897415161,97600.0,1.8303672075271609,-11.065999984741213,2.0458452701568604
1847,97700.0,-1.218999981880188,8.958000183105469,54.20299911499024,97700.0,1.5934419631958008,-0.5222898125648499,0.3628539443016052,97700.0,1001.3800048828124,97700.0,0.2723877429962158,-0.9427194595336914,-3.412453413009644,97700.0,-0.21372981369495392,-8.981844902038574,3.930798053741455,97700.0,0.0586579404771328,-9.924564361572266,0.5183446407318115
1848,97800.0,-1.430999994277954,16.86400032043457,53.76100158691406,97800.0,1.5934419631958008,-0.5222898125648499,0.3628539443016052,97800.0,1001.3800048828124,97800.0,2.464943647384644,-0.5334329605102539,-3.2840492725372314,97800.0,-2.668450832366944,-7.335111141204834,5.9368247985839835,97800.0,-0.20350714027881625,-7.868544101715088,2.652775526046753
1849,97900.0,2.2790000438690186,22.985000610351573,53.76100158691406,97900.0,1.4917329549789429,0.4028656184673309,1.415374755859375,97900.0,1001.3300170898438,97900.0,2.464943647384644,-0.5334329605102539,-3.2840492725372314,97900.0,-2.668450832366944,-7.335111141204834,5.9368247985839835,97900.0,-0.20350714027881625,-7.868544101715088,2.652775526046753
1850,97500.0,3.4140000343322754,-8.659999847412111,50.37799835205078,97500.0,-0.2580905556678772,0.4740314185619354,-0.3194825351238251,97500.0,1001.47998046875,97500.0,1.5784238576889038,-1.5898761749267578,-0.4661226272583008,97500.0,0.2519433796405792,-9.476123809814453,2.511967897415161,97500.0,1.8303672075271609,-11.065999984741213,2.0458452701568604
1851,97600.0,0.15800000727176666,-0.04800000041723251,53.53200149536133,97600.0,0.6707300543785095,0.3045163154602051,-0.11239920556545258,97600.0,1001.47998046875,97600.0,1.5784238576889038,-1.5898761749267578,-0.4661226272583008,97600.0,0.2519433796405792,-9.476123809814453,2.511967897415161,97600.0,1.8303672075271609,-11.065999984741213,2.0458452701568604
1852,97700.0,-1.218999981880188,8.958000183105469,54.20299911499024,97700.0,1.5934419631958008,-0.5222898125648499,0.3628539443016052,97700.0,1001.3800048828124,97700.0,0.2723877429962158,-0.9427194595336914,-3.412453413009644,97700.0,-0.21372981369495392,-8.981844902038574,3.930798053741455,97700.0,0.0586579404771328,-9.924564361572266,0.5183446407318115
1853,97800.0,-1.430999994277954,16.86400032043457,53.76100158691406,97800.0,1.5934419631958008,-0.5222898125648499,0.3628539443016052,97800.0,1001.3800048828124,97800.0,2.464943647384644,-0.5334329605102539,-3.2840492725372314,97800.0,-2.668450832366944,-7.335111141204834,5.9368247985839835,97800.0,-0.20350714027881625,-7.868544101715088,2.652775526046753
1854,97900.0,2.2790000438690186,22.985000610351573,53.76100158691406,97900.0,1.4917329549789429,0.4028656184673309,1.415374755859375,97900.0,1001.3300170898438,97900.0,2.464943647384644,-0.5334329605102539,-3.2840492725372314,97900.0,-2.668450832366944,-7.335111141204834,5.9368247985839835,97900.0,-0.20350714027881625,-7.868544101715088,2.652775526046753
1855,98000.0,8.104999542236326,24.82399940490723,50.29899978637695,98000.0,1.4917329549789429,0.4028656184673309,1.415374755859375,98000.0,1001.3300170898438,98000.0,1.9715800285339355,2.1703906059265137,-1.388803005218506,98000.0,-2.645547866821289,-7.185046195983888,6.1275267601013175,98000.0,-0.6739677786827087,-5.014655590057373,4.7387237548828125
1856,98100.0,9.687000274658203,21.832000732421875,51.14199829101562,98100.0,0.06658431142568587,-0.2678644061088562,0.2342668175697327,98100.0,1001.3200073242188,98100.0,1.9715800285339355,2.1703906059265137,-1.388803005218506,98100.0,-2.645547866821289,-7.185046195983888,6.1275267601013175,98100.0,-0.6739677786827087,-5.014655590057373,4.7387237548828125
1857,98200.0,8.800999641418457,19.047000885009766,52.54299926757813,98200.0,0.06658431142568587,-0.2678644061088562,0.2342668175697327,98200.0,1001.3699951171876,98200.0,3.482490062713623,-1.6809740066528318,1.1129684448242188,98200.0,-1.0817043781280518,-8.338161468505861,5.047312736511231,98200.0,2.4007856845855717,-10.019135475158693,6.160281181335449
1858,98300.0,7.089000225067139,11.96399974822998,56.22100067138672,98300.0,-0.8329147696495056,-0.6298020482063293,-0.2782491147518158,98300.0,1001.3699951171876,98300.0,3.482490062713623,-1.6809740066528318,1.1129684448242188,98300.0,-1.0817043781280518,-8.338161468505861,5.047312736511231,98300.0,2.4007856845855717,-10.019135475158693,6.160281181335449
1859,98400.0,4.017000198364259,7.855999946594237,57.77799987792969,98400.0,-0.8329147696495056,-0.6298020482063293,-0.2782491147518158,98400.0,1001.4099731445312,98400.0,0.011978864669799805,0.4382810592651367,-2.8742966651916504,98400.0,1.0277031660079956,-9.094517707824707,3.521928310394287,98400.0,1.0396820306777954,-8.65623664855957,0.6476315855979919
1860,98000.0,8.104999542236326,24.82399940490723,50.29899978637695,98000.0,1.4917329549789429,0.4028656184673309,1.415374755859375,98000.0,1001.3300170898438,98000.0,1.9715800285339355,2.1703906059265137,-1.388803005218506,98000.0,-2.645547866821289,-7.185046195983888,6.1275267601013175,98000.0,-0.6739677786827087,-5.014655590057373,4.7387237548828125
1861,98100.0,9.687000274658203,21.832000732421875,51.14199829101562,98100.0,0.06658431142568587,-0.2678644061088562,0.2342668175697327,98100.0,1001.3200073242188,98100.0,1.9715800285339355,2.1703906059265137,-1.388803005218506,98100.0,-2.645547866821289,-7.185046195983888,6.1275267601013175,98100.0,-0.6739677786827087,-5.014655590057373,4.7387237548828125
1862,98200.0,8.800999641418457,19.047000885009766,52.54299926757813,98200.0,0.06658431142568587,-0.2678644061088562,0.2342668175697327,98200.0,1001.3699951171876,98200.0,3.482490062713623,-1.6809740066528318,1.1129684448242188,98200.0,-1.0817043781280518,-8.338161468505861,5.047312736511231,98200.0,2.4007856845855717,-10.019135475158693,6.160281181335449
1863,98300.0,7.089000225067139,11.96399974822998,56.22100067138672,98300.0,-0.8329147696495056,-0.6298020482063293,-0.2782491147518158,98300.0,1001.3699951171876,98300.0,3.482490062713623,-1.6809740066528318,1.1129684448242188,98300.0,-1.0817043781280518,-8.338161468505861,5.047312736511231,98300.0,2.4007856845855717,-10.019135475158693,6.160281181335449
1864,98400.0,4.017000198364259,7.855999946594237,57.77799987792969,98400.0,-0.8329147696495056,-0.6298020482063293,-0.2782491147518158,98400.0,1001.4099731445312,98400.0,0.011978864669799805,0.4382810592651367,-2.8742966651916504,98400.0,1.0277031660079956,-9.094517707824707,3.521928310394287,98400.0,1.0396820306777954,-8.65623664855957,0.6476315855979919
1865,98500.0,2.61299991607666,3.351999998092652,57.624000549316406,98500.0,-0.8674286603927612,-0.31031954288482666,-1.0965031385421753,98500.0,1001.4099731445312,98500.0,0.011978864669799805,0.4382810592651367,-2.8742966651916504,98500.0,1.0277031660079956,-9.094517707824707,3.521928310394287,98500.0,1.0396820306777954,-8.65623664855957,0.6476315855979919
1866,98600.0,6.9060001373291025,1.0599999427795408,57.624000549316406,98600.0,-0.4132503271102905,0.14049901068210602,-0.5922338366508484,98600.0,1001.3800048828124,98600.0,-2.1330916881561284,-0.12485980987548828,-1.6485439538955688,98600.0,1.8409991264343264,-9.229286193847656,2.757059335708618,98600.0,-0.2920926213264465,-9.354146003723145,1.108515381813049
1867,98700.0,9.463000297546387,-2.437999963760376,57.99700164794922,98700.0,-0.4132503271102905,0.14049901068210602,-0.5922338366508484,98700.0,1001.3800048828124,98700.0,-1.910319209098816,-0.04574871063232422,-0.9550012350082396,98700.0,1.8409991264343264,-9.229286193847656,2.757059335708618,98700.0,0.15442600846290588,-9.558850288391113,0.23163901269435885
1868,98800.0,13.597999572753904,-5.630000114440918,57.66600036621094,98800.0,-0.6441574096679688,-1.0577131509780884,0.008857546374201775,98800.0,1001.3900146484376,98800.0,-1.910319209098816,-0.04574871063232422,-0.9550012350082396,98800.0,2.0647451877593994,-9.513101577758787,1.1866402626037598,98800.0,0.15442600846290588,-9.558850288391113,0.23163901269435885
1869,98900.0,10.670999526977539,-10.197999954223633,57.02799987792969,98900.0,-0.6441574096679688,-1.0577131509780884,0.008857546374201775,98900.0,1001.3900146484376,98900.0,-2.337161064147949,0.11568546295166016,-1.2655662298202517,98900.0,2.118091583251953,-9.575176239013672,0.008610373362898827,98900.0,-0.2190694510936737,-9.459490776062012,-1.256955862045288
1870,98500.0,2.61299991607666,3.351999998092652,57.624000549316406,98500.0,-0.8674286603927612,-0.31031954288482666,-1.0965031385421753,98500.0,1001.4099731445312,98500.0,0.011978864669799805,0.4382810592651367,-2.8742966651916504,98500.0,1.0277031660079956,-9.094517707824707,3.521928310394287,98500.0,1.0396820306777954,-8.65623664855957,0.6476315855979919
1871,98600.0,6.9060001373291025,1.0599999427795408,57.624000549316406,98600.0,-0.4132503271102905,0.14049901068210602,-0.5922338366508484,98600.0,1001.3800048828124,98600.0,-2.1330916881561284,-0.12485980987548828,-1.6485439538955688,98600.0,1.8409991264343264,-9.229286193847656,2.757059335708618,98600.0,-0.2920926213264465,-9.354146003723145,1.108515381813049
1872,98700.0,9.463000297546387,-2.437999963760376,57.99700164794922,98700.0,-0.4132503271102905,0.14049901068210602,-0.5922338366508484,98700.0,1001.3800048828124,98700.0,-1.910319209098816,-0.04574871063232422,-0.9550012350082396,98700.0,1.8409991264343264,-9.229286193847656,2.757059335708618,98700.0,0.15442600846290588,-9.558850288391113,0.23163901269435885
1873,98800.0,13.597999572753904,-5.630000114440918,57.66600036621094,98800.0,-0.6441574096679688,-1.0577131509780884,0.008857546374201775,98800.0,1001.3900146484376,98800.0,-1.910319209098816,-0.04574871063232422,-0.9550012350082396,98800.0,2.0647451877593994,-9.513101577758787,1.1866402626037598,98800.0,0.15442600846290588,-9.558850288391113,0.23163901269435885
1874,98900.0,10.670999526977539,-10.197999954223633,57.02799987792969,98900.0,-0.6441574096679688,-1.0577131509780884,0.008857546374201775,98900.0,1001.3900146484376,98900.0,-2.337161064147949,0.11568546295166016,-1.2655662298202517,98900.0,2.118091583251953,-9.575176239013672,0.008610373362898827,98900.0,-0.2190694510936737,-9.459490776062012,-1.256955862045288
1875,99000.0,10.27299976348877,-11.05799961090088,56.69400024414063,99000.0,-0.4663956165313721,-0.7541131377220154,-0.07483099400997162,99000.0,1001.4099731445312,99000.0,-2.337161064147949,0.11568546295166016,-1.2655662298202517,99000.0,2.118091583251953,-9.575176239013672,0.008610373362898827,99000.0,-0.2190694510936737,-9.459490776062012,-1.256955862045288
1876,99100.0,6.826000213623048,-11.222000122070312,56.3380012512207,99100.0,-0.4663956165313721,-0.7541131377220154,-0.07483099400997162,99100.0,1001.4099731445312,99100.0,-2.1358976364135738,-1.9718685150146484,-1.2261689901351929,99100.0,2.7679667472839355,-9.405378341674805,0.21821005642414093,99100.0,0.6320692300796509,-11.377246856689453,-1.0079588890075684
1877,99200.0,3.5590000152587886,-10.826000213623047,56.65399932861328,99200.0,0.0403171069920063,0.4944954216480255,-0.4728097021579742,99200.0,1001.4099731445312,99200.0,-2.1358976364135738,-1.9718685150146484,-1.2261689901351929,99200.0,2.7679667472839355,-9.405378341674805,0.21821005642414093,99200.0,0.6320692300796509,-11.377246856689453,-1.0079588890075684
1878,99300.0,3.5590000152587886,-8.972000122070312,57.01699829101562,99300.0,0.0403171069920063,0.4944954216480255,-0.4728097021579742,99300.0,1001.4199829101564,99300.0,-2.1456427574157715,-0.9840736389160156,-1.7606133222579956,99300.0,2.951890230178833,-9.044039726257324,2.379514455795288,99300.0,0.8062474131584167,-10.02811336517334,0.6189011335372925
1879,99400.0,1.8730000257492063,2.052999973297119,59.91799926757813,99400.0,1.006400465965271,1.0265589952468872,-0.3646865487098694,99400.0,1001.4199829101564,99400.0,-2.1456427574157715,-0.9840736389160156,-1.7606133222579956,99400.0,2.951890230178833,-9.044039726257324,2.379514455795288,99400.0,0.8062474131584167,-10.02811336517334,0.6189011335372925
1880,99000.0,10.27299976348877,-11.05799961090088,56.69400024414063,99000.0,-0.4663956165313721,-0.7541131377220154,-0.07483099400997162,99000.0,1001.4099731445312,99000.0,-2.337161064147949,0.11568546295166016,-1.2655662298202517,99000.0,2.118091583251953,-9.575176239013672,0.008610373362898827,99000.0,-0.2190694510936737,-9.459490776062012,-1.256955862045288
1881,99100.0,6.826000213623048,-11.222000122070312,56.3380012512207,99100.0,-0.4663956165313721,-0.7541131377220154,-0.07483099400997162,99100.0,1001.4099731445312,99100.0,-2.1358976364135738,-1.9718685150146484,-1.2261689901351929,99100.0,2.7679667472839355,-9.405378341674805,0.21821005642414093,99100.0,0.6320692300796509,-11.377246856689453,-1.0079588890075684
1882,99200.0,3.5590000152587886,-10.826000213623047,56.65399932861328,99200.0,0.0403171069920063,0.4944954216480255,-0.4728097021579742,99200.0,1001.4099731445312,99200.0,-2.1358976364135738,-1.9718685150146484,-1.2261689901351929,99200.0,2.7679667472839355,-9.405378341674805,0.21821005642414093,99200.0,0.6320692300796509,-11.377246856689453,-1.0079588890075684
1883,99300.0,3.5590000152587886,-8.972000122070312,57.01699829101562,99300.0,0.0403171069920063,0.4944954216480255,-0.4728097021579742,99300.0,1001.4199829101564,99300.0,-2.1456427574157715,-0.9840736389160156,-1.7606133222579956,99300.0,2.951890230178833,-9.044039726257324,2.379514455795288,99300.0,0.8062474131584167,-10.02811336517334,0.6189011335372925
1884,99400.0,1.8730000257492063,2.052999973297119,59.91799926757813,99400.0,1.006400465965271,1.0265589952468872,-0.3646865487098694,99400.0,1001.4199829101564,99400.0,-2.1456427574157715,-0.9840736389160156,-1.7606133222579956,99400.0,2.951890230178833,-9.044039726257324,2.379514455795288,99400.0,0.8062474131584167,-10.02811336517334,0.6189011335372925
1885,99500.0,-0.8889999985694885,10.631999969482422,61.11399841308594,99500.0,1.7476854324340818,-0.07147123664617537,0.8423831462860107,99500.0,1001.3599853515624,99500.0,-0.21443140506744385,-0.4599370956420898,-6.489519119262695,99500.0,1.5815205574035645,-8.318403244018555,4.947054862976074,99500.0,1.3670891523361206,-8.778340339660645,-1.5424644947052002
1886,99600.0,0.3689999878406525,14.758000373840332,61.11399841308594,99600.0,1.7476854324340818,-0.07147123664617537,0.8423831462860107,99600.0,1001.3599853515624,99600.0,-0.21443140506744385,-0.4599370956420898,-6.489519119262695,99600.0,1.5815205574035645,-8.318403244018555,4.947054862976074,99600.0,1.3670891523361206,-8.778340339660645,-1.5424644947052002
1887,99700.0,8.824000358581543,22.67900085449219,61.11399841308594,99700.0,1.8454239368438718,1.2168436050415041,1.5998560190200806,99700.0,1001.2899780273438,99700.0,2.0237894058227544,-2.49177360534668,-4.944762229919434,99700.0,-1.9280214309692385,-6.34761905670166,7.222246646881103,99700.0,0.0957680642604828,-8.83939266204834,2.27748441696167
1888,99800.0,15.246000289916992,25.40099906921387,58.06999969482422,99800.0,1.8454239368438718,1.2168436050415041,1.5998560190200806,99800.0,1001.2899780273438,99800.0,2.0237894058227544,-2.49177360534668,-4.944762229919434,99800.0,-1.9280214309692385,-6.34761905670166,7.222246646881103,99800.0,0.0957680642604828,-8.83939266204834,2.27748441696167
1889,99900.0,22.893999099731445,22.714000701904297,57.04100036621094,99900.0,0.2376265823841095,-0.656069278717041,0.6679811477661133,99900.0,1001.22998046875,99900.0,0.29148757457733154,1.0871572494506836,-3.172760486602783,99900.0,-1.8124041557312007,-5.8582024574279785,7.652910232543945,99900.0,-1.5209165811538696,-4.771045207977295,4.480149745941162
1890,99500.0,-0.8889999985694885,10.631999969482422,61.11399841308594,99500.0,1.7476854324340818,-0.07147123664617537,0.8423831462860107,99500.0,1001.3599853515624,99500.0,-0.21443140506744385,-0.4599370956420898,-6.489519119262695,99500.0,1.5815205574035645,-8.318403244018555,4.947054862976074,99500.0,1.3670891523361206,-8.778340339660645,-1.5424644947052002
1891,99600.0,0.3689999878406525,14.758000373840332,61.11399841308594,99600.0,1.7476854324340818,-0.07147123664617537,0.8423831462860107,99600.0,1001.3599853515624,99600.0,-0.21443140506744385,-0.4599370956420898,-6.489519119262695,99600.0,1.5815205574035645,-8.318403244018555,4.947054862976074,99600.0,1.3670891523361206,-8.778340339660645,-1.5424644947052002
1892,99700.0,8.824000358581543,22.67900085449219,61.11399841308594,99700.0,1.8454239368438718,1.2168436050415041,1.5998560190200806,99700.0,1001.2899780273438,99700.0,2.0237894058227544,-2.49177360534668,-4.944762229919434,99700.0,-1.9280214309692385,-6.34761905670166,7.222246646881103,99700.0,0.0957680642604828,-8.83939266204834,2.27748441696167
1893,99800.0,15.246000289916992,25.40099906921387,58.06999969482422,99800.0,1.8454239368438718,1.2168436050415041,1.5998560190200806,99800.0,1001.2899780273438,99800.0,2.0237894058227544,-2.49177360534668,-4.944762229919434,99800.0,-1.9280214309692385,-6.34761905670166,7.222246646881103,99800.0,0.0957680642604828,-8.83939266204834,2.27748441696167
1894,99900.0,22.893999099731445,22.714000701904297,57.04100036621094,99900.0,0.2376265823841095,-0.656069278717041,0.6679811477661133,99900.0,1001.22998046875,99900.0,0.29148757457733154,1.0871572494506836,-3.172760486602783,99900.0,-1.8124041557312007,-5.8582024574279785,7.652910232543945,99900.0,-1.5209165811538696,-4.771045207977295,4.480149745941162
1895,100000.0,29.733999252319336,18.16399955749512,57.04100036621094,100000.0,0.2376265823841095,-0.656069278717041,0.6679811477661133,100000.0,1001.2000122070312,100000.0,-0.05036747455596924,2.3959941864013667,-2.8807897567749023,100000.0,-1.0904695987701416,-7.26999044418335,6.490647315979004,100000.0,-1.1408370733261108,-4.8739962577819815,3.6098575592041016
1896,100100.0,33.923999786376946,11.30500030517578,57.04100036621094,100100.0,-1.1200214624404907,-0.9352346658706664,0.3927863538265228,100100.0,1001.2000122070312,100100.0,-0.05036747455596924,2.3959941864013667,-2.8807897567749023,100100.0,-1.0904695987701416,-7.26999044418335,6.490647315979004,100100.0,-1.1408370733261108,-4.8739962577819815,3.6098575592041016
1897,100200.0,32.71900177001953,4.122000217437743,56.71799850463867,100200.0,-1.1200214624404907,-0.9352346658706664,0.3927863538265228,100200.0,1001.2999877929688,100200.0,-0.4316621422767639,-4.317485809326172,-2.1630220413208012,100200.0,0.9296560883522034,-9.249856948852539,3.1218998432159424,100200.0,0.4979939460754394,-13.567342758178713,0.9588778018951416
1898,100300.0,33.726001739501946,3.61299991607666,57.14500045776367,100300.0,-1.983173966407776,-0.9868528246879578,-0.6001750826835632,100300.0,1001.2999877929688,100300.0,-0.4316621422767639,-4.317485809326172,-2.1630220413208012,100300.0,0.9296560883522034,-9.249856948852539,3.1218998432159424,100300.0,0.4979939460754394,-13.567342758178713,0.9588778018951416
1899,100400.0,35.42699813842773,2.61899995803833,57.46900177001953,100400.0,0.1014036312699318,0.3863722681999207,-0.5833762884140015,100400.0,1001.2999877929688,100400.0,-1.9237293004989624,-3.7990026473999023,-2.6868810653686523,100400.0,1.634629487991333,-9.134474754333496,3.1717069149017334,100400.0,-0.2890998423099518,-12.933477401733398,0.484825849533081
1900,100000.0,29.733999252319336,18.16399955749512,57.04100036621094,100000.0,0.2376265823841095,-0.656069278717041,0.6679811477661133,100000.0,1001.2000122070312,100000.0,-0.05036747455596924,2.3959941864013667,-2.8807897567749023,100000.0,-1.0904695987701416,-7.26999044418335,6.490647315979004,100000.0,-1.1408370733261108,-4.8739962577819815,3.6098575592041016
1901,100100.0,33.923999786376946,11.30500030517578,57.04100036621094,100100.0,-1.1200214624404907,-0.9352346658706664,0.3927863538265228,100100.0,1001.2000122070312,100100.0,-0.05036747455596924,2.3959941864013667,-2.8807897567749023,100100.0,-1.0904695987701416,-7.26999044418335,6.490647315979004,100100.0,-1.1408370733261108,-4.8739962577819815,3.6098575592041016
1902,100200.0,32.71900177001953,4.122000217437743,56.71799850463867,100200.0,-1.1200214624404907,-0.9352346658706664,0.3927863538265228,100200.0,1001.2999877929688,100200.0,-0.4316621422767639,-4.317485809326172,-2.1630220413208012,100200.0,0.9296560883522034,-9.249856948852539,3.1218998432159424,100200.0,0.4979939460754394,-13.567342758178713,0.9588778018951416
1903,100300.0,33.726001739501946,3.61299991607666,57.14500045776367,100300.0,-1.983173966407776,-0.9868528246879578,-0.6001750826835632,100300.0,1001.2999877929688,100300.0,-0.4316621422767639,-4.317485809326172,-2.1630220413208012,100300.0,0.9296560883522034,-9.249856948852539,3.1218998432159424,100300.0,0.4979939460754394,-13.567342758178713,0.9588778018951416
1904,100400.0,35.42699813842773,2.61899995803833,57.46900177001953,100400.0,0.1014036312699318,0.3863722681999207,-0.5833762884140015,100400.0,1001.2999877929688,100400.0,-1.9237293004989624,-3.7990026473999023,-2.6868810653686523,100400.0,1.634629487991333,-9.134474754333496,3.1717069149017334,100400.0,-0.2890998423099518,-12.933477401733398,0.484825849533081
1905,100500.0,39.16699981689453,-3.2149999141693115,57.08100128173828,100500.0,0.1014036312699318,0.3863722681999207,-0.5833762884140015,100500.0,1001.2999877929688,100500.0,-0.6715579032897949,0.1588878631591797,-1.542766809463501,100500.0,1.634629487991333,-9.134474754333496,3.1717069149017334,100500.0,-0.2890998423099518,-12.933477401733398,0.484825849533081
1906,100600.0,49.15599822998047,-4.318999767303467,48.191001892089844,100600.0,-0.3350595831871033,-0.6719517707824707,0.03237585723400116,100600.0,1001.2899780273438,100600.0,-0.6715579032897949,0.1588878631591797,-1.542766809463501,100600.0,1.9003819227218628,-9.355615615844727,2.2430708408355717,100600.0,1.228824019432068,-9.196727752685547,0.7003039717674255
1907,100700.0,52.290000915527344,-7.2750000953674325,45.308998107910156,100700.0,-0.3350595831871033,-0.6719517707824707,0.03237585723400116,100700.0,1001.2899780273438,100700.0,-1.755655288696289,-0.08087825775146484,-0.673914909362793,100700.0,2.946770668029785,-9.30678653717041,0.9330872297286988,100700.0,1.1911153793334959,-9.387664794921877,0.25917232036590576
1908,100800.0,52.92900085449219,-7.271999835968018,45.90399932861328,100800.0,-0.3976732790470123,-1.1484266519546509,-0.4444044530391693,100800.0,1001.3099975585938,100800.0,-1.755655288696289,-0.08087825775146484,-0.673914909362793,100800.0,2.946770668029785,-9.30678653717041,0.9330872297286988,100800.0,1.1911153793334959,-9.387664794921877,0.25917232036590576
1909,100900.0,53.40999984741211,-7.3369998931884775,46.93899917602539,100900.0,-0.3976732790470123,-1.1484266519546509,-0.4444044530391693,100900.0,1001.2899780273438,100900.0,-1.181084394454956,-0.09585094451904297,3.0108335018157963,100900.0,3.450189113616944,-9.149957656860352,-0.7381374835968018,100900.0,2.269104719161988,-9.245808601379396,2.272696018218994
1910,100500.0,39.16699981689453,-3.2149999141693115,57.08100128173828,100500.0,0.1014036312699318,0.3863722681999207,-0.5833762884140015,100500.0,1001.2999877929688,100500.0,-0.6715579032897949,0.1588878631591797,-1.542766809463501,100500.0,1.634629487991333,-9.134474754333496,3.1717069149017334,100500.0,-0.2890998423099518,-12.933477401733398,0.484825849533081
1911,100600.0,49.15599822998047,-4.318999767303467,48.191001892089844,100600.0,-0.3350595831871033,-0.6719517707824707,0.03237585723400116,100600.0,1001.2899780273438,100600.0,-0.6715579032897949,0.1588878631591797,-1.542766809463501,100600.0,1.9003819227218628,-9.355615615844727,2.2430708408355717,100600.0,1.228824019432068,-9.196727752685547,0.7003039717674255
1912,100700.0,52.290000915527344,-7.2750000953674325,45.308998107910156,100700.0,-0.3350595831871033,-0.6719517707824707,0.03237585723400116,100700.0,1001.2899780273438,100700.0,-1.755655288696289,-0.08087825775146484,-0.673914909362793,100700.0,2.946770668029785,-9.30678653717041,0.9330872297286988,100700.0,1.1911153793334959,-9.387664794921877,0.25917232036590576
1913,100800.0,52.92900085449219,-7.271999835968018,45.90399932861328,100800.0,-0.3976732790470123,-1.1484266519546509,-0.4444044530391693,100800.0,1001.3099975585938,100800.0,-1.755655288696289,-0.08087825775146484,-0.673914909362793,100800.0,2.946770668029785,-9.30678653717041,0.9330872297286988,100800.0,1.1911153793334959,-9.387664794921877,0.25917232036590576
1914,100900.0,53.40999984741211,-7.3369998931884775,46.93899917602539,100900.0,-0.3976732790470123,-1.1484266519546509,-0.4444044530391693,100900.0,1001.2899780273438,100900.0,-1.181084394454956,-0.09585094451904297,3.0108335018157963,100900.0,3.450189113616944,-9.149957656860352,-0.7381374835968018,100900.0,2.269104719161988,-9.245808601379396,2.272696018218994
1915,101000.0,54.69300079345703,-7.3369998931884775,46.06100082397461,101000.0,-0.6359107494354248,-1.0745120048522951,-0.34086281061172485,101000.0,1001.2899780273438,101000.0,-1.181084394454956,-0.09585094451904297,3.0108335018157963,101000.0,3.450189113616944,-9.149957656860352,-0.7381374835968018,101000.0,2.269104719161988,-9.245808601379396,2.272696018218994
1916,101100.0,55.61899948120117,-7.3369998931884775,45.41999816894531,101100.0,-0.6359107494354248,-1.0745120048522951,-0.34086281061172485,101100.0,1001.239990234375,101100.0,1.7565054893493652,2.2198643684387207,-1.4133806228637695,101100.0,2.615306854248047,-9.38271713256836,1.138047456741333,101100.0,4.371812343597412,-7.162852764129639,-0.2753331959247589
1917,101200.0,58.92900085449219,-3.186000108718872,36.02199935913086,101200.0,1.3164145946502686,-0.4410447180271149,0.5073235630989075,101200.0,1001.239990234375,101200.0,1.7565054893493652,2.2198643684387207,-1.4133806228637695,101200.0,2.615306854248047,-9.38271713256836,1.138047456741333,101200.0,4.371812343597412,-7.162852764129639,-0.2753331959247589
1918,101300.0,61.17499923706055,-4.24399995803833,25.457000732421875,101300.0,1.3093897104263306,-0.7684684991836548,0.9275988936424256,101300.0,1001.260009765625,101300.0,-0.17566871643066406,-0.04172325134277344,-4.742536544799805,101300.0,1.3057318925857544,-9.287881851196287,2.863686800003052,101300.0,1.1300631761550903,-9.329605102539064,-1.8788497447967527
1919,101400.0,63.665000915527344,-6.0999999046325675,10.446999549865724,101400.0,1.3093897104263306,-0.7684684991836548,0.9275988936424256,101400.0,1001.260009765625,101400.0,0.563266932964325,0.04989051818847656,-2.279888868331909,101400.0,1.3057318925857544,-9.287881851196287,2.863686800003052,101400.0,1.0869675874710083,-9.357138633728027,0.4411316514015198
1920,101000.0,54.69300079345703,-7.3369998931884775,46.06100082397461,101000.0,-0.6359107494354248,-1.0745120048522951,-0.34086281061172485,101000.0,1001.2899780273438,101000.0,-1.181084394454956,-0.09585094451904297,3.0108335018157963,101000.0,3.450189113616944,-9.149957656860352,-0.7381374835968018,101000.0,2.269104719161988,-9.245808601379396,2.272696018218994
1921,101100.0,55.61899948120117,-7.3369998931884775,45.41999816894531,101100.0,-0.6359107494354248,-1.0745120048522951,-0.34086281061172485,101100.0,1001.239990234375,101100.0,1.7565054893493652,2.2198643684387207,-1.4133806228637695,101100.0,2.615306854248047,-9.38271713256836,1.138047456741333,101100.0,4.371812343597412,-7.162852764129639,-0.2753331959247589
1922,101200.0,58.92900085449219,-3.186000108718872,36.02199935913086,101200.0,1.3164145946502686,-0.4410447180271149,0.5073235630989075,101200.0,1001.239990234375,101200.0,1.7565054893493652,2.2198643684387207,-1.4133806228637695,101200.0,2.615306854248047,-9.38271713256836,1.138047456741333,101200.0,4.371812343597412,-7.162852764129639,-0.2753331959247589
1923,101300.0,61.17499923706055,-4.24399995803833,25.457000732421875,101300.0,1.3093897104263306,-0.7684684991836548,0.9275988936424256,101300.0,1001.260009765625,101300.0,-0.17566871643066406,-0.04172325134277344,-4.742536544799805,101300.0,1.3057318925857544,-9.287881851196287,2.863686800003052,101300.0,1.1300631761550903,-9.329605102539064,-1.8788497447967527
1924,101400.0,63.665000915527344,-6.0999999046325675,10.446999549865724,101400.0,1.3093897104263306,-0.7684684991836548,0.9275988936424256,101400.0,1001.260009765625,101400.0,0.563266932964325,0.04989051818847656,-2.279888868331909,101400.0,1.3057318925857544,-9.287881851196287,2.863686800003052,101400.0,1.0869675874710083,-9.357138633728027,0.4411316514015198
1925,101500.0,63.18600082397461,-11.843000411987305,-0.20100000500679016,101500.0,0.17104226350784302,-1.395521640777588,0.8787296414375305,101500.0,1001.25,101500.0,0.563266932964325,0.04989051818847656,-2.279888868331909,101500.0,0.5237006545066833,-9.407029151916504,2.721020460128784,101500.0,1.0869675874710083,-9.357138633728027,0.4411316514015198
1926,101600.0,62.17300033569336,-15.494999885559082,-7.997000217437744,101600.0,0.17104226350784302,-1.395521640777588,0.8787296414375305,101600.0,1001.25,101600.0,0.7130810618400574,1.5874986648559568,0.31564414501190186,101600.0,0.3990256190299988,-9.640995025634766,1.7499533891677856,101600.0,1.1121066808700562,-8.053496360778809,2.0655975341796875
1927,101700.0,58.53400039672852,-15.67300033569336,-14.439000129699707,101700.0,-0.4163046777248383,-1.720807433128357,0.4673119187355042,101700.0,1001.3300170898438,101700.0,0.7130810618400574,1.5874986648559568,0.31564414501190186,101700.0,0.3990256190299988,-9.640995025634766,1.7499533891677856,101700.0,1.1121066808700562,-8.053496360778809,2.0655975341796875
1928,101800.0,53.15299987792969,-15.0600004196167,-21.31100082397461,101800.0,-0.4163046777248383,-1.720807433128357,0.4673119187355042,101800.0,1001.260009765625,101800.0,-1.6069598197937012,0.4207057952880859,0.6981366276741028,101800.0,0.5648834109306335,-9.739537239074707,0.996359646320343,101800.0,-1.0420763492584229,-9.31883144378662,1.6944962739944458
1929,101900.0,47.75500106811523,-15.0600004196167,-25.768999099731445,101900.0,-0.2919935882091522,-1.7357735633850098,0.11911872029304504,101900.0,1001.260009765625,101900.0,-1.6069598197937012,0.4207057952880859,0.6981366276741028,101900.0,0.5648834109306335,-9.739537239074707,0.996359646320343,101900.0,-1.0420763492584229,-9.31883144378662,1.6944962739944458
1930,101500.0,63.18600082397461,-11.843000411987305,-0.20100000500679016,101500.0,0.17104226350784302,-1.395521640777588,0.8787296414375305,101500.0,1001.25,101500.0,0.563266932964325,0.04989051818847656,-2.279888868331909,101500.0,0.5237006545066833,-9.407029151916504,2.721020460128784,101500.0,1.0869675874710083,-9.357138633728027,0.4411316514015198
1931,101600.0,62.17300033569336,-15.494999885559082,-7.997000217437744,101600.0,0.17104226350784302,-1.395521640777588,0.8787296414375305,101600.0,1001.25,101600.0,0.7130810618400574,1.5874986648559568,0.31564414501190186,101600.0,0.3990256190299988,-9.640995025634766,1.7499533891677856,101600.0,1.1121066808700562,-8.053496360778809,2.0655975341796875
1932,101700.0,58.53400039672852,-15.67300033569336,-14.439000129699707,101700.0,-0.4163046777248383,-1.720807433128357,0.4673119187355042,101700.0,1001.3300170898438,101700.0,0.7130810618400574,1.5874986648559568,0.31564414501190186,101700.0,0.3990256190299988,-9.640995025634766,1.7499533891677856,101700.0,1.1121066808700562,-8.053496360778809,2.0655975341796875
1933,101800.0,53.15299987792969,-15.0600004196167,-21.31100082397461,101800.0,-0.4163046777248383,-1.720807433128357,0.4673119187355042,101800.0,1001.260009765625,101800.0,-1.6069598197937012,0.4207057952880859,0.6981366276741028,101800.0,0.5648834109306335,-9.739537239074707,0.996359646320343,101800.0,-1.0420763492584229,-9.31883144378662,1.6944962739944458
1934,101900.0,47.75500106811523,-15.0600004196167,-25.768999099731445,101900.0,-0.2919935882091522,-1.7357735633850098,0.11911872029304504,101900.0,1001.260009765625,101900.0,-1.6069598197937012,0.4207057952880859,0.6981366276741028,101900.0,0.5648834109306335,-9.739537239074707,0.996359646320343,101900.0,-1.0420763492584229,-9.31883144378662,1.6944962739944458
1935,102000.0,45.06000137329102,-15.434000015258787,-26.61100006103516,102000.0,-0.2919935882091522,-1.7357735633850098,0.11911872029304504,102000.0,1001.2999877929688,102000.0,0.6604193449020386,2.5184521675109863,-3.207238912582397,102000.0,1.1076985597610474,-9.622048377990724,1.5360860824584959,102000.0,1.768117904663086,-7.103596210479736,-1.6711528301239014
1936,102100.0,37.47100067138672,-14.991000175476074,-33.98699951171875,102100.0,0.5189300179481506,-1.3335188627243042,-0.15821409225463867,102100.0,1001.2999877929688,102100.0,0.6604193449020386,2.5184521675109863,-3.207238912582397,102100.0,1.1076985597610474,-9.622048377990724,1.5360860824584959,102100.0,1.768117904663086,-7.103596210479736,-1.6711528301239014
1937,102200.0,35.27799987792969,-12.744999885559082,-33.910999298095696,102200.0,-0.4294382631778717,-0.12736541032791138,0.2864958047866821,102200.0,1001.3300170898438,102200.0,-0.6966010332107544,-0.16782283782958984,-0.3736170530319214,102200.0,0.5439707040786743,-9.772902488708496,0.6040589809417725,102200.0,-0.15263035893440247,-9.940725326538086,0.2304419130086899
1938,102300.0,29.868999481201172,-11.41800022125244,-37.23400115966797,102300.0,-0.4294382631778717,-0.12736541032791138,0.2864958047866821,102300.0,1001.3300170898438,102300.0,-0.6966010332107544,-0.16782283782958984,-0.3736170530319214,102300.0,0.5439707040786743,-9.772902488708496,0.6040589809417725,102300.0,-0.15263035893440247,-9.940725326538086,0.2304419130086899
1939,102400.0,25.694000244140625,-9.015999794006348,-36.05799865722656,102400.0,-1.083369493484497,0.0015271630836650731,0.2761110961437225,102400.0,1001.22998046875,102400.0,2.6410365104675293,-0.3120861053466797,2.2791571617126465,102400.0,0.10511282086372377,-9.71243667602539,-1.3520026206970217,102400.0,2.7461493015289307,-10.02452278137207,0.9271546006202698
1940,102000.0,45.06000137329102,-15.434000015258787,-26.61100006103516,102000.0,-0.2919935882091522,-1.7357735633850098,0.11911872029304504,102000.0,1001.2999877929688,102000.0,0.6604193449020386,2.5184521675109863,-3.207238912582397,102000.0,1.1076985597610474,-9.622048377990724,1.5360860824584959,102000.0,1.768117904663086,-7.103596210479736,-1.6711528301239014
1941,102100.0,37.47100067138672,-14.991000175476074,-33.98699951171875,102100.0,0.5189300179481506,-1.3335188627243042,-0.15821409225463867,102100.0,1001.2999877929688,102100.0,0.6604193449020386,2.5184521675109863,-3.207238912582397,102100.0,1.1076985597610474,-9.622048377990724,1.5360860824584959,102100.0,1.768117904663086,-7.103596210479736,-1.6711528301239014
1942,102200.0,35.27799987792969,-12.744999885559082,-33.910999298095696,102200.0,-0.4294382631778717,-0.12736541032791138,0.2864958047866821,102200.0,1001.3300170898438,102200.0,-0.6966010332107544,-0.16782283782958984,-0.3736170530319214,102200.0,0.5439707040786743,-9.772902488708496,0.6040589809417725,102200.0,-0.15263035893440247,-9.940725326538086,0.2304419130086899
1943,102300.0,29.868999481201172,-11.41800022125244,-37.23400115966797,102300.0,-0.4294382631778717,-0.12736541032791138,0.2864958047866821,102300.0,1001.3300170898438,102300.0,-0.6966010332107544,-0.16782283782958984,-0.3736170530319214,102300.0,0.5439707040786743,-9.772902488708496,0.6040589809417725,102300.0,-0.15263035893440247,-9.940725326538086,0.2304419130086899
1944,102400.0,25.694000244140625,-9.015999794006348,-36.05799865722656,102400.0,-1.083369493484497,0.0015271630836650731,0.2761110961437225,102400.0,1001.22998046875,102400.0,2.6410365104675293,-0.3120861053466797,2.2791571617126465,102400.0,0.10511282086372377,-9.71243667602539,-1.3520026206970217,102400.0,2.7461493015289307,-10.02452278137207,0.9271546006202698
1945,102500.0,24.458999633789066,-6.679999828338622,-36.05799865722656,102500.0,-1.083369493484497,0.0015271630836650731,0.2761110961437225,102500.0,1001.22998046875,102500.0,0.3378729522228241,-0.3201560974121094,0.23179447650909424,102500.0,-0.097255676984787,-9.604408264160156,-1.9789631366729736,102500.0,0.2406172752380371,-9.924564361572266,-1.7471686601638794
1946,102600.0,23.40999984741211,-4.202000141143799,-36.69400024414063,102600.0,-0.3032945990562439,-1.9214766025543213,-0.2333505302667617,102600.0,1001.260009765625,102600.0,0.3378729522228241,-0.3201560974121094,0.23179447650909424,102600.0,-0.097255676984787,-9.604408264160156,-1.9789631366729736,102600.0,0.2406172752380371,-9.924564361572266,-1.7471686601638794
1947,102700.0,23.822999954223643,-2.782999992370605,-36.69400024414063,102700.0,-0.3032945990562439,-1.9214766025543213,-0.2333505302667617,102700.0,1001.3200073242188,102700.0,-1.0121181011199951,-2.0474624633789062,-1.211712121963501,102700.0,0.7762892246246338,-9.588955879211426,-1.902545690536499,102700.0,-0.2358288615942001,-11.636418342590332,-3.1142578125
1948,102800.0,23.437000274658203,-2.782999992370605,-36.2760009765625,102800.0,0.1108720451593399,-0.10781771689653397,-0.5522221922874451,102800.0,1001.3200073242188,102800.0,-1.0121181011199951,-2.0474624633789062,-1.211712121963501,102800.0,0.7762892246246338,-9.588955879211426,-1.902545690536499,102800.0,-0.2358288615942001,-11.636418342590332,-3.1142578125
1949,102900.0,19.95499992370605,-3.150000095367432,-36.2760009765625,102900.0,0.1108720451593399,-0.10781771689653397,-0.5522221922874451,102900.0,1001.4099731445312,102900.0,-1.298916578292847,-0.3463611602783203,-1.6359477043151855,102900.0,1.5940020084381104,-9.674570083618164,-0.17945581674575806,102900.0,0.2950853705406189,-10.020931243896484,-1.8154034614562988
1950,102500.0,24.458999633789066,-6.679999828338622,-36.05799865722656,102500.0,-1.083369493484497,0.0015271630836650731,0.2761110961437225,102500.0,1001.22998046875,102500.0,0.3378729522228241,-0.3201560974121094,0.23179447650909424,102500.0,-0.097255676984787,-9.604408264160156,-1.9789631366729736,102500.0,0.2406172752380371,-9.924564361572266,-1.7471686601638794
1951,102600.0,23.40999984741211,-4.202000141143799,-36.69400024414063,102600.0,-0.3032945990562439,-1.9214766025543213,-0.2333505302667617,102600.0,1001.260009765625,102600.0,0.3378729522228241,-0.3201560974121094,0.23179447650909424,102600.0,-0.097255676984787,-9.604408264160156,-1.9789631366729736,102600.0,0.2406172752380371,-9.924564361572266,-1.7471686601638794
1952,102700.0,23.822999954223643,-2.782999992370605,-36.69400024414063,102700.0,-0.3032945990562439,-1.9214766025543213,-0.2333505302667617,102700.0,1001.3200073242188,102700.0,-1.0121181011199951,-2.0474624633789062,-1.211712121963501,102700.0,0.7762892246246338,-9.588955879211426,-1.902545690536499,102700.0,-0.2358288615942001,-11.636418342590332,-3.1142578125
1953,102800.0,23.437000274658203,-2.782999992370605,-36.2760009765625,102800.0,0.1108720451593399,-0.10781771689653397,-0.5522221922874451,102800.0,1001.3200073242188,102800.0,-1.0121181011199951,-2.0474624633789062,-1.211712121963501,102800.0,0.7762892246246338,-9.588955879211426,-1.902545690536499,102800.0,-0.2358288615942001,-11.636418342590332,-3.1142578125
1954,102900.0,19.95499992370605,-3.150000095367432,-36.2760009765625,102900.0,0.1108720451593399,-0.10781771689653397,-0.5522221922874451,102900.0,1001.4099731445312,102900.0,-1.298916578292847,-0.3463611602783203,-1.6359477043151855,102900.0,1.5940020084381104,-9.674570083618164,-0.17945581674575806,102900.0,0.2950853705406189,-10.020931243896484,-1.8154034614562988
1955,103000.0,16.169000625610348,-11.241000175476074,-36.2760009765625,103000.0,1.0076222419738772,0.39584067463874817,-0.4590652287006378,103000.0,1001.4099731445312,103000.0,-1.298916578292847,-0.3463611602783203,-1.6359477043151855,103000.0,1.5940020084381104,-9.674570083618164,-0.17945581674575806,103000.0,0.2950853705406189,-10.020931243896484,-1.8154034614562988
1956,103100.0,11.906000137329102,-18.79400062561035,-36.641998291015625,103100.0,1.2684617042541504,-0.2312124967575073,0.3781255781650543,103100.0,1001.280029296875,103100.0,1.1992207765579224,-1.7316265106201172,-1.0116934776306152,103100.0,0.9681302309036256,-9.565414428710938,1.9328625202178955,103100.0,2.1673510074615483,-11.297040939331055,0.921169102191925
1957,103200.0,9.159000396728516,-25.67700004577637,-36.641998291015625,103200.0,1.2684617042541504,-0.2312124967575073,0.3781255781650543,103200.0,1001.280029296875,103200.0,0.3389502763748169,-4.2723636627197275,-1.431800365447998,103200.0,0.9681302309036256,-9.565414428710938,1.9328625202178955,103200.0,2.1673510074615483,-11.297040939331055,0.921169102191925
1958,103300.0,3.614000082015991,-33.757999420166016,-31.20400047302246,103300.0,1.3634512424468994,-0.4868595898151398,1.0375546216964722,103300.0,1001.2999877929688,103300.0,0.3389502763748169,-4.2723636627197275,-1.431800365447998,103300.0,-0.5669980049133301,-8.906519889831543,4.064823627471924,103300.0,-0.228047713637352,-13.17888355255127,2.633023262023926
1959,103400.0,-5.072000026702881,-37.69599914550781,-24.423999786376953,103400.0,1.3634512424468994,-0.4868595898151398,1.0375546216964722,103400.0,1001.2999877929688,103400.0,2.42982029914856,2.81946325302124,-2.0742425918579097,103400.0,-2.2358899116516118,-7.78803014755249,5.524287223815918,103400.0,0.19393034279346466,-4.96856689453125,3.4500446319580083
1960,103000.0,16.169000625610348,-11.241000175476074,-36.2760009765625,103000.0,1.0076222419738772,0.39584067463874817,-0.4590652287006378,103000.0,1001.4099731445312,103000.0,-1.298916578292847,-0.3463611602783203,-1.6359477043151855,103000.0,1.5940020084381104,-9.674570083618164,-0.17945581674575806,103000.0,0.2950853705406189,-10.020931243896484,-1.8154034614562988
1961,103100.0,11.906000137329102,-18.79400062561035,-36.641998291015625,103100.0,1.2684617042541504,-0.2312124967575073,0.3781255781650543,103100.0,1001.280029296875,103100.0,1.1992207765579224,-1.7316265106201172,-1.0116934776306152,103100.0,0.9681302309036256,-9.565414428710938,1.9328625202178955,103100.0,2.1673510074615483,-11.297040939331055,0.921169102191925
1962,103200.0,9.159000396728516,-25.67700004577637,-36.641998291015625,103200.0,1.2684617042541504,-0.2312124967575073,0.3781255781650543,103200.0,1001.280029296875,103200.0,0.3389502763748169,-4.2723636627197275,-1.431800365447998,103200.0,0.9681302309036256,-9.565414428710938,1.9328625202178955,103200.0,2.1673510074615483,-11.297040939331055,0.921169102191925
1963,103300.0,3.614000082015991,-33.757999420166016,-31.20400047302246,103300.0,1.3634512424468994,-0.4868595898151398,1.0375546216964722,103300.0,1001.2999877929688,103300.0,0.3389502763748169,-4.2723636627197275,-1.431800365447998,103300.0,-0.5669980049133301,-8.906519889831543,4.064823627471924,103300.0,-0.228047713637352,-13.17888355255127,2.633023262023926
1964,103400.0,-5.072000026702881,-37.69599914550781,-24.423999786376953,103400.0,1.3634512424468994,-0.4868595898151398,1.0375546216964722,103400.0,1001.2999877929688,103400.0,2.42982029914856,2.81946325302124,-2.0742425918579097,103400.0,-2.2358899116516118,-7.78803014755249,5.524287223815918,103400.0,0.19393034279346466,-4.96856689453125,3.4500446319580083
1965,103500.0,-9.711999893188477,-38.32699966430664,-21.434999465942386,103500.0,1.081536889076233,0.4303545653820038,0.8637634515762329,103500.0,1001.1799926757812,103500.0,2.42982029914856,2.81946325302124,-2.0742425918579097,103500.0,-2.2358899116516118,-7.78803014755249,5.524287223815918,103500.0,0.19393034279346466,-4.96856689453125,3.4500446319580083
1966,103600.0,-13.859000205993652,-35.62099838256836,-23.71199989318848,103600.0,1.081536889076233,0.4303545653820038,0.8637634515762329,103600.0,1001.25,103600.0,0.711600124835968,3.808703899383545,0.08671092987060547,103600.0,-1.6106228828430176,-8.497149467468263,4.623282432556152,103600.0,-0.8990227580070496,-4.688445568084717,4.709993362426758
1967,103700.0,-14.664999961853027,-34.29700088500977,-25.44700050354004,103700.0,-0.8072584271430969,-1.0018190145492554,0.2073887437582016,103700.0,1001.25,103700.0,0.711600124835968,3.808703899383545,0.08671092987060547,103700.0,-1.6106228828430176,-8.497149467468263,4.623282432556152,103700.0,-0.8990227580070496,-4.688445568084717,4.709993362426758
1968,103800.0,-13.284000396728516,-30.6879997253418,-28.226999282836914,103800.0,-0.8072584271430969,-1.0018190145492554,0.2073887437582016,103800.0,1001.2100219726564,103800.0,0.8278052806854248,1.0239334106445312,1.174980640411377,103800.0,-0.5009967684745789,-9.47486686706543,2.479169607162476,103800.0,0.32680854201316833,-8.450933456420897,3.654150247573853
1969,103900.0,-13.843999862670898,-27.30100059509277,-31.683000564575195,103900.0,-1.3246612548828125,-0.4709770977497101,-0.4749477207660675,103900.0,1001.2100219726564,103900.0,0.8278052806854248,1.0239334106445312,1.174980640411377,103900.0,-0.5009967684745789,-9.47486686706543,2.479169607162476,103900.0,0.32680854201316833,-8.450933456420897,3.654150247573853
1970,103500.0,-9.711999893188477,-38.32699966430664,-21.434999465942386,103500.0,1.081536889076233,0.4303545653820038,0.8637634515762329,103500.0,1001.1799926757812,103500.0,2.42982029914856,2.81946325302124,-2.0742425918579097,103500.0,-2.2358899116516118,-7.78803014755249,5.524287223815918,103500.0,0.19393034279346466,-4.96856689453125,3.4500446319580083
1971,103600.0,-13.859000205993652,-35.62099838256836,-23.71199989318848,103600.0,1.081536889076233,0.4303545653820038,0.8637634515762329,103600.0,1001.25,103600.0,0.711600124835968,3.808703899383545,0.08671092987060547,103600.0,-1.6106228828430176,-8.497149467468263,4.623282432556152,103600.0,-0.8990227580070496,-4.688445568084717,4.709993362426758
1972,103700.0,-14.664999961853027,-34.29700088500977,-25.44700050354004,103700.0,-0.8072584271430969,-1.0018190145492554,0.2073887437582016,103700.0,1001.25,103700.0,0.711600124835968,3.808703899383545,0.08671092987060547,103700.0,-1.6106228828430176,-8.497149467468263,4.623282432556152,103700.0,-0.8990227580070496,-4.688445568084717,4.709993362426758
1973,103800.0,-13.284000396728516,-30.6879997253418,-28.226999282836914,103800.0,-0.8072584271430969,-1.0018190145492554,0.2073887437582016,103800.0,1001.2100219726564,103800.0,0.8278052806854248,1.0239334106445312,1.174980640411377,103800.0,-0.5009967684745789,-9.47486686706543,2.479169607162476,103800.0,0.32680854201316833,-8.450933456420897,3.654150247573853
1974,103900.0,-13.843999862670898,-27.30100059509277,-31.683000564575195,103900.0,-1.3246612548828125,-0.4709770977497101,-0.4749477207660675,103900.0,1001.2100219726564,103900.0,0.8278052806854248,1.0239334106445312,1.174980640411377,103900.0,-0.5009967684745789,-9.47486686706543,2.479169607162476,103900.0,0.32680854201316833,-8.450933456420897,3.654150247573853
1975,104000.0,-13.416999816894533,-24.70499992370605,-34.31999969482422,104000.0,-0.9807441234588624,0.3640756905078888,-0.8045095205307007,104000.0,1001.25,104000.0,0.06130421161651611,-0.5981235504150391,0.4964134097099304,104000.0,0.8012069463729858,-9.749017715454102,0.6964976191520691,104000.0,0.8625111579895021,-10.34714126586914,1.1929110288619995
1976,104100.0,-13.416999816894533,-22.145999908447266,-34.185001373291016,104100.0,-0.9807441234588624,0.3640756905078888,-0.8045095205307007,104100.0,1001.25,104100.0,0.06130421161651611,-0.5981235504150391,0.4964134097099304,104100.0,0.8012069463729858,-9.749017715454102,0.6964976191520691,104100.0,0.8625111579895021,-10.34714126586914,1.1929110288619995
1977,104200.0,-16.033000946044922,-20.23600006103516,-33.81800079345703,104200.0,-0.7596109509468079,0.08307767659425735,0.1007927656173706,104200.0,1001.22998046875,104200.0,0.8595774173736572,0.4600162506103516,2.4360716342926025,104200.0,0.6188421249389648,-9.76089096069336,-0.7158376574516296,104200.0,1.4784195423126218,-9.300874710083008,1.720233917236328
1978,104300.0,-20.33300018310547,-16.995000839233402,-33.81800079345703,104300.0,-0.7596109509468079,0.08307767659425735,0.1007927656173706,104300.0,1001.22998046875,104300.0,-0.3428346812725067,-0.002924919128417969,3.1846261024475098,104300.0,-0.4400692880153656,-9.521807670593262,-2.3047568798065186,104300.0,-0.7829039692878723,-9.52473258972168,0.8798691034317017
1979,104400.0,-18.80599975585937,-13.715999603271484,-33.81800079345703,104400.0,-0.8787296414375305,-0.8222246170043945,0.4407392740249634,104400.0,1001.2899780273438,104400.0,-0.3428346812725067,-0.002924919128417969,3.1846261024475098,104400.0,-0.4400692880153656,-9.521807670593262,-2.3047568798065186,104400.0,-0.7829039692878723,-9.52473258972168,0.8798691034317017
1980,104000.0,-13.416999816894533,-24.70499992370605,-34.31999969482422,104000.0,-0.9807441234588624,0.3640756905078888,-0.8045095205307007,104000.0,1001.25,104000.0,0.06130421161651611,-0.5981235504150391,0.4964134097099304,104000.0,0.8012069463729858,-9.749017715454102,0.6964976191520691,104000.0,0.8625111579895021,-10.34714126586914,1.1929110288619995
1981,104100.0,-13.416999816894533,-22.145999908447266,-34.185001373291016,104100.0,-0.9807441234588624,0.3640756905078888,-0.8045095205307007,104100.0,1001.25,104100.0,0.06130421161651611,-0.5981235504150391,0.4964134097099304,104100.0,0.8012069463729858,-9.749017715454102,0.6964976191520691,104100.0,0.8625111579895021,-10.34714126586914,1.1929110288619995
1982,104200.0,-16.033000946044922,-20.23600006103516,-33.81800079345703,104200.0,-0.7596109509468079,0.08307767659425735,0.1007927656173706,104200.0,1001.22998046875,104200.0,0.8595774173736572,0.4600162506103516,2.4360716342926025,104200.0,0.6188421249389648,-9.76089096069336,-0.7158376574516296,104200.0,1.4784195423126218,-9.300874710083008,1.720233917236328
1983,104300.0,-20.33300018310547,-16.995000839233402,-33.81800079345703,104300.0,-0.7596109509468079,0.08307767659425735,0.1007927656173706,104300.0,1001.22998046875,104300.0,-0.3428346812725067,-0.002924919128417969,3.1846261024475098,104300.0,-0.4400692880153656,-9.521807670593262,-2.3047568798065186,104300.0,-0.7829039692878723,-9.52473258972168,0.8798691034317017
1984,104400.0,-18.80599975585937,-13.715999603271484,-33.81800079345703,104400.0,-0.8787296414375305,-0.8222246170043945,0.4407392740249634,104400.0,1001.2899780273438,104400.0,-0.3428346812725067,-0.002924919128417969,3.1846261024475098,104400.0,-0.4400692880153656,-9.521807670593262,-2.3047568798065186,104400.0,-0.7829039692878723,-9.52473258972168,0.8798691034317017
1985,104500.0,-17.749000549316406,-12.300000190734865,-33.81800079345703,104500.0,-0.8787296414375305,-0.8222246170043945,0.4407392740249634,104500.0,1001.2000122070312,104500.0,-0.43870663642883295,-0.4425935745239258,3.074460506439209,104500.0,0.1112995445728302,-9.353282928466797,-2.945173740386963,104500.0,-0.3274070918560028,-9.795876502990724,0.12928688526153564
1986,104600.0,-14.373000144958494,-12.71500015258789,-35.15399932861328,104600.0,-0.361632227897644,0.07330382615327835,-0.3246748745441437,104600.0,1001.2000122070312,104600.0,-0.43870663642883295,-0.4425935745239258,3.074460506439209,104600.0,0.1112995445728302,-9.353282928466797,-2.945173740386963,104600.0,-0.3274070918560028,-9.795876502990724,0.12928688526153564
1987,104700.0,-10.22700023651123,-12.696000099182127,-35.823001861572266,104700.0,-0.361632227897644,0.07330382615327835,-0.3246748745441437,104700.0,1001.219970703125,104700.0,0.7423337697982788,-1.8729810714721682,-0.22179102897644049,104700.0,0.7396770715713501,-9.324101448059082,-2.946934938430786,104700.0,1.4820108413696291,-11.19708251953125,-3.1687259674072266
1988,104800.0,-8.543999671936035,-12.696000099182127,-36.64500045776367,104800.0,0.019547687843441963,0.4816672503948212,-0.20891591906547546,104800.0,1001.219970703125,104800.0,0.7423337697982788,-1.8729810714721682,-0.22179102897644049,104800.0,0.7396770715713501,-9.324101448059082,-2.946934938430786,104800.0,1.4820108413696291,-11.19708251953125,-3.1687259674072266
1989,104900.0,-8.307999610900879,-18.459999084472656,-36.9640007019043,104900.0,0.019547687843441963,0.4816672503948212,-0.20891591906547546,104900.0,1001.280029296875,104900.0,3.0681161880493164,-1.6115579605102541,5.7557735443115225,104900.0,1.0624804496765137,-9.571159362792967,-1.8532248735427856,104900.0,4.13059663772583,-11.182717323303224,3.9025487899780273
1990,104500.0,-17.749000549316406,-12.300000190734865,-33.81800079345703,104500.0,-0.8787296414375305,-0.8222246170043945,0.4407392740249634,104500.0,1001.2000122070312,104500.0,-0.43870663642883295,-0.4425935745239258,3.074460506439209,104500.0,0.1112995445728302,-9.353282928466797,-2.945173740386963,104500.0,-0.3274070918560028,-9.795876502990724,0.12928688526153564
1991,104600.0,-14.373000144958494,-12.71500015258789,-35.15399932861328,104600.0,-0.361632227897644,0.07330382615327835,-0.3246748745441437,104600.0,1001.2000122070312,104600.0,-0.43870663642883295,-0.4425935745239258,3.074460506439209,104600.0,0.1112995445728302,-9.353282928466797,-2.945173740386963,104600.0,-0.3274070918560028,-9.795876502990724,0.12928688526153564
1992,104700.0,-10.22700023651123,-12.696000099182127,-35.823001861572266,104700.0,-0.361632227897644,0.07330382615327835,-0.3246748745441437,104700.0,1001.219970703125,104700.0,0.7423337697982788,-1.8729810714721682,-0.22179102897644049,104700.0,0.7396770715713501,-9.324101448059082,-2.946934938430786,104700.0,1.4820108413696291,-11.19708251953125,-3.1687259674072266
1993,104800.0,-8.543999671936035,-12.696000099182127,-36.64500045776367,104800.0,0.019547687843441963,0.4816672503948212,-0.20891591906547546,104800.0,1001.219970703125,104800.0,0.7423337697982788,-1.8729810714721682,-0.22179102897644049,104800.0,0.7396770715713501,-9.324101448059082,-2.946934938430786,104800.0,1.4820108413696291,-11.19708251953125,-3.1687259674072266
1994,104900.0,-8.307999610900879,-18.459999084472656,-36.9640007019043,104900.0,0.019547687843441963,0.4816672503948212,-0.20891591906547546,104900.0,1001.280029296875,104900.0,3.0681161880493164,-1.6115579605102541,5.7557735443115225,104900.0,1.0624804496765137,-9.571159362792967,-1.8532248735427856,104900.0,4.13059663772583,-11.182717323303224,3.9025487899780273
1995,105000.0,-2.6670000553131104,-26.59900093078613,-36.4010009765625,105000.0,0.4764748811721802,0.8506298661231995,0.0754418596625328,105000.0,1001.280029296875,105000.0,3.0681161880493164,-1.6115579605102541,5.7557735443115225,105000.0,1.0624804496765137,-9.571159362792967,-1.8532248735427856,105000.0,4.13059663772583,-11.182717323303224,3.9025487899780273
1996,105100.0,-2.6040000915527344,-30.82200050354004,-31.46199989318848,105100.0,1.3252722024917605,-0.12034045159816742,-0.0054977871477603895,105100.0,1001.22998046875,105100.0,-2.113708257675171,0.12418746948242188,1.5012860298156738,105100.0,0.9543161988258362,-9.749476432800293,0.4553752839565277,105100.0,-1.1593921184539795,-9.625288963317873,1.9566613435745241
1997,105200.0,-5.366000175476074,-33.963001251220696,-26.14699935913086,105200.0,1.3252722024917605,-0.12034045159816742,-0.0054977871477603895,105200.0,1001.22998046875,105200.0,0.4919682741165161,0.6394824981689453,0.18383097648620605,105200.0,-1.5567895174026491,-9.380712509155273,2.397716999053955,105200.0,-1.0648212432861328,-8.741230010986326,2.581547975540161
1998,105300.0,-10.517000198364258,-35.167999267578125,-20.91900062561035,105300.0,1.1520918607711792,0.3448334336280823,1.3555099964141846,105300.0,1001.280029296875,105300.0,0.4919682741165161,0.6394824981689453,0.18383097648620605,105300.0,-1.5567895174026491,-9.380712509155273,2.397716999053955,105300.0,-1.0648212432861328,-8.741230010986326,2.581547975540161
1999,105400.0,-15.029000282287598,-34.310001373291016,-19.631000518798828,105400.0,1.1520918607711792,0.3448334336280823,1.3555099964141846,105400.0,1001.1900024414064,105400.0,1.0562268495559692,3.0124301910400386,1.720022678375244,105400.0,-2.2150204181671143,-9.14218521118164,2.7720980644226074,105400.0,-1.158793568611145,-6.1297550201416025,4.492120742797852
2000,105000.0,-2.6670000553131104,-26.59900093078613,-36.4010009765625,105000.0,0.4764748811721802,0.8506298661231995,0.0754418596625328,105000.0,1001.280029296875,105000.0,3.0681161880493164,-1.6115579605102541,5.7557735443115225,105000.0,1.0624804496765137,-9.571159362792967,-1.8532248735427856,105000.0,4.13059663772583,-11.182717323303224,3.9025487899780273
2001,105100.0,-2.6040000915527344,-30.82200050354004,-31.46199989318848,105100.0,1.3252722024917605,-0.12034045159816742,-0.0054977871477603895,105100.0,1001.22998046875,105100.0,-2.113708257675171,0.12418746948242188,1.5012860298156738,105100.0,0.9543161988258362,-9.749476432800293,0.4553752839565277,105100.0,-1.1593921184539795,-9.625288963317873,1.9566613435745241
2002,105200.0,-5.366000175476074,-33.963001251220696,-26.14699935913086,105200.0,1.3252722024917605,-0.12034045159816742,-0.0054977871477603895,105200.0,1001.22998046875,105200.0,0.4919682741165161,0.6394824981689453,0.18383097648620605,105200.0,-1.5567895174026491,-9.380712509155273,2.397716999053955,105200.0,-1.0648212432861328,-8.741230010986326,2.581547975540161
2003,105300.0,-10.517000198364258,-35.167999267578125,-20.91900062561035,105300.0,1.1520918607711792,0.3448334336280823,1.3555099964141846,105300.0,1001.280029296875,105300.0,0.4919682741165161,0.6394824981689453,0.18383097648620605,105300.0,-1.5567895174026491,-9.380712509155273,2.397716999053955,105300.0,-1.0648212432861328,-8.741230010986326,2.581547975540161
2004,105400.0,-15.029000282287598,-34.310001373291016,-19.631000518798828,105400.0,1.1520918607711792,0.3448334336280823,1.3555099964141846,105400.0,1001.1900024414064,105400.0,1.0562268495559692,3.0124301910400386,1.720022678375244,105400.0,-2.2150204181671143,-9.14218521118164,2.7720980644226074,105400.0,-1.158793568611145,-6.1297550201416025,4.492120742797852
2005,105500.0,-17.615999221801758,-34.08599853515625,-19.716999053955078,105500.0,0.14446963369846344,-0.4159992337226868,0.4984660446643829,105500.0,1001.1900024414064,105500.0,1.0562268495559692,3.0124301910400386,1.720022678375244,105500.0,-2.2150204181671143,-9.14218521118164,2.7720980644226074,105500.0,-1.158793568611145,-6.1297550201416025,4.492120742797852
2006,105600.0,-18.57900047302246,-30.93099975585937,-20.04800033569336,105600.0,0.14446963369846344,-0.4159992337226868,0.4984660446643829,105600.0,1001.1799926757812,105600.0,0.06635725498199463,-0.12698650360107422,5.2898221015930185,105600.0,-1.935630202293396,-9.455805778503418,1.735364317893982,105600.0,-1.8692729473114007,-9.582792282104492,7.025186538696289
2007,105700.0,-17.648000717163086,-28.52700042724609,-20.04800033569336,105700.0,-0.7767151594161987,-0.5458080768585205,-0.032681290060281754,105700.0,1001.1799926757812,105700.0,0.06635725498199463,-0.12698650360107422,5.2898221015930185,105700.0,-1.935630202293396,-9.455805778503418,1.735364317893982,105700.0,-1.8692729473114007,-9.582792282104492,7.025186538696289
2008,105800.0,-17.648000717163086,-26.364999771118164,-23.90099906921387,105800.0,-0.7767151594161987,-0.5458080768585205,-0.032681290060281754,105800.0,1001.280029296875,105800.0,-0.3416347503662109,-2.788487434387207,2.7272820472717285,105800.0,-0.5879140496253967,-9.762516021728516,-0.7197440266609192,105800.0,-0.9295487999916076,-12.551003456115724,2.007538080215454
2009,105900.0,-16.594999313354492,-25.871999740600586,-26.3129997253418,105900.0,-1.442863702774048,-0.5076290369033813,-0.7299839854240417,105900.0,1001.280029296875,105900.0,-0.3416347503662109,-2.788487434387207,2.7272820472717285,105900.0,-0.5879140496253967,-9.762516021728516,-0.7197440266609192,105900.0,-0.9295487999916076,-12.551003456115724,2.007538080215454
2010,105500.0,-17.615999221801758,-34.08599853515625,-19.716999053955078,105500.0,0.14446963369846344,-0.4159992337226868,0.4984660446643829,105500.0,1001.1900024414064,105500.0,1.0562268495559692,3.0124301910400386,1.720022678375244,105500.0,-2.2150204181671143,-9.14218521118164,2.7720980644226074,105500.0,-1.158793568611145,-6.1297550201416025,4.492120742797852
2011,105600.0,-18.57900047302246,-30.93099975585937,-20.04800033569336,105600.0,0.14446963369846344,-0.4159992337226868,0.4984660446643829,105600.0,1001.1799926757812,105600.0,0.06635725498199463,-0.12698650360107422,5.2898221015930185,105600.0,-1.935630202293396,-9.455805778503418,1.735364317893982,105600.0,-1.8692729473114007,-9.582792282104492,7.025186538696289
2012,105700.0,-17.648000717163086,-28.52700042724609,-20.04800033569336,105700.0,-0.7767151594161987,-0.5458080768585205,-0.032681290060281754,105700.0,1001.1799926757812,105700.0,0.06635725498199463,-0.12698650360107422,5.2898221015930185,105700.0,-1.935630202293396,-9.455805778503418,1.735364317893982,105700.0,-1.8692729473114007,-9.582792282104492,7.025186538696289
2013,105800.0,-17.648000717163086,-26.364999771118164,-23.90099906921387,105800.0,-0.7767151594161987,-0.5458080768585205,-0.032681290060281754,105800.0,1001.280029296875,105800.0,-0.3416347503662109,-2.788487434387207,2.7272820472717285,105800.0,-0.5879140496253967,-9.762516021728516,-0.7197440266609192,105800.0,-0.9295487999916076,-12.551003456115724,2.007538080215454
2014,105900.0,-16.594999313354492,-25.871999740600586,-26.3129997253418,105900.0,-1.442863702774048,-0.5076290369033813,-0.7299839854240417,105900.0,1001.280029296875,105900.0,-0.3416347503662109,-2.788487434387207,2.7272820472717285,105900.0,-0.5879140496253967,-9.762516021728516,-0.7197440266609192,105900.0,-0.9295487999916076,-12.551003456115724,2.007538080215454
2015,106000.0,-15.994999885559082,-25.16900062561035,-26.3129997253418,106000.0,-0.3726277947425842,0.4056145250797272,-0.7892379164695741,106000.0,1001.3699951171876,106000.0,-1.6790859699249268,-1.9594669342041016,2.363957405090332,106000.0,0.8093922734260559,-9.678747177124023,-1.3553998470306396,106000.0,-0.8696937561035156,-11.638214111328125,1.0085574388504028
2016,106100.0,-15.6899995803833,-23.82600021362305,-26.733999252319336,106100.0,-0.3726277947425842,0.4056145250797272,-0.7892379164695741,106100.0,1001.3699951171876,106100.0,-0.25397735834121704,-0.19107532501220706,2.922631025314331,106100.0,0.7304235100746155,-9.471922874450684,-2.433016777038574,106100.0,0.4764461517333984,-9.66299819946289,0.4896142482757568
2017,106200.0,-15.6899995803833,-20.74399948120117,-27.131000518798828,106200.0,-0.5827654600143433,-0.4153883755207062,-0.06719517707824707,106200.0,1001.280029296875,106200.0,-0.25397735834121704,-0.19107532501220706,2.922631025314331,106200.0,0.7304235100746155,-9.471922874450684,-2.433016777038574,106200.0,0.4764461517333984,-9.66299819946289,0.4896142482757568
2018,106300.0,-17.702999114990234,-16.812000274658207,-27.131000518798828,106300.0,-0.5827654600143433,-0.4153883755207062,-0.06719517707824707,106300.0,1001.2899780273438,106300.0,1.2795321941375732,-0.5164985656738281,3.725732803344727,106300.0,0.04865121841430664,-9.089038848876953,-3.682038545608522,106300.0,1.32818341255188,-9.60553741455078,0.04369417950510979
2019,106400.0,-16.81599998474121,-14.664999961853027,-27.875999450683594,106400.0,-0.7556403279304504,-0.256868839263916,0.3136793076992035,106400.0,1001.2899780273438,106400.0,1.2795321941375732,-0.5164985656738281,3.725732803344727,106400.0,0.04865121841430664,-9.089038848876953,-3.682038545608522,106400.0,1.32818341255188,-9.60553741455078,0.04369417950510979
2020,106000.0,-15.994999885559082,-25.16900062561035,-26.3129997253418,106000.0,-0.3726277947425842,0.4056145250797272,-0.7892379164695741,106000.0,1001.3699951171876,106000.0,-1.6790859699249268,-1.9594669342041016,2.363957405090332,106000.0,0.8093922734260559,-9.678747177124023,-1.3553998470306396,106000.0,-0.8696937561035156,-11.638214111328125,1.0085574388504028
2021,106100.0,-15.6899995803833,-23.82600021362305,-26.733999252319336,106100.0,-0.3726277947425842,0.4056145250797272,-0.7892379164695741,106100.0,1001.3699951171876,106100.0,-0.25397735834121704,-0.19107532501220706,2.922631025314331,106100.0,0.7304235100746155,-9.471922874450684,-2.433016777038574,106100.0,0.4764461517333984,-9.66299819946289,0.4896142482757568
2022,106200.0,-15.6899995803833,-20.74399948120117,-27.131000518798828,106200.0,-0.5827654600143433,-0.4153883755207062,-0.06719517707824707,106200.0,1001.280029296875,106200.0,-0.25397735834121704,-0.19107532501220706,2.922631025314331,106200.0,0.7304235100746155,-9.471922874450684,-2.433016777038574,106200.0,0.4764461517333984,-9.66299819946289,0.4896142482757568
2023,106300.0,-17.702999114990234,-16.812000274658207,-27.131000518798828,106300.0,-0.5827654600143433,-0.4153883755207062,-0.06719517707824707,106300.0,1001.2899780273438,106300.0,1.2795321941375732,-0.5164985656738281,3.725732803344727,106300.0,0.04865121841430664,-9.089038848876953,-3.682038545608522,106300.0,1.32818341255188,-9.60553741455078,0.04369417950510979
2024,106400.0,-16.81599998474121,-14.664999961853027,-27.875999450683594,106400.0,-0.7556403279304504,-0.256868839263916,0.3136793076992035,106400.0,1001.2899780273438,106400.0,1.2795321941375732,-0.5164985656738281,3.725732803344727,106400.0,0.04865121841430664,-9.089038848876953,-3.682038545608522,106400.0,1.32818341255188,-9.60553741455078,0.04369417950510979
2025,106500.0,-14.609999656677244,-14.494999885559082,-29.618000030517567,106500.0,-0.7556403279304504,-0.256868839263916,0.3136793076992035,106500.0,1001.260009765625,106500.0,-0.8702639937400818,-1.2662668228149414,2.757023334503174,106500.0,0.9510682821273804,-9.057531356811523,-3.6368923187255855,106500.0,0.08080431073904037,-10.323798179626463,-0.8798691034317017
2026,106600.0,-10.456000328063963,-14.821999549865724,-31.12100028991699,106600.0,-0.030543262138962742,0.4893030524253845,-0.3882048726081848,106600.0,1001.260009765625,106600.0,-0.8702639937400818,-1.2662668228149414,2.757023334503174,106600.0,0.9510682821273804,-9.057531356811523,-3.6368923187255855,106600.0,0.08080431073904037,-10.323798179626463,-0.8798691034317017
2027,106700.0,-7.907000064849853,-14.821999549865724,-31.20499992370605,106700.0,-0.030543262138962742,0.4893030524253845,-0.3882048726081848,106700.0,1001.22998046875,106700.0,-2.140441656112671,-2.671637535095215,3.1906168460845947,106700.0,1.963869333267212,-9.086286544799805,-3.1229805946350098,106700.0,-0.17657238245010376,-11.75792407989502,0.06763619929552077
2028,106800.0,-6.480000019073486,-15.86299991607666,-31.20499992370605,106800.0,0.13041973114013672,0.6679811477661133,-0.44287729263305664,106800.0,1001.22998046875,106800.0,-2.140441656112671,-2.671637535095215,3.1906168460845947,106800.0,1.963869333267212,-9.086286544799805,-3.1229805946350098,106800.0,-0.17657238245010376,-11.75792407989502,0.06763619929552077
2029,106900.0,-3.686000108718872,-21.6200008392334,-30.61599922180176,106900.0,0.932791233062744,0.10170906037092207,-0.12889257073402405,106900.0,1001.3099975585938,106900.0,-0.2333399057388305,-1.194620132446289,4.637336730957031,106900.0,2.1528911590576167,-9.478132247924805,-1.3040093183517456,106900.0,1.9195512533187864,-10.672752380371094,3.333327293395996
2030,106500.0,-14.609999656677244,-14.494999885559082,-29.618000030517567,106500.0,-0.7556403279304504,-0.256868839263916,0.3136793076992035,106500.0,1001.260009765625,106500.0,-0.8702639937400818,-1.2662668228149414,2.757023334503174,106500.0,0.9510682821273804,-9.057531356811523,-3.6368923187255855,106500.0,0.08080431073904037,-10.323798179626463,-0.8798691034317017
2031,106600.0,-10.456000328063963,-14.821999549865724,-31.12100028991699,106600.0,-0.030543262138962742,0.4893030524253845,-0.3882048726081848,106600.0,1001.260009765625,106600.0,-0.8702639937400818,-1.2662668228149414,2.757023334503174,106600.0,0.9510682821273804,-9.057531356811523,-3.6368923187255855,106600.0,0.08080431073904037,-10.323798179626463,-0.8798691034317017
2032,106700.0,-7.907000064849853,-14.821999549865724,-31.20499992370605,106700.0,-0.030543262138962742,0.4893030524253845,-0.3882048726081848,106700.0,1001.22998046875,106700.0,-2.140441656112671,-2.671637535095215,3.1906168460845947,106700.0,1.963869333267212,-9.086286544799805,-3.1229805946350098,106700.0,-0.17657238245010376,-11.75792407989502,0.06763619929552077
2033,106800.0,-6.480000019073486,-15.86299991607666,-31.20499992370605,106800.0,0.13041973114013672,0.6679811477661133,-0.44287729263305664,106800.0,1001.22998046875,106800.0,-2.140441656112671,-2.671637535095215,3.1906168460845947,106800.0,1.963869333267212,-9.086286544799805,-3.1229805946350098,106800.0,-0.17657238245010376,-11.75792407989502,0.06763619929552077
2034,106900.0,-3.686000108718872,-21.6200008392334,-30.61599922180176,106900.0,0.932791233062744,0.10170906037092207,-0.12889257073402405,106900.0,1001.3099975585938,106900.0,-0.2333399057388305,-1.194620132446289,4.637336730957031,106900.0,2.1528911590576167,-9.478132247924805,-1.3040093183517456,106900.0,1.9195512533187864,-10.672752380371094,3.333327293395996
2035,107000.0,-1.628999948501587,-26.25399971008301,-25.99900054931641,107000.0,0.932791233062744,0.10170906037092207,-0.12889257073402405,107000.0,1001.3099975585938,107000.0,-1.3632502555847168,0.9024906158447266,0.5467010140419006,107000.0,1.5984805822372437,-9.67125415802002,0.28648120164871216,107000.0,0.2352303117513657,-8.768763542175293,0.8331822156906128
2036,107100.0,-3.07699990272522,-27.81800079345703,-22.46500015258789,107100.0,1.0009026527404783,-0.4462370574474335,0.2370157092809677,107100.0,1001.239990234375,107100.0,-1.3632502555847168,0.9024906158447266,0.5467010140419006,107100.0,1.5984805822372437,-9.67125415802002,0.28648120164871216,107100.0,0.2352303117513657,-8.768763542175293,0.8331822156906128
2037,107200.0,-4.339000225067139,-28.28000068664551,-20.57299995422364,107200.0,1.0009026527404783,-0.4462370574474335,0.2370157092809677,107200.0,1001.25,107200.0,0.6485275030136108,0.21646595001220706,0.2809610366821289,107200.0,-0.7939752340316772,-9.523924827575684,2.198833465576172,107200.0,-0.1454477459192276,-9.307458877563477,2.479794502258301
2038,107300.0,-8.432000160217285,-29.04800033569336,-16.702999114990234,107300.0,1.0696250200271606,-0.14477506279945376,1.3164145946502686,107300.0,1001.25,107300.0,0.6485275030136108,0.21646595001220706,0.2809610366821289,107300.0,-0.7939752340316772,-9.523924827575684,2.198833465576172,107300.0,-0.1454477459192276,-9.307458877563477,2.479794502258301
2039,107400.0,-10.861000061035156,-29.04800033569336,-14.56700038909912,107400.0,1.0696250200271606,-0.14477506279945376,1.3164145946502686,107400.0,1001.2100219726564,107400.0,0.9994547963142396,3.3136196136474614,1.01059889793396,107400.0,-1.5525153875350952,-9.12853717803955,3.229532480239868,107400.0,-0.5530605912208557,-5.81491756439209,4.240131378173828
2040,107000.0,-1.628999948501587,-26.25399971008301,-25.99900054931641,107000.0,0.932791233062744,0.10170906037092207,-0.12889257073402405,107000.0,1001.3099975585938,107000.0,-1.3632502555847168,0.9024906158447266,0.5467010140419006,107000.0,1.5984805822372437,-9.67125415802002,0.28648120164871216,107000.0,0.2352303117513657,-8.768763542175293,0.8331822156906128
2041,107100.0,-3.07699990272522,-27.81800079345703,-22.46500015258789,107100.0,1.0009026527404783,-0.4462370574474335,0.2370157092809677,107100.0,1001.239990234375,107100.0,-1.3632502555847168,0.9024906158447266,0.5467010140419006,107100.0,1.5984805822372437,-9.67125415802002,0.28648120164871216,107100.0,0.2352303117513657,-8.768763542175293,0.8331822156906128
2042,107200.0,-4.339000225067139,-28.28000068664551,-20.57299995422364,107200.0,1.0009026527404783,-0.4462370574474335,0.2370157092809677,107200.0,1001.25,107200.0,0.6485275030136108,0.21646595001220706,0.2809610366821289,107200.0,-0.7939752340316772,-9.523924827575684,2.198833465576172,107200.0,-0.1454477459192276,-9.307458877563477,2.479794502258301
2043,107300.0,-8.432000160217285,-29.04800033569336,-16.702999114990234,107300.0,1.0696250200271606,-0.14477506279945376,1.3164145946502686,107300.0,1001.25,107300.0,0.6485275030136108,0.21646595001220706,0.2809610366821289,107300.0,-0.7939752340316772,-9.523924827575684,2.198833465576172,107300.0,-0.1454477459192276,-9.307458877563477,2.479794502258301
2044,107400.0,-10.861000061035156,-29.04800033569336,-14.56700038909912,107400.0,1.0696250200271606,-0.14477506279945376,1.3164145946502686,107400.0,1001.2100219726564,107400.0,0.9994547963142396,3.3136196136474614,1.01059889793396,107400.0,-1.5525153875350952,-9.12853717803955,3.229532480239868,107400.0,-0.5530605912208557,-5.81491756439209,4.240131378173828
2045,107500.0,-11.619000434875488,-29.46299934387207,-15.218999862670898,107500.0,0.588263213634491,-0.02351831272244453,0.4327980279922485,107500.0,1001.2100219726564,107500.0,0.9994547963142396,3.3136196136474614,1.01059889793396,107500.0,-1.5525153875350952,-9.12853717803955,3.229532480239868,107500.0,-0.5530605912208557,-5.81491756439209,4.240131378173828
2046,107600.0,-11.17199993133545,-28.149999618530273,-17.264999389648438,107600.0,0.588263213634491,-0.02351831272244453,0.4327980279922485,107600.0,1001.1500244140624,107600.0,-1.2103519439697266,1.8528356552124023,6.888824462890625,107600.0,-0.7744413018226624,-9.707612991333008,1.1544961929321291,107600.0,-1.984793186187744,-7.854777336120605,8.043320655822754
2047,107700.0,-11.595000267028807,-24.63800048828125,-18.17300033569336,107700.0,-1.379333734512329,-0.3332269787788391,-0.4294382631778717,107700.0,1001.1500244140624,107700.0,-1.2103519439697266,1.8528356552124023,6.888824462890625,107700.0,-0.7744413018226624,-9.707612991333008,1.1544961929321291,107700.0,-1.984793186187744,-7.854777336120605,8.043320655822754
2048,107800.0,-11.595000267028807,-22.99900054931641,-20.75900077819824,107800.0,-1.946522116661072,-0.08949175477027893,-0.9581421613693236,107800.0,1001.1900024414064,107800.0,-1.908710479736328,-6.7621355056762695,4.88667106628418,107800.0,0.8492761254310608,-9.51364803314209,-2.2225229740142822,107800.0,-1.0594342947006226,-16.27578353881836,2.6641478538513184
2049,107900.0,-10.847000122070312,-22.642000198364247,-21.216999053955078,107900.0,-1.946522116661072,-0.08949175477027893,-0.9581421613693236,107900.0,1001.1900024414064,107900.0,-3.559027671813965,-1.2867069244384766,3.5048751831054688,107900.0,1.8094649314880369,-9.269328117370604,-2.6411669254302983,107900.0,-1.7495628595352173,-10.556035041809082,0.8637082576751709
2050,107500.0,-11.619000434875488,-29.46299934387207,-15.218999862670898,107500.0,0.588263213634491,-0.02351831272244453,0.4327980279922485,107500.0,1001.2100219726564,107500.0,0.9994547963142396,3.3136196136474614,1.01059889793396,107500.0,-1.5525153875350952,-9.12853717803955,3.229532480239868,107500.0,-0.5530605912208557,-5.81491756439209,4.240131378173828
2051,107600.0,-11.17199993133545,-28.149999618530273,-17.264999389648438,107600.0,0.588263213634491,-0.02351831272244453,0.4327980279922485,107600.0,1001.1500244140624,107600.0,-1.2103519439697266,1.8528356552124023,6.888824462890625,107600.0,-0.7744413018226624,-9.707612991333008,1.1544961929321291,107600.0,-1.984793186187744,-7.854777336120605,8.043320655822754
2052,107700.0,-11.595000267028807,-24.63800048828125,-18.17300033569336,107700.0,-1.379333734512329,-0.3332269787788391,-0.4294382631778717,107700.0,1001.1500244140624,107700.0,-1.2103519439697266,1.8528356552124023,6.888824462890625,107700.0,-0.7744413018226624,-9.707612991333008,1.1544961929321291,107700.0,-1.984793186187744,-7.854777336120605,8.043320655822754
2053,107800.0,-11.595000267028807,-22.99900054931641,-20.75900077819824,107800.0,-1.946522116661072,-0.08949175477027893,-0.9581421613693236,107800.0,1001.1900024414064,107800.0,-1.908710479736328,-6.7621355056762695,4.88667106628418,107800.0,0.8492761254310608,-9.51364803314209,-2.2225229740142822,107800.0,-1.0594342947006226,-16.27578353881836,2.6641478538513184
2054,107900.0,-10.847000122070312,-22.642000198364247,-21.216999053955078,107900.0,-1.946522116661072,-0.08949175477027893,-0.9581421613693236,107900.0,1001.1900024414064,107900.0,-3.559027671813965,-1.2867069244384766,3.5048751831054688,107900.0,1.8094649314880369,-9.269328117370604,-2.6411669254302983,107900.0,-1.7495628595352173,-10.556035041809082,0.8637082576751709
2055,108000.0,-10.54800033569336,-21.614999771118164,-22.36400032043457,108000.0,-0.3692680299282074,0.3567453026771545,-0.598953366279602,108000.0,1001.2100219726564,108000.0,-3.559027671813965,-1.2867069244384766,3.5048751831054688,108000.0,1.8094649314880369,-9.269328117370604,-2.6411669254302983,108000.0,-1.7495628595352173,-10.556035041809082,0.8637082576751709
2056,108100.0,-10.54800033569336,-19.94099998474121,-23.309999465942386,108100.0,-0.3692680299282074,0.3567453026771545,-0.598953366279602,108100.0,1001.219970703125,108100.0,-0.6135801672935486,-0.5592441558837891,3.7560977935791016,108100.0,1.3982797861099243,-9.042102813720703,-3.529247283935547,108100.0,0.7846996188163757,-9.601346969604492,0.22685061395168304
2057,108200.0,-11.166000366210938,-17.36400032043457,-23.309999465942386,108200.0,-0.4932736754417419,-0.5393940210342407,0.001832595793530345,108200.0,1001.219970703125,108200.0,-0.6135801672935486,-0.5592441558837891,3.7560977935791016,108200.0,1.3982797861099243,-9.042102813720703,-3.529247283935547,108200.0,0.7846996188163757,-9.601346969604492,0.22685061395168304
2058,108300.0,-11.47599983215332,-14.928999900817873,-24.46999931335449,108300.0,-0.4932736754417419,-0.5393940210342407,0.001832595793530345,108300.0,1001.1900024414064,108300.0,-0.12272733449935913,-0.8763999938964844,5.05413818359375,108300.0,0.7667676210403442,-8.55376148223877,-4.7345123291015625,108300.0,0.6440402865409851,-9.430161476135254,0.3196259140968323
2059,108400.0,-10.934000015258787,-13.552000045776367,-25.28000068664551,108400.0,-0.7922922372817993,-0.43157628178596497,0.1368338167667389,108400.0,1001.1900024414064,108400.0,-0.12272733449935913,-0.8763999938964844,5.05413818359375,108400.0,0.7667676210403442,-8.55376148223877,-4.7345123291015625,108400.0,0.6440402865409851,-9.430161476135254,0.3196259140968323
2060,108000.0,-10.54800033569336,-21.614999771118164,-22.36400032043457,108000.0,-0.3692680299282074,0.3567453026771545,-0.598953366279602,108000.0,1001.2100219726564,108000.0,-3.559027671813965,-1.2867069244384766,3.5048751831054688,108000.0,1.8094649314880369,-9.269328117370604,-2.6411669254302983,108000.0,-1.7495628595352173,-10.556035041809082,0.8637082576751709
2061,108100.0,-10.54800033569336,-19.94099998474121,-23.309999465942386,108100.0,-0.3692680299282074,0.3567453026771545,-0.598953366279602,108100.0,1001.219970703125,108100.0,-0.6135801672935486,-0.5592441558837891,3.7560977935791016,108100.0,1.3982797861099243,-9.042102813720703,-3.529247283935547,108100.0,0.7846996188163757,-9.601346969604492,0.22685061395168304
2062,108200.0,-11.166000366210938,-17.36400032043457,-23.309999465942386,108200.0,-0.4932736754417419,-0.5393940210342407,0.001832595793530345,108200.0,1001.219970703125,108200.0,-0.6135801672935486,-0.5592441558837891,3.7560977935791016,108200.0,1.3982797861099243,-9.042102813720703,-3.529247283935547,108200.0,0.7846996188163757,-9.601346969604492,0.22685061395168304
2063,108300.0,-11.47599983215332,-14.928999900817873,-24.46999931335449,108300.0,-0.4932736754417419,-0.5393940210342407,0.001832595793530345,108300.0,1001.1900024414064,108300.0,-0.12272733449935913,-0.8763999938964844,5.05413818359375,108300.0,0.7667676210403442,-8.55376148223877,-4.7345123291015625,108300.0,0.6440402865409851,-9.430161476135254,0.3196259140968323
2064,108400.0,-10.934000015258787,-13.552000045776367,-25.28000068664551,108400.0,-0.7922922372817993,-0.43157628178596497,0.1368338167667389,108400.0,1001.1900024414064,108400.0,-0.12272733449935913,-0.8763999938964844,5.05413818359375,108400.0,0.7667676210403442,-8.55376148223877,-4.7345123291015625,108400.0,0.6440402865409851,-9.430161476135254,0.3196259140968323
2065,108500.0,-6.25,-13.552000045776367,-25.917999267578125,108500.0,-0.7922922372817993,-0.43157628178596497,0.1368338167667389,108500.0,1001.2100219726564,108500.0,-1.9474787712097168,-1.2514781951904297,4.115767478942871,108500.0,1.7727020978927612,-8.519258499145508,-4.522183418273926,108500.0,-0.17477671802043915,-9.770736694335938,-0.406415730714798
2066,108600.0,-2.3020000457763667,-13.22599983215332,-26.61400032043457,108600.0,-0.07269296050071716,0.7464773058891296,-0.3338378667831421,108600.0,1001.2100219726564,108600.0,-1.9474787712097168,-1.2514781951904297,4.115767478942871,108600.0,1.7727020978927612,-8.519258499145508,-4.522183418273926,108600.0,-0.17477671802043915,-9.770736694335938,-0.406415730714798
2067,108700.0,0.09700000286102296,-12.907999992370605,-26.92799949645996,108700.0,-0.15271630883216858,0.6685920357704163,-0.09437867999076843,108700.0,1001.1799926757812,108700.0,-1.7372198104858398,-3.46201229095459,2.94556188583374,108700.0,2.2753167152404785,-8.502411842346191,-4.32462215423584,108700.0,0.5380968451499939,-11.96442413330078,-1.37906014919281
2068,108800.0,0.09700000286102296,-13.246000289916992,-26.92799949645996,108800.0,-0.15271630883216858,0.6685920357704163,-0.09437867999076843,108800.0,1001.1799926757812,108800.0,-1.7231106758117676,0.16649627685546875,1.6639585494995115,108800.0,2.637097120285034,-9.318930625915527,-1.5406571626663208,108800.0,0.9139865040779114,-9.15243434906006,0.12330138683319093
2069,108900.0,1.7389999628067017,-18.391000747680664,-26.625,108900.0,1.52105450630188,0.4227187633514404,-0.16951510310173035,108900.0,1001.239990234375,108900.0,-1.7231106758117676,0.16649627685546875,1.6639585494995115,108900.0,2.637097120285034,-9.318930625915527,-1.5406571626663208,108900.0,0.9139865040779114,-9.15243434906006,0.12330138683319093
2070,108500.0,-6.25,-13.552000045776367,-25.917999267578125,108500.0,-0.7922922372817993,-0.43157628178596497,0.1368338167667389,108500.0,1001.2100219726564,108500.0,-1.9474787712097168,-1.2514781951904297,4.115767478942871,108500.0,1.7727020978927612,-8.519258499145508,-4.522183418273926,108500.0,-0.17477671802043915,-9.770736694335938,-0.406415730714798
2071,108600.0,-2.3020000457763667,-13.22599983215332,-26.61400032043457,108600.0,-0.07269296050071716,0.7464773058891296,-0.3338378667831421,108600.0,1001.2100219726564,108600.0,-1.9474787712097168,-1.2514781951904297,4.115767478942871,108600.0,1.7727020978927612,-8.519258499145508,-4.522183418273926,108600.0,-0.17477671802043915,-9.770736694335938,-0.406415730714798
2072,108700.0,0.09700000286102296,-12.907999992370605,-26.92799949645996,108700.0,-0.15271630883216858,0.6685920357704163,-0.09437867999076843,108700.0,1001.1799926757812,108700.0,-1.7372198104858398,-3.46201229095459,2.94556188583374,108700.0,2.2753167152404785,-8.502411842346191,-4.32462215423584,108700.0,0.5380968451499939,-11.96442413330078,-1.37906014919281
2073,108800.0,0.09700000286102296,-13.246000289916992,-26.92799949645996,108800.0,-0.15271630883216858,0.6685920357704163,-0.09437867999076843,108800.0,1001.1799926757812,108800.0,-1.7231106758117676,0.16649627685546875,1.6639585494995115,108800.0,2.637097120285034,-9.318930625915527,-1.5406571626663208,108800.0,0.9139865040779114,-9.15243434906006,0.12330138683319093
2074,108900.0,1.7389999628067017,-18.391000747680664,-26.625,108900.0,1.52105450630188,0.4227187633514404,-0.16951510310173035,108900.0,1001.239990234375,108900.0,-1.7231106758117676,0.16649627685546875,1.6639585494995115,108900.0,2.637097120285034,-9.318930625915527,-1.5406571626663208,108900.0,0.9139865040779114,-9.15243434906006,0.12330138683319093
2075,109000.0,2.075999975204468,-21.93899917602539,-23.71199989318848,109000.0,1.52105450630188,0.4227187633514404,-0.16951510310173035,109000.0,1001.239990234375,109000.0,-2.0469388961791988,0.894597053527832,0.13429796695709229,109000.0,2.0451431274414062,-9.566993713378906,0.6785334944725037,109000.0,-0.0017956512747332454,-8.672396659851074,0.812831461429596
2076,109100.0,2.075999975204468,-23.47100067138672,-21.982999801635746,109100.0,1.2296717166900637,0.13805554807186127,0.2513710558414459,109100.0,1001.219970703125,109100.0,-2.0469388961791988,0.894597053527832,0.13429796695709229,109100.0,2.0451431274414062,-9.566993713378906,0.6785334944725037,109100.0,-0.0017956512747332454,-8.672396659851074,0.812831461429596
2077,109200.0,1.628000020980835,-24.483999252319336,-19.643999099731445,109200.0,1.2296717166900637,0.13805554807186127,0.2513710558414459,109200.0,1001.219970703125,109200.0,-0.6402891874313354,0.10133838653564453,0.3729114532470703,109200.0,-0.3640783727169037,-9.501572608947754,2.3995740413665767,109200.0,-1.0043675899505615,-9.40023422241211,2.7724854946136475
2078,109300.0,-3.2690000534057617,-25.697999954223643,-16.291000366210938,109300.0,0.9434813857078552,-0.1936442852020264,1.283122420310974,109300.0,1001.219970703125,109300.0,-0.6402891874313354,0.10133838653564453,0.3729114532470703,109300.0,-0.3640783727169037,-9.501572608947754,2.3995740413665767,109300.0,-1.0043675899505615,-9.40023422241211,2.7724854946136475
2079,109400.0,-5.184000015258789,-26.04800033569336,-14.619999885559082,109400.0,0.9434813857078552,-0.1936442852020264,1.283122420310974,109400.0,1001.1400146484376,109400.0,0.5540915131568909,3.0248508453369136,0.8533813953399658,109400.0,-1.198131799697876,-9.05345058441162,3.5734975337982178,109400.0,-0.6440402865409851,-6.028599739074707,4.426878929138184
2080,109000.0,2.075999975204468,-21.93899917602539,-23.71199989318848,109000.0,1.52105450630188,0.4227187633514404,-0.16951510310173035,109000.0,1001.239990234375,109000.0,-2.0469388961791988,0.894597053527832,0.13429796695709229,109000.0,2.0451431274414062,-9.566993713378906,0.6785334944725037,109000.0,-0.0017956512747332454,-8.672396659851074,0.812831461429596
2081,109100.0,2.075999975204468,-23.47100067138672,-21.982999801635746,109100.0,1.2296717166900637,0.13805554807186127,0.2513710558414459,109100.0,1001.219970703125,109100.0,-2.0469388961791988,0.894597053527832,0.13429796695709229,109100.0,2.0451431274414062,-9.566993713378906,0.6785334944725037,109100.0,-0.0017956512747332454,-8.672396659851074,0.812831461429596
2082,109200.0,1.628000020980835,-24.483999252319336,-19.643999099731445,109200.0,1.2296717166900637,0.13805554807186127,0.2513710558414459,109200.0,1001.219970703125,109200.0,-0.6402891874313354,0.10133838653564453,0.3729114532470703,109200.0,-0.3640783727169037,-9.501572608947754,2.3995740413665767,109200.0,-1.0043675899505615,-9.40023422241211,2.7724854946136475
2083,109300.0,-3.2690000534057617,-25.697999954223643,-16.291000366210938,109300.0,0.9434813857078552,-0.1936442852020264,1.283122420310974,109300.0,1001.219970703125,109300.0,-0.6402891874313354,0.10133838653564453,0.3729114532470703,109300.0,-0.3640783727169037,-9.501572608947754,2.3995740413665767,109300.0,-1.0043675899505615,-9.40023422241211,2.7724854946136475
2084,109400.0,-5.184000015258789,-26.04800033569336,-14.619999885559082,109400.0,0.9434813857078552,-0.1936442852020264,1.283122420310974,109400.0,1001.1400146484376,109400.0,0.5540915131568909,3.0248508453369136,0.8533813953399658,109400.0,-1.198131799697876,-9.05345058441162,3.5734975337982178,109400.0,-0.6440402865409851,-6.028599739074707,4.426878929138184
2085,109500.0,-6.486000061035156,-26.04800033569336,-14.946999549865724,109500.0,0.6157521605491638,-0.29046642780303955,0.5366451144218445,109500.0,1001.1400146484376,109500.0,0.5540915131568909,3.0248508453369136,0.8533813953399658,109500.0,-1.198131799697876,-9.05345058441162,3.5734975337982178,109500.0,-0.6440402865409851,-6.028599739074707,4.426878929138184
2086,109600.0,-6.88700008392334,-26.04800033569336,-15.5600004196167,109600.0,-0.8772025108337402,-0.4981606006622314,-0.055283304303884506,109600.0,1001.1199951171876,109600.0,-0.0977763533592224,3.117473125457764,3.9209232330322266,109600.0,-0.920357882976532,-9.473480224609377,2.361462116241455,109600.0,-1.0181342363357544,-6.356007099151611,6.2823853492736825
2087,109700.0,-6.373000144958496,-21.500999450683594,-16.253000259399414,109700.0,-0.8772025108337402,-0.4981606006622314,-0.055283304303884506,109700.0,1001.1199951171876,109700.0,-1.541815996170044,-2.8594226837158203,2.9196562767028813,109700.0,-0.09881072491407394,-9.786151885986328,-0.6260112524032593,109700.0,-1.6406266689300537,-12.645574569702148,2.293645143508911
2088,109800.0,-6.373000144958496,-18.941999435424805,-18.979999542236328,109800.0,-1.708895564079285,-0.1560760736465454,-0.5210680365562439,109800.0,1001.1500244140624,109800.0,-1.541815996170044,-2.8594226837158203,2.9196562767028813,109800.0,-0.09881072491407394,-9.786151885986328,-0.6260112524032593,109800.0,-1.6406266689300537,-12.645574569702148,2.293645143508911
2089,109900.0,-4.6030001640319815,-16.35099983215332,-21.047000885009766,109900.0,-1.708895564079285,-0.1560760736465454,-0.5210680365562439,109900.0,1001.1500244140624,109900.0,0.14194190502166748,-0.15523815155029294,2.520728588104248,109900.0,1.4418225288391109,-9.541278839111328,-1.747999906539917,109900.0,1.5837644338607788,-9.69651699066162,0.7727286219596863
2090,109500.0,-6.486000061035156,-26.04800033569336,-14.946999549865724,109500.0,0.6157521605491638,-0.29046642780303955,0.5366451144218445,109500.0,1001.1400146484376,109500.0,0.5540915131568909,3.0248508453369136,0.8533813953399658,109500.0,-1.198131799697876,-9.05345058441162,3.5734975337982178,109500.0,-0.6440402865409851,-6.028599739074707,4.426878929138184
2091,109600.0,-6.88700008392334,-26.04800033569336,-15.5600004196167,109600.0,-0.8772025108337402,-0.4981606006622314,-0.055283304303884506,109600.0,1001.1199951171876,109600.0,-0.0977763533592224,3.117473125457764,3.9209232330322266,109600.0,-0.920357882976532,-9.473480224609377,2.361462116241455,109600.0,-1.0181342363357544,-6.356007099151611,6.2823853492736825
2092,109700.0,-6.373000144958496,-21.500999450683594,-16.253000259399414,109700.0,-0.8772025108337402,-0.4981606006622314,-0.055283304303884506,109700.0,1001.1199951171876,109700.0,-1.541815996170044,-2.8594226837158203,2.9196562767028813,109700.0,-0.09881072491407394,-9.786151885986328,-0.6260112524032593,109700.0,-1.6406266689300537,-12.645574569702148,2.293645143508911
2093,109800.0,-6.373000144958496,-18.941999435424805,-18.979999542236328,109800.0,-1.708895564079285,-0.1560760736465454,-0.5210680365562439,109800.0,1001.1500244140624,109800.0,-1.541815996170044,-2.8594226837158203,2.9196562767028813,109800.0,-0.09881072491407394,-9.786151885986328,-0.6260112524032593,109800.0,-1.6406266689300537,-12.645574569702148,2.293645143508911
2094,109900.0,-4.6030001640319815,-16.35099983215332,-21.047000885009766,109900.0,-1.708895564079285,-0.1560760736465454,-0.5210680365562439,109900.0,1001.1500244140624,109900.0,0.14194190502166748,-0.15523815155029294,2.520728588104248,109900.0,1.4418225288391109,-9.541278839111328,-1.747999906539917,109900.0,1.5837644338607788,-9.69651699066162,0.7727286219596863
2095,110000.0,-4.2899999618530265,-15.760000228881836,-20.993000030517575,110000.0,-0.7473936080932617,0.8368853926658629,-0.7837401032447815,110000.0,1001.1799926757812,110000.0,0.14194190502166748,-0.15523815155029294,2.520728588104248,110000.0,1.4418225288391109,-9.541278839111328,-1.747999906539917,110000.0,1.5837644338607788,-9.69651699066162,0.7727286219596863
2096,110100.0,-3.970999956130981,-14.781999588012695,-21.304000854492188,110100.0,-0.7473936080932617,0.8368853926658629,-0.7837401032447815,110100.0,1001.1500244140624,110100.0,-1.854586482048035,-0.25501060485839844,2.828070163726806,110100.0,1.7725850343704224,-9.30982494354248,-2.521013736724853,110100.0,-0.08200141042470932,-9.56483554840088,0.30705636739730835
2097,110200.0,-3.970999956130981,-14.305999755859375,-21.63599967956543,110200.0,-0.6276640295982361,0.6710354685783386,-0.14385876059532166,110200.0,1001.1500244140624,110200.0,-1.854586482048035,-0.25501060485839844,2.828070163726806,110200.0,1.7725850343704224,-9.30982494354248,-2.521013736724853,110200.0,-0.08200141042470932,-9.56483554840088,0.30705636739730835
2098,110300.0,-3.970999956130981,-10.800000190734863,-21.959999084472656,110300.0,-0.6276640295982361,0.6710354685783386,-0.14385876059532166,110300.0,1001.1199951171876,110300.0,-1.119584321975708,-0.1140594482421875,2.1411867141723637,110300.0,1.1890162229537964,-9.085660934448242,-3.493910789489746,110300.0,0.0694318488240242,-9.19972038269043,-1.3527239561080933
2099,110400.0,-3.970999956130981,-8.505999565124513,-22.27899932861328,110400.0,-0.6233879923820496,0.021991148591041558,0.2541199326515198,110400.0,1001.1199951171876,110400.0,-1.119584321975708,-0.1140594482421875,2.1411867141723637,110400.0,1.1890162229537964,-9.085660934448242,-3.493910789489746,110400.0,0.0694318488240242,-9.19972038269043,-1.3527239561080933
2100,110000.0,-4.2899999618530265,-15.760000228881836,-20.993000030517575,110000.0,-0.7473936080932617,0.8368853926658629,-0.7837401032447815,110000.0,1001.1799926757812,110000.0,0.14194190502166748,-0.15523815155029294,2.520728588104248,110000.0,1.4418225288391109,-9.541278839111328,-1.747999906539917,110000.0,1.5837644338607788,-9.69651699066162,0.7727286219596863
2101,110100.0,-3.970999956130981,-14.781999588012695,-21.304000854492188,110100.0,-0.7473936080932617,0.8368853926658629,-0.7837401032447815,110100.0,1001.1500244140624,110100.0,-1.854586482048035,-0.25501060485839844,2.828070163726806,110100.0,1.7725850343704224,-9.30982494354248,-2.521013736724853,110100.0,-0.08200141042470932,-9.56483554840088,0.30705636739730835
2102,110200.0,-3.970999956130981,-14.305999755859375,-21.63599967956543,110200.0,-0.6276640295982361,0.6710354685783386,-0.14385876059532166,110200.0,1001.1500244140624,110200.0,-1.854586482048035,-0.25501060485839844,2.828070163726806,110200.0,1.7725850343704224,-9.30982494354248,-2.521013736724853,110200.0,-0.08200141042470932,-9.56483554840088,0.30705636739730835
2103,110300.0,-3.970999956130981,-10.800000190734863,-21.959999084472656,110300.0,-0.6276640295982361,0.6710354685783386,-0.14385876059532166,110300.0,1001.1199951171876,110300.0,-1.119584321975708,-0.1140594482421875,2.1411867141723637,110300.0,1.1890162229537964,-9.085660934448242,-3.493910789489746,110300.0,0.0694318488240242,-9.19972038269043,-1.3527239561080933
2104,110400.0,-3.970999956130981,-8.505999565124513,-22.27899932861328,110400.0,-0.6233879923820496,0.021991148591041558,0.2541199326515198,110400.0,1001.1199951171876,110400.0,-1.119584321975708,-0.1140594482421875,2.1411867141723637,110400.0,1.1890162229537964,-9.085660934448242,-3.493910789489746,110400.0,0.0694318488240242,-9.19972038269043,-1.3527239561080933
2105,110500.0,-2.747999906539917,-7.670000076293945,-22.60099983215332,110500.0,-0.2293798923492432,0.2541199326515198,-0.1215621829032898,110500.0,1001.2000122070312,110500.0,-1.8478801250457764,-0.5184707641601562,2.709700107574463,110500.0,1.3660470247268677,-8.985312461853027,-3.6835417747497563,110500.0,-0.4818331003189087,-9.503783226013184,-0.9738415479660034
2106,110600.0,1.0429999828338623,-7.670000076293945,-23.28400039672852,110600.0,-0.2293798923492432,0.2541199326515198,-0.1215621829032898,110600.0,1001.2000122070312,110600.0,-1.2646143436431885,-1.217742919921875,2.949838876724243,110600.0,2.090015411376953,-8.88638687133789,-3.5825066566467285,110600.0,0.8254010081291199,-10.104129791259766,-0.6326677799224854
2107,110700.0,3.2690000534057617,-7.322000026702881,-23.63999938964844,110700.0,-0.11881329119205475,0.4098905920982361,-0.3558290004730225,110700.0,1001.1500244140624,110700.0,-1.2646143436431885,-1.217742919921875,2.949838876724243,110700.0,2.090015411376953,-8.88638687133789,-3.5825066566467285,110700.0,0.8254010081291199,-10.104129791259766,-0.6326677799224854
2108,110800.0,4.132999897003174,-6.686999797821045,-23.63999938964844,110800.0,-0.11881329119205475,0.4098905920982361,-0.3558290004730225,110800.0,1001.1500244140624,110800.0,-2.0688183307647705,-2.227068901062012,1.3604390621185305,110800.0,2.9217526912689213,-9.088526725769043,-2.2433009147644043,110800.0,0.8529343605041504,-11.315595626831055,-0.882861852645874
2109,110900.0,4.3449997901916495,-6.686999797821045,-23.63999938964844,110900.0,0.498771458864212,0.761443555355072,-0.3869831264019013,110900.0,1001.2000122070312,110900.0,-2.0688183307647705,-2.227068901062012,1.3604390621185305,110900.0,2.9217526912689213,-9.088526725769043,-2.2433009147644043,110900.0,0.8529343605041504,-11.315595626831055,-0.882861852645874
2110,110500.0,-2.747999906539917,-7.670000076293945,-22.60099983215332,110500.0,-0.2293798923492432,0.2541199326515198,-0.1215621829032898,110500.0,1001.2000122070312,110500.0,-1.8478801250457764,-0.5184707641601562,2.709700107574463,110500.0,1.3660470247268677,-8.985312461853027,-3.6835417747497563,110500.0,-0.4818331003189087,-9.503783226013184,-0.9738415479660034
2111,110600.0,1.0429999828338623,-7.670000076293945,-23.28400039672852,110600.0,-0.2293798923492432,0.2541199326515198,-0.1215621829032898,110600.0,1001.2000122070312,110600.0,-1.2646143436431885,-1.217742919921875,2.949838876724243,110600.0,2.090015411376953,-8.88638687133789,-3.5825066566467285,110600.0,0.8254010081291199,-10.104129791259766,-0.6326677799224854
2112,110700.0,3.2690000534057617,-7.322000026702881,-23.63999938964844,110700.0,-0.11881329119205475,0.4098905920982361,-0.3558290004730225,110700.0,1001.1500244140624,110700.0,-1.2646143436431885,-1.217742919921875,2.949838876724243,110700.0,2.090015411376953,-8.88638687133789,-3.5825066566467285,110700.0,0.8254010081291199,-10.104129791259766,-0.6326677799224854
2113,110800.0,4.132999897003174,-6.686999797821045,-23.63999938964844,110800.0,-0.11881329119205475,0.4098905920982361,-0.3558290004730225,110800.0,1001.1500244140624,110800.0,-2.0688183307647705,-2.227068901062012,1.3604390621185305,110800.0,2.9217526912689213,-9.088526725769043,-2.2433009147644043,110800.0,0.8529343605041504,-11.315595626831055,-0.882861852645874
2114,110900.0,4.3449997901916495,-6.686999797821045,-23.63999938964844,110900.0,0.498771458864212,0.761443555355072,-0.3869831264019013,110900.0,1001.2000122070312,110900.0,-2.0688183307647705,-2.227068901062012,1.3604390621185305,110900.0,2.9217526912689213,-9.088526725769043,-2.2433009147644043,110900.0,0.8529343605041504,-11.315595626831055,-0.882861852645874
2115,111000.0,4.3449997901916495,-6.686999797821045,-23.63999938964844,111000.0,0.498771458864212,0.761443555355072,-0.3869831264019013,111000.0,1001.239990234375,111000.0,-0.7223405838012695,-1.1521224975585938,3.693391084671022,111000.0,3.2200915813446045,-9.210580825805664,-0.9831547141075134,111000.0,2.497750997543335,-10.362703323364258,2.7102363109588623
2116,111100.0,4.9660000801086435,-9.914999961853027,-23.63999938964844,111100.0,0.5500841736793518,0.13561208546161652,-0.228158175945282,111100.0,1001.239990234375,111100.0,-0.7223405838012695,-1.1521224975585938,3.693391084671022,111100.0,3.2200915813446045,-9.210580825805664,-0.9831547141075134,111100.0,2.497750997543335,-10.362703323364258,2.7102363109588623
2117,111200.0,5.276000022888184,-12.12399959564209,-23.315000534057607,111200.0,0.5500841736793518,0.13561208546161652,-0.228158175945282,111200.0,1001.1699829101564,111200.0,-1.701627492904663,-0.02101421356201172,-0.037071526050567634,111200.0,2.470166206359864,-9.45344066619873,0.8373334407806396,111200.0,0.768538773059845,-9.474454879760742,0.800261914730072
2118,111300.0,6.361999988555907,-14.984000205993652,-22.97800064086914,111300.0,1.168279767036438,-0.5568036437034607,0.3130684494972229,111300.0,1001.1699829101564,111300.0,-1.701627492904663,-0.02101421356201172,-0.037071526050567634,111300.0,2.470166206359864,-9.45344066619873,0.8373334407806396,111300.0,0.768538773059845,-9.474454879760742,0.800261914730072
2119,111400.0,6.751999855041504,-19.1200008392334,-22.15399932861328,111400.0,0.970970332622528,0.31154128909111023,1.3558154106140137,111400.0,1001.1400146484376,111400.0,0.5853408575057983,0.18441486358642573,-0.7349299192428589,111400.0,-0.13582947850227356,-9.441596031188963,2.647298574447632,111400.0,0.4495113790035248,-9.257181167602539,1.9123686552047727
2120,111000.0,4.3449997901916495,-6.686999797821045,-23.63999938964844,111000.0,0.498771458864212,0.761443555355072,-0.3869831264019013,111000.0,1001.239990234375,111000.0,-0.7223405838012695,-1.1521224975585938,3.693391084671022,111000.0,3.2200915813446045,-9.210580825805664,-0.9831547141075134,111000.0,2.497750997543335,-10.362703323364258,2.7102363109588623
2121,111100.0,4.9660000801086435,-9.914999961853027,-23.63999938964844,111100.0,0.5500841736793518,0.13561208546161652,-0.228158175945282,111100.0,1001.239990234375,111100.0,-0.7223405838012695,-1.1521224975585938,3.693391084671022,111100.0,3.2200915813446045,-9.210580825805664,-0.9831547141075134,111100.0,2.497750997543335,-10.362703323364258,2.7102363109588623
2122,111200.0,5.276000022888184,-12.12399959564209,-23.315000534057607,111200.0,0.5500841736793518,0.13561208546161652,-0.228158175945282,111200.0,1001.1699829101564,111200.0,-1.701627492904663,-0.02101421356201172,-0.037071526050567634,111200.0,2.470166206359864,-9.45344066619873,0.8373334407806396,111200.0,0.768538773059845,-9.474454879760742,0.800261914730072
2123,111300.0,6.361999988555907,-14.984000205993652,-22.97800064086914,111300.0,1.168279767036438,-0.5568036437034607,0.3130684494972229,111300.0,1001.1699829101564,111300.0,-1.701627492904663,-0.02101421356201172,-0.037071526050567634,111300.0,2.470166206359864,-9.45344066619873,0.8373334407806396,111300.0,0.768538773059845,-9.474454879760742,0.800261914730072
2124,111400.0,6.751999855041504,-19.1200008392334,-22.15399932861328,111400.0,0.970970332622528,0.31154128909111023,1.3558154106140137,111400.0,1001.1400146484376,111400.0,0.5853408575057983,0.18441486358642573,-0.7349299192428589,111400.0,-0.13582947850227356,-9.441596031188963,2.647298574447632,111400.0,0.4495113790035248,-9.257181167602539,1.9123686552047727
2125,111500.0,6.751999855041504,-22.172000885009766,-19.89699935913086,111500.0,0.970970332622528,0.31154128909111023,1.3558154106140137,111500.0,1001.1400146484376,111500.0,1.6562575101852417,2.694907665252685,-0.058837890625,111500.0,-1.373143196105957,-8.977293014526367,3.700418710708618,111500.0,0.28311434388160706,-6.2823853492736825,3.641580820083618
2126,111600.0,4.88100004196167,-22.172000885009766,-19.23900032043457,111600.0,0.6099489331245422,0.3787364661693573,0.5809328556060791,111600.0,1001.1099853515624,111600.0,1.6562575101852417,2.694907665252685,-0.058837890625,111600.0,-1.373143196105957,-8.977293014526367,3.700418710708618,111600.0,0.28311434388160706,-6.2823853492736825,3.641580820083618
2127,111700.0,4.198999881744385,-20.79599952697754,-19.23900032043457,111700.0,0.6099489331245422,0.3787364661693573,0.5809328556060791,111700.0,1001.1099853515624,111700.0,0.9651550054550172,4.935779571533203,1.420637845993042,111700.0,-1.087259292602539,-9.436280250549316,2.4382166862487797,111700.0,-0.12210428714752194,-4.500500679016113,3.858854532241821
2128,111800.0,4.198999881744385,-18.92300033569336,-19.23900032043457,111800.0,-0.8341364860534668,-0.3662137091159821,-0.10201449692249298,111800.0,1001.1699829101564,111800.0,0.9651550054550172,4.935779571533203,1.420637845993042,111800.0,-1.087259292602539,-9.436280250549316,2.4382166862487797,111800.0,-0.12210428714752194,-4.500500679016113,3.858854532241821
2129,111900.0,4.526999950408936,-15.019000053405762,-19.71199989318848,111900.0,-0.8341364860534668,-0.3662137091159821,-0.10201449692249298,111900.0,1001.0900268554688,111900.0,-1.173202395439148,0.101287841796875,1.867297887802124,111900.0,1.537121057510376,-9.663729667663574,-0.6480506658554077,111900.0,0.36391866207122797,-9.5624418258667,1.2192472219467163
2130,111500.0,6.751999855041504,-22.172000885009766,-19.89699935913086,111500.0,0.970970332622528,0.31154128909111023,1.3558154106140137,111500.0,1001.1400146484376,111500.0,1.6562575101852417,2.694907665252685,-0.058837890625,111500.0,-1.373143196105957,-8.977293014526367,3.700418710708618,111500.0,0.28311434388160706,-6.2823853492736825,3.641580820083618
2131,111600.0,4.88100004196167,-22.172000885009766,-19.23900032043457,111600.0,0.6099489331245422,0.3787364661693573,0.5809328556060791,111600.0,1001.1099853515624,111600.0,1.6562575101852417,2.694907665252685,-0.058837890625,111600.0,-1.373143196105957,-8.977293014526367,3.700418710708618,111600.0,0.28311434388160706,-6.2823853492736825,3.641580820083618
2132,111700.0,4.198999881744385,-20.79599952697754,-19.23900032043457,111700.0,0.6099489331245422,0.3787364661693573,0.5809328556060791,111700.0,1001.1099853515624,111700.0,0.9651550054550172,4.935779571533203,1.420637845993042,111700.0,-1.087259292602539,-9.436280250549316,2.4382166862487797,111700.0,-0.12210428714752194,-4.500500679016113,3.858854532241821
2133,111800.0,4.198999881744385,-18.92300033569336,-19.23900032043457,111800.0,-0.8341364860534668,-0.3662137091159821,-0.10201449692249298,111800.0,1001.1699829101564,111800.0,0.9651550054550172,4.935779571533203,1.420637845993042,111800.0,-1.087259292602539,-9.436280250549316,2.4382166862487797,111800.0,-0.12210428714752194,-4.500500679016113,3.858854532241821
2134,111900.0,4.526999950408936,-15.019000053405762,-19.71199989318848,111900.0,-0.8341364860534668,-0.3662137091159821,-0.10201449692249298,111900.0,1001.0900268554688,111900.0,-1.173202395439148,0.101287841796875,1.867297887802124,111900.0,1.537121057510376,-9.663729667663574,-0.6480506658554077,111900.0,0.36391866207122797,-9.5624418258667,1.2192472219467163
2135,112000.0,7.956999778747559,-12.71500015258789,-20.350000381469727,112000.0,-1.3576480150222778,-0.12308934330940248,-0.7452555894851685,112000.0,1001.0900268554688,112000.0,-1.173202395439148,0.101287841796875,1.867297887802124,112000.0,1.537121057510376,-9.663729667663574,-0.6480506658554077,112000.0,0.36391866207122797,-9.5624418258667,1.2192472219467163
2136,112100.0,6.953999996185303,-10.963000297546387,-21.402999877929688,112100.0,-1.3576480150222778,-0.12308934330940248,-0.7452555894851685,112100.0,1001.1400146484376,112100.0,-1.5668714046478271,-2.1234941482543945,-1.2304320335388184,112100.0,1.5040236711502075,-9.624255180358887,1.1322697401046753,112100.0,-0.0628477931022644,-11.74774932861328,-0.09816227108240128
2137,112200.0,7.34499979019165,-8.880000114440918,-21.71999931335449,112200.0,-0.3097086846828461,0.8713992834091187,-0.8827002644538879,112200.0,1001.1400146484376,112200.0,-1.5668714046478271,-2.1234941482543945,-1.2304320335388184,112200.0,1.5040236711502075,-9.624255180358887,1.1322697401046753,112200.0,-0.0628477931022644,-11.74774932861328,-0.09816227108240128
2138,112300.0,7.34499979019165,-7.36299991607666,-22.083999633789066,112300.0,-0.8414669036865234,-0.5653557777404785,0.07788532227277756,112300.0,1001.1900024414064,112300.0,0.0516178160905838,0.5033969879150391,1.3427964448928833,112300.0,0.1022096425294876,-9.80606746673584,0.031475335359573364,112300.0,0.1538274586200714,-9.3026704788208,1.3742717504501345
2139,112400.0,4.794000148773193,-5.7750000953674325,-22.39900016784668,112400.0,-0.8414669036865234,-0.5653557777404785,0.07788532227277756,112400.0,1001.1900024414064,112400.0,1.393386960029602,0.4811086654663086,-0.2399889230728149,112400.0,-0.6332279443740845,-9.78138542175293,0.3064280152320862,112400.0,0.7601590156555176,-9.30027675628662,0.06643909960985184
2140,112000.0,7.956999778747559,-12.71500015258789,-20.350000381469727,112000.0,-1.3576480150222778,-0.12308934330940248,-0.7452555894851685,112000.0,1001.0900268554688,112000.0,-1.173202395439148,0.101287841796875,1.867297887802124,112000.0,1.537121057510376,-9.663729667663574,-0.6480506658554077,112000.0,0.36391866207122797,-9.5624418258667,1.2192472219467163
2141,112100.0,6.953999996185303,-10.963000297546387,-21.402999877929688,112100.0,-1.3576480150222778,-0.12308934330940248,-0.7452555894851685,112100.0,1001.1400146484376,112100.0,-1.5668714046478271,-2.1234941482543945,-1.2304320335388184,112100.0,1.5040236711502075,-9.624255180358887,1.1322697401046753,112100.0,-0.0628477931022644,-11.74774932861328,-0.09816227108240128
2142,112200.0,7.34499979019165,-8.880000114440918,-21.71999931335449,112200.0,-0.3097086846828461,0.8713992834091187,-0.8827002644538879,112200.0,1001.1400146484376,112200.0,-1.5668714046478271,-2.1234941482543945,-1.2304320335388184,112200.0,1.5040236711502075,-9.624255180358887,1.1322697401046753,112200.0,-0.0628477931022644,-11.74774932861328,-0.09816227108240128
2143,112300.0,7.34499979019165,-7.36299991607666,-22.083999633789066,112300.0,-0.8414669036865234,-0.5653557777404785,0.07788532227277756,112300.0,1001.1900024414064,112300.0,0.0516178160905838,0.5033969879150391,1.3427964448928833,112300.0,0.1022096425294876,-9.80606746673584,0.031475335359573364,112300.0,0.1538274586200714,-9.3026704788208,1.3742717504501345
2144,112400.0,4.794000148773193,-5.7750000953674325,-22.39900016784668,112400.0,-0.8414669036865234,-0.5653557777404785,0.07788532227277756,112400.0,1001.1900024414064,112400.0,1.393386960029602,0.4811086654663086,-0.2399889230728149,112400.0,-0.6332279443740845,-9.78138542175293,0.3064280152320862,112400.0,0.7601590156555176,-9.30027675628662,0.06643909960985184
2145,112500.0,4.794000148773193,-3.83899998664856,-22.74099922180176,112500.0,-0.6203336715698242,-0.19578230381011968,0.5012149214744568,112500.0,1001.1400146484376,112500.0,1.393386960029602,0.4811086654663086,-0.2399889230728149,112500.0,-0.6332279443740845,-9.78138542175293,0.3064280152320862,112500.0,0.7601590156555176,-9.30027675628662,0.06643909960985184
2146,112600.0,4.794000148773193,-3.4660000801086426,-22.74099922180176,112600.0,-0.6203336715698242,-0.19578230381011968,0.5012149214744568,112600.0,1001.1400146484376,112600.0,0.11092019081115724,-0.16315841674804688,-1.834127426147461,112600.0,0.7827156186103821,-9.700952529907227,1.2038538455963137,112600.0,0.8936358094215393,-9.864110946655273,-0.6302735805511475
2147,112700.0,4.400000095367432,-3.068000078201294,-22.74099922180176,112700.0,-0.01618792861700058,0.4853324294090271,-0.3488040566444397,112700.0,1001.0700073242188,112700.0,0.11092019081115724,-0.16315841674804688,-1.834127426147461,112700.0,0.7827156186103821,-9.700952529907227,1.2038538455963137,112700.0,0.8936358094215393,-9.864110946655273,-0.6302735805511475
2148,112800.0,5.646999835968018,-2.6640000343322754,-22.74099922180176,112800.0,-0.01618792861700058,0.4853324294090271,-0.3488040566444397,112800.0,1001.0599975585938,112800.0,-0.7671459913253784,-2.5269336700439453,-3.6492993831634517,112800.0,1.1023342609405518,-9.66853141784668,1.2143962383270264,112800.0,0.3351882398128509,-12.195465087890625,-2.434903144836426
2149,112900.0,6.510000228881836,-2.325000047683716,-22.74099922180176,112900.0,0.2287690341472625,0.1160643994808197,-0.4847215712070465,112900.0,1001.0599975585938,112900.0,-0.7671459913253784,-2.5269336700439453,-3.6492993831634517,112900.0,1.1023342609405518,-9.66853141784668,1.2143962383270264,112900.0,0.3351882398128509,-12.195465087890625,-2.434903144836426
