,sp_mean_ax,sp_mean_ay,sp_mean_az,sp_mean_acc_magnitude,sp_var_ax,sp_var_ay,sp_var_az,sp_var_acc_magnitude,sp_cov_a_xy,sp_cov_a_yz,sp_cov_a_xz,sp_cov_a_xmag,sp_cov_a_ymag,sp_cov_a_zmag,sp_energy_ax,sp_energy_ay,sp_energy_az,sp_energy_acc_magnitude,sp_entropy_ax,sp_entropy_ay,sp_entropy_az,sp_entropy_acc_magnitude,sw_mean_ax,sw_mean_ay,sw_mean_az,sw_mean_acc_magnitude,sw_var_ax,sw_var_ay,sw_var_az,sw_var_acc_magnitude,sw_cov_a_xy,sw_cov_a_yz,sw_cov_a_xz,sw_cov_a_xmag,sw_cov_a_ymag,sw_cov_a_zmag,sw_energy_ax,sw_energy_ay,sw_energy_az,sw_energy_acc_magnitude,sw_entropy_ax,sw_entropy_ay,sw_entropy_az,sw_entropy_acc_magnitude
0,-2.317497467622161,-7.659171006083488,2.8904898216947914,9.631019403011893,4.144223127184668,14.563419833199024,7.956807265978749,5.774287847895573,-1.3666609339975095,1.3183822469848285,3.8522538668400035,0.004060574567428836,-7.831085849826106,0.049680816093899724,2.959578834428759,4.275549005494876,3.7492440735576515,3.54674830297205,3.2058154077981085,3.3697057844249647,3.4041567140383537,3.4699245144404376,3.453082397580147,7.88088082075119,-0.9117850493639708,9.913675509762733,14.024774037326202,7.972022815517635,9.753835533653984,7.732632815970709,1.7198976031066906,0.7952534812067836,2.928485164112925,5.766394150018232,6.4525072596929505,0.831159878868483,4.053322605563981,3.9179293750642956,3.6671546131632784,3.8668756459400564,3.2878697581336267,3.474859706718049,3.2399670104385536,3.4525578555053333
1,-1.7442806836217641,-8.858142328262328,2.470636610686779,9.73626484189584,2.4985317089796535,4.9283883398704615,3.3707026421612207,3.4318717182293503,1.9899422656035586,2.0101955787594097,1.994184381703638,-1.4993125172503612,-4.015344237375722,-1.285100009417392,2.6655557509175862,3.491735848091962,2.7580151135958886,3.1393025456973422,3.295032473205952,3.511054551539694,3.2045294661910777,3.471961285647812,5.9601623773574826,5.3169715166091915,-0.055633120611309914,9.624645172137832,21.605369208835153,8.334840000077431,2.4317950086340328,2.7956165533968345,-8.69071488943773,-1.0738086366833188,1.9171745163413318,3.864743773535554,0.7492637416706328,0.8256257535153512,4.303061114993423,3.2059518255927193,2.6901540632110463,3.0021501469232708,3.146927396256201,3.0759592143390013,3.2734103633142753,3.462739376051049
2,-1.603441758453846,-8.928382229804992,2.6792463758960365,9.71034621315175,1.2300236196906538,1.82697557877301,3.3503647835496246,1.458207343790277,0.5052444260882565,1.2621259651425456,1.011121364406696,-0.258633561746309,-1.4826452780795798,-0.07221511604916435,2.1038072571761495,2.728999636367656,2.6570348913809707,2.5423612330369014,3.1580809695642933,3.5261802775640514,3.1674973773970514,3.479958886242451,9.492207789421082,3.4197622790932654,-0.6269793342798948,10.368807173552167,3.6693367739061116,5.598628921737089,0.630517315472893,4.439738033026431,0.9164504728117063,-0.21258917496676985,0.12504642292400286,3.686542226137382,2.8042687235235215,-0.20856645475039004,3.1622270648658364,3.3645490282655928,2.057405934265536,3.3378346875139364,3.4588129317198297,3.3329246793786536,3.475572015757746,3.4772264290482076
3,-1.2103737019002438,-8.78874044418335,3.0845847034826877,9.632465407947725,0.797413911632277,1.4932381790881293,3.3379223994890683,0.9488165939280435,0.5666486334768609,0.9617661562552465,1.353822558309724,-0.27944842634048955,-1.0455573141648413,-0.3143832271269021,1.7396685209439167,2.2178639535041365,2.5916098982077997,2.089793341425164,3.0320653814730125,3.1618085471297857,3.1282415880319934,3.3143944198261415,9.288578581809997,4.27932391911745,-0.5201397836208344,10.623087916881603,6.26439287588589,5.476524510608193,1.5200325283199534,5.066953791633841,-0.4177589358061275,-1.130374294596951,0.7819156743175782,5.113589978663233,1.7369069000273487,-0.6821039011873873,3.5774570650776765,3.3907881911543587,2.517258376676359,3.422194488997176,3.4311393588730694,3.3833824691762326,3.3976152552441286,3.4509083656978325
4,-1.5383494205772876,-8.87728101015091,2.5412056509405376,9.68090118766552,1.3173192938946106,1.5352222310802002,4.113004314087901,0.7199206370164544,1.09852873192093,1.77797040311854,1.8608231414925573,-0.5967209899996201,-0.9411689344482832,-0.7729451071016614,2.2808753815410765,2.498376380955059,3.0121117267150455,2.1265123997899886,3.3042744768704577,3.3785604551662014,3.323806122719236,3.4634898343069147,9.237372350692748,3.2673394620418548,-1.1170293923467398,10.27527147377743,4.4808651604961796,4.5238392015979585,2.8767775676895035,3.339026451938637,-2.052418863363628,-2.0158428214500383,2.1598370098012634,3.4971667754426288,-0.6534147066686793,-1.5155641868798606,3.2316093997803366,3.080617004453177,2.917560557055142,2.946595827616336,3.390885909296997,3.2923210492932973,3.4153893700431928,3.349221086356774
5,-1.1344475880265237,-8.851393556594848,2.0880431696772574,9.55955230925666,1.9500304003431852,1.3696143440840112,5.079492582429195,0.8186482486301788,1.167189223157462,1.7979526191183828,1.853025308017381,-0.6171576787076882,-0.6514627224521843,0.04424877366912338,2.4084185395883955,2.438096787533551,2.9890778410770262,2.232177038261308,3.1697184406103376,3.433522555331135,3.1103523817242307,3.488921554035267,9.336195755004884,1.8417555809020996,-1.3543974224478006,9.828591358733842,2.0567170853373082,2.3461360941543297,2.18655896166693,2.27125734783646,-1.0824369074698517,-0.7655416096698618,0.7877504536468304,2.100615325715302,-0.8603898726281338,-0.9546977465455126,2.669905447672884,2.6868302749283766,2.7158360490442446,2.7700760409630973,3.381578472582022,3.348771847400294,3.3828602134961687,3.401697559472038
6,-0.7167342070490121,-9.045204174518584,2.013179501146078,9.592193408148535,1.0889057251933727,1.5307490256522835,4.197569819122423,1.0450643718031618,0.4833485880310478,0.7788797312874975,1.4401236118561203,-0.20652773447027714,-0.8864848596058627,0.270790372002456,2.208562245218974,2.5611735209291417,2.9729308179322507,2.3607193507554043,3.3288484785312136,3.4595842677315107,3.226961672857026,3.4789905135900563,9.468758153915406,1.3762319527566433,-1.0938788782805204,9.88194888598947,3.074190326428192,3.579949686736469,1.0809838084140848,2.7044085191865257,-0.7103887470619499,0.04045722470614241,0.7944240042495591,2.822400212386325,-0.2501083022510652,0.10146915590515874,2.99381948698488,2.818933008001525,2.2229348565686617,2.951628669281773,3.440193645120071,3.2618734583248408,3.371575627759138,3.4662886755324522
7,-0.7981370698660613,-9.26086198091507,2.0938939969986676,9.787856252515143,1.2024785999679726,2.0203893609593355,2.9640997452173186,1.0411722831906813,0.5307255124300421,1.2252823256377001,1.6593031320254823,-0.13921529953077702,-1.324037414851047,-0.6470017481438161,2.2381286878468707,2.656362998178187,2.564868061771095,2.3489797979164524,3.3350025308929294,3.401367515157976,3.092847985658237,3.486416179364587,9.651450169086456,1.6829917855560779,-1.0676176238805055,10.149616494483858,2.78289043334248,4.466195792242848,1.4185740860354665,2.624628642215404,-0.10511377343332222,-0.052317412071957184,1.4947714408830264,2.6352083290234143,0.4818425916252767,0.17830987310840293,2.9380743535245903,3.0706773857484873,2.3404518564899086,2.874802909607228,3.4427249547824426,3.296516923181833,3.3029222934112084,3.425107233885835
8,-0.4235193178988993,-8.881904709339143,2.704265768913319,9.71606636930424,1.1168510321761185,1.9614686147958171,6.227413099476591,1.0787661152750498,0.714493411489581,1.7402296807037458,2.2327325751659233,-0.07775913286054473,-1.0311086283676152,0.07636739547141572,2.239544868848009,2.4872577295114375,3.046152062855892,2.2624772908667414,3.396813528363697,3.291058711214921,3.1172684953885175,3.411461838938852,9.794660353660584,2.2356739953160285,-1.353799158334732,10.313465488339741,3.3695208438711552,1.7818564070545677,1.952806287480152,3.410656809006689,-0.03260966331282608,-0.6015385501132154,0.7661143715150798,3.3285253400077943,0.3193993170572538,-0.545710197736215,3.1131439259064826,2.594606058605447,2.704881527929754,3.1208333832661137,3.4447926167269998,3.4072528430064666,3.441775096254747,3.439500937551644
9,-0.134673842927441,-8.520200729370117,2.992108672944596,9.444737290376944,0.6526622208823226,1.6117229882805264,6.58847628294079,1.0186146605152933,0.5777485723520221,1.4002932629590912,2.15511332732286,-0.141088150270677,-0.8173442116500885,0.25511079750810783,2.0237770810337707,2.413301468264913,2.971272691438548,2.3317805222711665,3.4437186995106566,3.32304606491476,3.0366470591576165,3.486431199059573,10.404710686206817,2.3864816546440126,-1.9557136809453368,10.93547892727722,8.236237445744955,0.866939939790578,1.7587081131144744,9.008978610989933,0.955275148488442,-2.2814878739997133,-0.13087099073629987,8.576775977346106,1.1145547710720802,-2.5992834187401015,3.922851668309877,2.2512059922909784,2.656375868339778,4.001781501299863,3.464691978411129,3.4945858389705995,3.443851395889785,3.464013109858793
10,0.4034529092954472,-8.485933804512024,3.20953214019537,9.416635497794172,1.4000858769456679,2.5393186759549544,3.554603612630831,1.1370022631813388,0.6335838632925884,1.3706705687589265,2.291781470249927,0.06764390840112287,-1.4096226843510877,-0.6512347021385689,2.3804571695346124,2.7470212653851185,2.5343036531849834,2.3965924565695196,3.3365343065942654,3.3562851268011475,2.947998007519709,3.4815218486052117,10.222018766403199,2.0101504679769278,-1.6822140991687775,10.72277435446365,6.509307692010655,2.7677325917462574,1.857687478511879,7.424293898992791,1.0030299482707965,-2.412980991215725,0.35849177359885676,6.913464729010282,1.3226917867247145,-2.6243897978352257,3.7659211133684036,2.963108289636948,2.7251564860883493,3.858428878721251,3.5254047850926593,3.46685058766544,3.4981149574609582,3.5048891400737165
11,0.5942707881098613,-9.150923275947571,2.2306777369230986,9.769903308337113,1.6861589989454717,2.547697846783869,3.6556397066626234,1.3433089458561158,0.7283155021319534,1.9160826215109306,2.012667584024242,0.054844854633124815,-1.5932188808842405,-0.5565654380361507,2.4094565922667286,2.7640752247567866,2.701963638071465,2.505112767204678,3.3033826608090413,3.353030680953082,3.1045596049584,3.485550150394461,9.517691218852997,2.1460627865046265,-1.2468998754397034,10.11179205692589,2.0917185541289207,3.788165937233173,1.362734163726494,1.6000056478203921,-1.3214508851148934,-0.9084511914711059,1.1529137897065185,1.6985833453440597,-0.5125717223940949,-0.781423534598515,2.732924474437932,3.067670843347368,2.401161424920062,2.513738074204718,3.425370319241059,3.373514661775655,3.36931551145723,3.4044595511405324
12,0.16093525066971778,-9.577764439582825,1.2299462934024632,9.812123143731016,0.8100093401630658,0.8992610609410259,2.180810436033688,0.8074953109409254,0.2671897458706683,0.8707301295750159,0.5913101530502285,-0.06797484008068945,-0.8078749879251297,-0.18008705003943984,2.069084173610376,2.1377688331208216,2.597480904058052,2.0926226800066976,3.3698892730195547,3.380658933577018,3.3339546140072938,3.3806970830923073,9.484550607204437,3.202972520887852,-1.3761123180389405,10.35794502209558,2.15036992770899,3.9269661109183747,1.1081549325442916,1.8751250442882168,-0.6768531259476683,-0.590566697519112,0.08975957098057882,1.7733854792450932,0.6300233264717281,-0.6041202877698882,2.7282335943594274,2.963857017785885,2.195715114280734,2.6421121193687798,3.415511149579795,3.3310395020012975,3.3277124421674595,3.4216020469170862
13,0.2812588380649686,-9.041149008274079,1.877562886942178,9.576876332417513,1.1223905614110072,1.6181416784072258,4.5738488283258345,0.7812159725634327,0.8959604787165191,1.8837435215563265,1.8955988465742877,-0.22479502474602717,-0.8797468349275324,-0.3512793220058605,2.043559628863484,2.294696487952117,2.963529825213605,2.0526387147182397,3.110525682070663,3.1452446242344516,3.1662411516910285,3.354572060838478,9.504650378227234,2.1566510098986327,-1.6136597655713558,10.236725203394078,1.6567436935954027,6.233442590582438,1.7069707078450402,2.2154927254096983,0.08859239309469487,-1.0734639774145636,0.3902774340717068,1.7422491529605888,1.4449168149802394,-1.2349784620188116,2.6313643063951813,3.3718832259819904,2.58076595703259,2.857472028941524,3.4707708866201146,3.3222527174825762,3.4093751632544635,3.4919929474708
14,0.8383147587999702,-8.759261763095855,2.655049982666969,9.695584842846362,1.687820058481313,2.3114517936725716,7.5015322169245175,1.7288689253684346,1.2883397758550184,3.0375948931315357,2.14135022676042,-0.1380593250634338,-1.402154540232682,0.7654863499442577,2.276035269892058,2.669385755767737,3.1964348742432236,2.621049144020986,3.224758481338304,3.3508228177686417,3.077740661197998,3.4418581188375286,9.59856870174408,1.2415160111151635,-1.5658032886683941,10.03222841258881,1.6625028987312083,3.2272689530222887,1.4834200404052562,1.7373110146274338,-0.2115032169724715,-0.866514231536558,0.7818440513825106,1.6548050932858205,0.15594729080260905,-0.9156252674728629,2.5063992506720716,2.841239776575231,2.52772489300301,2.5337249317086314,3.3791327309230916,3.3184082117013975,3.455346194438538,3.3747531202690304
15,0.993713429570198,-8.881186521053314,2.4782082851976157,9.72568929895109,1.1754026162883657,2.1583246327509937,6.956810305692409,1.485844597744661,0.8263141288248701,1.8226230555429999,2.1883513044204768,-0.03223564058044503,-1.2341564838498225,0.5287156569045789,2.176015631756514,2.6018910727031437,3.296794908325405,2.4089545218500916,3.264620292391804,3.295901420201187,3.238928631077288,3.3600903774358137,9.466365075111389,1.929033787921071,-1.5890136778354644,9.903558013565766,1.7240809250518585,1.4433444806375404,0.5625192108088621,1.4507058785651945,-0.6666448803992393,-0.23985993580617462,0.27731508974170094,1.5554044320572804,-0.4286861040549017,-0.27500572237014137,2.5047433531391894,2.337189251652674,1.9484746377882334,2.4338448664606895,3.353344040188354,3.3000531080809337,3.3949494606150985,3.379605778194342
16,0.9410858854651452,-8.865998244285583,2.5457546643912794,9.597845531107971,0.6556822167635556,1.9050100976267292,4.657239153582681,0.914131964134539,0.42789669373690514,0.6182657939960238,1.9497485116004873,-0.061184671026492006,-1.0141228221382854,-0.1888134115355237,2.0142831874067832,2.565015718047453,2.9104902447975975,2.233624251410227,3.392666314760553,3.3323605193002632,3.15879693131063,3.442957370645466,9.577750897407531,1.9427925541996955,-1.5132210195064544,9.991436079130438,2.9545461600870353,1.4533600951651668,0.5685523601939256,2.893174607211579,0.22198330853390894,-0.5089242926454132,-0.015897833006016143,2.892425349549602,0.45876797227969074,-0.574708949597664,2.885486312552033,2.3398659547693272,1.9321366631873855,2.886400296403633,3.3258765617112562,3.312558790546523,3.3919049006743967,3.352917640273239
17,0.9330054521560669,-8.7871542096138,2.7545888870954514,9.63243385480766,0.7864554597337922,2.2025724313646613,5.168790962279544,0.8640303887128784,0.8309201549738308,1.264663199037344,2.5327919909971595,-0.17567404988913352,-1.0271910566360027,-0.4000615820825757,1.8837624353656817,2.554218658418806,3.026400170207193,2.156492970855556,3.219139232131306,3.2921346491519157,3.197277043646516,3.3508780920591597,9.590313363075257,1.8612571254372596,-1.3164711855351925,9.970018129943815,3.330186670544751,1.5583113111425773,0.8033685802123249,3.4049161618040444,0.5793516851029988,-0.657343534659403,-0.25583300340998044,3.3294084288081662,0.8510683345112907,-0.7937400703354379,3.0222088737650505,2.3983719902840166,2.1002416739300687,3.0294478023167026,3.4168760186279075,3.318273436886769,3.3754619511103368,3.4152005049999885
18,0.9200468271970749,-9.020903146266937,1.8550723720341922,9.600476526267185,0.644057939807784,1.7235232116712622,4.932711918662188,0.6288302113119589,0.5078595376230154,1.1600574914435757,2.126996285535606,0.002997042800971825,-0.786386592549849,-0.35379402594155057,1.8308077372072389,2.432014010935269,2.824031443924563,2.0102384653446213,3.2428549242300955,3.253347121713147,3.011477282441327,3.444585822748526,7.982336783409119,3.084288538992405,-0.01387833133339882,10.365962247107541,22.360191495287086,6.693490159340611,10.015737752836477,3.9694764486415295,-2.883942230872162,-5.177402303353654,4.984235187781185,3.106047683948472,3.195506715745494,2.3201017245967748,4.930028183220622,3.595774778857441,3.7432507037520275,3.2423198740315122,3.4312105869847933,3.387608919953187,3.2474947695941774,3.4592853316561873
19,0.44454339779913427,-9.352095925807953,0.9918279955163598,9.58394594125623,1.0365423485558296,0.7768282508797337,2.1986810135091686,0.7207900804409021,-0.051565935894224944,0.6285899414373077,0.42263006458864877,0.19478426842237642,-0.7076133994694664,-0.03001838815419328,2.081760303835698,2.112469331115848,2.4814066050343464,2.1084821401709313,3.2188453743592023,3.4366316840980717,3.2083387096378653,3.4537152732040486,2.7736404955387117,3.3853654086589815,0.06669999212026596,10.499820590086452,71.01790144637695,16.310069105354977,10.946259001962536,4.850636747112327,8.306571593361474,3.474569898771761,8.243108046292592,5.498119633274415,4.591899441845662,3.558074981880911,5.181295783023766,4.123626859667393,3.915104829787881,3.444619998143687,2.913970886228582,3.182810431847589,3.287394532954977,3.4993710084898355
20,0.7076961049810052,-8.92685580253601,2.5437046488747,9.75453553498797,1.7197081504726839,1.509734614728819,7.118928471229158,1.6397129119587228,0.5370792559797691,2.29463991791302,1.3551558472589689,0.4095926545504088,-0.9763875935118744,1.4318239138968158,2.352765676903253,2.5359808516060562,3.2228097663406388,2.638514471227214,3.1969879658718967,3.4369812211029607,3.130882551997492,3.472276298168916,4.108596116304398,2.7692733973264696,-0.9638289541006089,10.159570108882852,65.51119254315624,14.920251429600045,3.645753236052117,4.345441979586206,7.232733920619589,2.5591713983132003,5.862639481194582,2.9629535957577686,3.0598749420430993,1.8775645125110783,5.403732944211935,4.388163763342377,3.2671212887291663,3.2985495236196747,3.0300058155138476,3.399014313589153,3.5126309552265718,3.427711607405615
21,1.4410700155422091,-8.44819518327713,3.7404613373917526,9.77340857848555,1.4542865949806243,1.9321309176031172,6.457080482033015,1.5565445781545064,0.7844083267685175,2.0464891646300813,1.7488855031836625,0.32881576172843124,-0.9963616955185746,1.2381993322836575,2.1548253625337876,2.6648631920949852,3.3679893193159427,2.586182552630591,3.1310507630452684,3.4250553682650544,3.2602005074646483,3.4822042506000566,9.331170868873595,2.350409822911024,-1.3142578423023223,10.036239151180984,1.8951517710919723,4.993147458890903,2.3071802990130075,2.6276369609004884,-0.3190032952339806,-0.211876063042239,2.8848258987692983,1.875820005745436,1.33364759282108,0.9474376410433522,2.7205436089634496,3.424433960206329,2.876671452643388,2.925961880758953,3.484565438124086,3.428108194638762,3.4671688621078416,3.4659871615362996
22,1.046700094640255,-8.783757436275483,2.554089493874926,9.557604538791722,1.4493662476293778,1.5565400512721042,4.2215669376404135,0.48444186242389503,0.9711104319898942,1.9279188056562635,2.2282893252673506,0.029477491496252492,-0.5290127821222239,-0.2899981297334222,2.1772515337737444,2.35701466957763,2.801595927882721,1.9279208193744581,3.113812465129689,3.2852620882272885,3.130803665738156,3.4826284430196477,9.496395230293274,1.9200008653104306,-1.9776081085205077,9.950026553366637,1.581643783300908,0.7528062599907062,0.42281911676653866,1.5017113250986829,-0.3380803211108358,-0.35839855657991126,0.3623118051472453,1.5311647766077252,-0.26352855391778096,-0.36932177518006776,2.4983352862057036,2.0797862108766187,1.8086508894825502,2.487098999432924,3.381686474734383,3.39208150700143,3.4167980842089656,3.3957765093266308
23,0.7620744004845619,-8.788740289211272,2.575188371911645,9.535336027569311,1.2183530105863043,1.3383375460660967,4.466459108088505,0.3889704393532443,0.8391272714650603,1.7938944805863235,2.03654394662163,-0.0049774850974717046,-0.4008027722364056,-0.09078631842777735,2.090765246158819,2.244503576038412,2.798209103704866,1.7987942041582676,3.081500847183816,3.26811271153651,3.0570859288411074,3.447303794221481,9.594261693954468,2.132662981376052,-2.0900109350681304,10.123002948941803,2.2714329547777683,1.0748918821482711,0.29113675626570495,2.0898368225596626,-0.5122808617435803,-0.44445231281472364,0.008758423528814646,2.144495365357197,-0.27171846458701693,-0.48802036008528094,2.6141120588344924,2.2988726371780976,1.6622437689587908,2.604216447260381,3.285469652400426,3.414129971036603,3.4186972117563417,3.324892360348609
24,0.9631274897605181,-8.373705422878265,3.376273277401924,9.502071435213667,1.0020336907003413,1.991575790900876,5.483372091650318,0.4322808086033932,0.76724716931851,1.7139912485079742,2.784382676149291,0.09594579025605106,-0.5482829281016773,-0.20926833763837727,2.0720665888734007,2.3872552632225523,2.972092213239293,1.7435809046752735,3.2202201695775234,3.0933616985049075,3.048957866394822,3.3348056585342767,9.529296565055848,1.4827125249430537,-1.6707883700728416,9.996720080262174,2.800054156983788,3.39487091904965,0.5201057706499387,2.472006098849362,-1.289160551307377,-0.2771099383442397,-0.3166654115675657,2.5751205405381556,-0.7972010536966674,-0.3613049815129041,2.8313034359898297,2.8672294379217127,1.8236691668680542,2.8150012824821706,3.3508825885565967,3.2867026876129133,3.337632595728637,3.4114418215113496
25,1.053867744281888,-8.87137017250061,2.3966706972569227,9.573261841139661,0.49977268580371603,1.9257488152580482,4.439037069776594,0.6169012498543919,0.44553428533548683,0.7544463018138833,2.3647718201914776,-0.12864704463163873,-0.835264702748245,-0.5313676834390697,1.8585492481990384,2.376071299100159,2.7396098330126204,1.9839573705660296,3.373903265430241,3.157541640243786,2.9698411432208185,3.4208823105286514,9.44925651550293,1.6776677342131734,-1.120977570861578,9.92758992214115,1.7031836472060742,4.204671129468217,0.9362407469738881,1.51339477941303,-1.3074533740486514,-0.102583041744754,0.7382778584124958,1.5275311560522111,-0.6611583023640791,-0.004614294400284916,2.568894771037413,3.104232298679312,2.1953889242706,2.443098242265583,3.41622476206541,3.3132016067322594,3.374786241078458,3.3686592775387574
26,0.9831340372562408,-9.607377767562866,1.573678857833147,9.904461168992633,0.8082300149379238,0.7737333268275088,1.494757360381587,0.6627455261275923,0.16059922467376261,0.40210427560710976,0.41473843996550686,0.006965099911173149,-0.672982360230954,-0.08621279313328586,1.9925040273383763,2.062887483843257,2.467503674322534,2.0620322232797776,3.2561316941035114,3.3457971371088466,3.410158255759454,3.4435172077905545,9.072985112667084,2.8730620853602886,-1.1186445750296117,9.813310294643935,0.7686932270185162,3.399483107123099,0.9626660172678198,0.5399206563241454,-0.7531913366690635,0.16896287934740412,0.5846180072408256,0.49442330816119406,0.20150184810337793,0.22419416591017985,2.1690932779291643,2.7782100759414656,2.1211326934304755,1.9698137366437285,3.473978137526149,3.244699427109613,3.321610942889582,3.445847842069983
27,0.9449165962636471,-9.349956226348876,1.7041778147220612,9.791005887134116,0.9954688440502663,1.438533974553929,2.8768072721489633,0.5466814249383196,0.4513591191517801,0.7088056730860695,1.4955338060534287,-0.10067673386154274,-0.7751260856987404,-0.49355561150505606,2.130058736491821,2.428284421854861,2.8050488979406234,1.903479351938262,3.2741104843501527,3.406478008102055,3.2999071262517683,3.394733017587465,9.174919259548187,2.1196818836033344,-1.5185450740158557,9.862462217937056,1.1901404256599772,5.255582079198597,1.128479652988843,1.122933284500094,-1.1015494736506162,-0.23387434772163201,0.04085442724461338,0.9468245641028915,0.20129813740220448,-0.4528029253957746,2.3617198741709267,3.086716611844309,2.279089303329756,2.3092714965126073,3.4077747943959067,3.212716212034427,3.3991350531731546,3.3943433540814647
28,0.9091681726276875,-8.963786447048188,2.0622007466852663,9.59274874263075,0.8927287312658874,1.9826576253769395,4.401992340613152,0.5162481483219548,0.9161616038482848,1.2538932065060817,2.582771824746838,-0.3799093230842952,-0.8786377246389224,-0.8794612221316492,2.0463920338130106,2.397363984179436,2.5117887579494376,1.8687279068208649,3.292827258604096,3.1996349387121272,2.768345217660799,3.358729654670719,9.672985219955445,1.866162359714508,-1.3910076178610324,10.207762775423037,1.3727293411743422,4.283880483368646,1.4225311137063519,1.7311269197129384,-0.05505138672278347,-0.06541997213219389,0.6237640594577758,1.4233113848019376,0.7988655337147722,-0.1451751918565544,2.487662042646005,3.2021376283906657,2.437514692907789,2.6363673253219786,3.4567719692782215,3.369688493743502,3.3796647116533034,3.440626300805611
29,1.06848732548533,-8.633461391925811,2.8014853447675705,9.482998135005046,1.0708681888325908,2.0241189529850963,4.007681085191124,0.5379372311468728,1.051628865917926,1.6016600765542095,2.300401095173882,-0.27039351557577146,-0.812902464455884,-0.47911358346818644,2.182182609112332,2.6112540782961005,2.920617104325334,1.951893719418047,3.280219889609374,3.337547999420803,3.25025125735228,3.42450692606657,9.783773159980774,1.9361523965373635,-1.1279167518019677,10.218557162874266,1.5843018846317019,3.250776921882292,0.6314733928425457,1.6964896933504463,-0.023326542139149396,-0.09821113714328532,0.8552050501250307,1.577999081677364,0.5446918521088114,0.08992501727192301,2.614427028649099,2.9033665177984584,2.010760461864516,2.6071775439357556,3.45776467664538,3.3504336451794097,3.433481456528407,3.4008765711936606
30,1.378162368561607,-8.5121502161026,3.2706440910696983,9.648479014316454,1.1241383513171486,2.1613119062579833,6.271427753188535,1.3107224172856806,0.9900209100422556,1.8508312394305888,2.3264311349665308,-0.005214913999009769,-0.9793239999680097,0.5997707788510862,2.133530856927134,2.604924192131743,2.958233856224559,2.402831888022062,3.2563668722599504,3.3090205470554928,2.980386185923061,3.4053765133688985,9.861779189109802,0.8877371456241235,-1.1721839785575867,10.134278744090738,1.9248820762986378,3.04627299632739,0.23558178067340035,1.83563493651766,-0.030714573563694232,-0.28995041944339967,0.35568323336989566,1.8550329636407958,0.25476820886756785,-0.2758024476639155,2.6554067107370902,2.6104680739049964,1.596713726979363,2.6205327421711373,3.4339243611754893,3.170099341200465,3.469730924200497,3.430628448551292
31,1.4101399349048733,-8.634075033664704,3.2669629752635956,9.83572371033034,0.7947267966291416,2.9710836365868127,7.751028574169011,1.7397441343125353,0.8723273342725014,1.687600050287608,3.363696994187688,0.042646744374979326,-1.4166571578622422,0.2813483059407839,1.975018939717413,2.734776914511868,2.987065363500464,2.4782083957407433,3.32956762165678,3.27262367779794,2.9425688089105777,3.3395160505351322,9.91777104139328,0.6087938755517825,-0.8624929177574814,10.379185635282585,3.3272346069905687,7.538885088994618,1.619639170505287,4.023412193602191,-0.8881073180398774,0.27886667051562464,-1.5765688148486505,3.4360513617936785,-1.6618758880492486,1.0597798659512718,2.9740767733280125,3.7914132289854163,2.6185595822099383,3.1814778762407214,3.361851282061476,3.456864398124873,3.472991396562076,3.410896034063123
32,1.2275221960619092,-9.031452596187592,2.2575376387685537,9.778820076965635,0.9695401447189206,2.976668857120423,5.280752052118186,1.580910625033148,0.5033262588260542,1.0035869009108676,2.874013831955875,0.08909823561688793,-1.6977044763005926,-0.5692254619250897,2.0565756909724784,2.7377588831486546,3.0530924909587154,2.387840708508623,3.2804460507502653,3.2060881008155695,3.1578737486208146,3.326727374143676,9.995178830623626,1.6990835009142757,-1.052124101202935,10.640165283470537,5.984941720008699,7.602620864457574,2.4181610704746435,6.451192848772892,-1.3116840941535732,-0.39806848190245175,-1.8742026362638744,5.95768715553394,-1.9918179372869378,0.4334691456711477,3.4902993796395907,3.9535822854664944,2.7737666756844206,3.6355508890813812,3.423184343293641,3.533928231102111,3.3954628683126917,3.4729871380620256
33,0.6960093967616559,-9.66787621974945,1.4397980804613326,9.954420687127634,1.4694089113053066,1.427853043961885,1.5409075263872287,1.294361252898447,0.39747803008205995,-0.021603019391715248,0.4108370548190155,-0.2784909758169724,-1.3198299842394456,-0.11032914342306437,2.3737018531214193,2.391443405600373,2.290627072122611,2.3530372334204706,3.2833149587391484,3.385252598200669,3.2210139675269134,3.4059208705288344,9.876375222206116,2.1238095361739395,-1.477268859744072,10.467627449790978,5.031167802582239,2.8224259858091454,2.804193468413638,5.1854316999868075,-0.025083260026880546,-0.21109376848329092,2.203099525641874,4.96110818019474,0.4469413614235322,-0.07814551248611244,3.3961300107120254,2.9202718364440945,2.9161383694983094,3.3166103515773,3.445454555567708,3.390879378201271,3.3882001587962436,3.3740829459250254
34,0.8134898759424687,-9.125230419635773,2.208351816335926,9.702700471544471,1.265588686631485,2.1152815986296605,2.9605703581223324,0.8706891499597998,1.1767685084514194,0.8444992545237654,1.7914489780141252,-0.7062050433072597,-1.1987005146791343,-0.5702572755235554,2.3744431607047187,2.663952996726035,2.496052594475871,2.2863914462133366,3.350243445290576,3.368761662933121,3.01848111708722,3.51611360992951,9.462895596027375,1.6512271098792553,-1.6066009283065796,10.018048595082854,2.6960363782415975,3.835748947449284,2.2237982471902606,3.107186566838553,0.10604572958474916,0.3860325572128803,2.0457118300737642,2.734061358276549,0.7374404571313024,0.42486870694292267,2.8703244245789747,3.251414968145653,2.811856170271695,2.989967748782695,3.404522227159149,3.4704039092006487,3.4506073285578105,3.4049413600028093
35,1.2890681319870054,-8.47276555299759,3.198084864206612,9.562109835659623,0.7144119093255553,3.275449848937481,4.8351911976181965,0.8694171142565247,1.1500981674325168,1.3453813865354125,3.4494374339965996,-0.49170084511780376,-1.4996931105133449,-1.2018623833779383,1.9837950367988963,2.652931873351665,2.74271750484844,2.15152851629547,3.373077856090324,3.1958557383107222,3.0480015897962134,3.4112266039572123,9.625727093219757,1.6643278375267982,-1.5817753940820694,10.057752482554983,3.7886887810660252,2.650428007114013,0.6098492250967572,3.734337932142505,0.09174890410633385,-0.2526912553953484,0.6735203961477106,3.6771020594384973,0.5464205990115188,-0.27422422178909,3.2124822074542747,2.9326429434733408,2.0111550915983822,3.198900247674885,3.483966304304655,3.4472748530618973,3.41424160935775,3.4808017034076837
36,1.2628366572782397,-8.560842251777649,2.808024490252137,9.589652977214413,0.7154413254005713,3.2904136949729295,6.2626437037243115,0.8390974905035671,1.053197065753665,1.3243018698246993,3.8755012604572743,-0.3769157811637392,-1.4357651057640848,-1.2598656977468938,1.9529283471896466,2.7238686285097784,3.192341971072689,2.0252984711717006,3.293085209947674,3.178248174798635,3.1557995230401885,3.300574238380136,9.716295456886291,2.0496919449418782,-1.6273586630821228,10.18783518475233,3.0547574852851604,2.188906592991689,1.0770884211301561,3.7196703879196074,0.8919468750136735,-0.558863307323619,-0.08546653449644276,3.280736187168336,1.433221748510682,-0.8410770785213592,3.0359243652856773,2.722460697745204,2.3035827996105156,3.1806294197943785,3.4697036500539142,3.397269292474897,3.436880658816533,3.4588447813334273
37,1.3574375540949404,-8.610821270942688,2.1339818753302096,9.41891022027505,0.6169987730925778,2.399016948506249,5.960128149226295,0.5934654913608568,0.6985232004382231,0.9939832733436663,3.239392569050278,-0.15580206425734128,-0.9341541545985158,-0.8744635131860241,1.954672206147042,2.569494787245961,2.8328237526317706,2.0331698640280718,3.3787974191775154,3.2470090953686457,2.8878969509721584,3.4729630907645004,9.482157897949218,1.6637296121567489,-1.7888143725693226,9.928341730669073,1.4430426534885386,2.625738893120717,0.7920586911972042,2.0989960968563195,0.7734869543149399,-0.34992553128806403,-0.23380720485478262,1.6606954594402703,1.3903558603906427,-0.6135966299969264,2.4905261364112117,2.9204151677928087,2.0643726608288273,2.760524472216973,3.428971983075455,3.4610631158983605,3.3442519030614246,3.43291576846818
38,1.4693515084683895,-8.607783567905425,2.0436606127768755,9.266253912682668,0.7623738083015029,1.8927929140889397,3.7308335629094973,0.8126863706842133,0.8574962552902096,0.7486732336393677,1.778784587581356,-0.47399058098635904,-1.0114372888636518,-0.35452207538098485,2.0767296257534715,2.494629845132916,2.8958771154487826,2.0931121251470346,3.4209663571069466,3.2974238268291693,3.21058512948717,3.3835871879037147,9.477850866317748,0.9683154594153166,-1.7715262316167355,9.851693419957986,1.3755291634724083,1.9058078303780523,1.2876003859253262,1.3378951454839707,-0.24795914901792643,-0.3795048141672173,0.9535309206841643,1.3255679270300678,-0.28109621162818793,-0.5622554600916866,2.438025656638958,2.5593139168114183,2.4006134823996534,2.4417669811472793,3.4051129799421305,3.357040397055346,3.391992592374964,3.423204355955615
39,1.4906000386923552,-9.309733498096467,1.5270966537296773,9.775676730096936,1.8856147305642201,2.1728056434882657,2.262622084600563,1.870985986245612,0.13335662209389765,0.015739021625889353,1.0247889320813268,0.20408495191248743,-1.959114238467401,-0.764147118245459,2.7293534038761504,2.7215239178260804,2.6715271719474663,2.607193175710684,3.464493658360882,3.411624147025833,3.3428684042797197,3.38985725855896,9.402117943763733,1.14819592833519,-1.72283226698637,9.839582366944741,1.028830563234583,2.942550565755265,1.2254906612085315,0.9598929005255311,-0.7788373444835901,-0.47350120654003147,0.6071625843339788,0.9451956089177784,-0.5953002180131352,-0.6744641842520206,2.3073231786429975,2.8707849049538647,2.4208054119790203,2.25777347707719,3.4239261129730387,3.3431392229694206,3.4468367323722893,3.4125795185956296
40,1.4085986472666263,-9.23995749950409,2.260889568179846,10.0054552865335,1.7908100855468023,2.7548112328468823,4.646732012296466,1.3599952695686088,0.12244911985628125,0.374950235393134,2.789422159876701,0.4465706578471276,-1.6942368453401822,-1.3412435650587209,2.727951354941662,2.7586569818034805,2.801892804549638,2.4257214104143667,3.506155358167225,3.289867943274131,3.0015172850184544,3.382816879667963,9.368139815330505,1.6116258721798657,-1.6334005355834962,9.789906284619688,1.0047673101948873,2.312840622245755,0.41482494013441895,0.8453701027992477,-0.36355568969314356,0.14050219559828855,0.07798342478543412,0.8919291291304137,-0.05946810990626521,0.09646036665087124,2.279592040994536,2.6644771977271424,1.8080057488183496,2.153917658119951,3.4251001882711014,3.307810364227462,3.41501294500882,3.385477663826885
41,1.2983007684350014,-8.347997689247132,3.4209251746535303,9.478712901365801,0.632005263517766,2.223063083113046,4.4506583801640405,0.36355348479918126,0.9093640117367553,1.2793488383900367,2.829456221263758,-0.20389060264678913,-0.7122527964228259,-0.6470158639862018,1.981622393575563,2.4613533971620263,2.8424379590950113,1.8089160132708642,3.375822634962249,3.129609344457804,3.037529056832616,3.5038195481192744,9.54772127866745,1.768774500116706,-1.573879110813141,9.95726984395153,1.533704183857953,1.9658899235056977,0.475086456659288,1.5310062640945579,0.15794580609617312,0.029851198784272344,0.5550046208753463,1.5081721104813617,0.40717406546689244,0.05278004204357767,2.5904279951394384,2.546890280151844,1.8299768864987513,2.5700229222937927,3.4858702784524267,3.344179958352637,3.36997905178494,3.4686299467969097
42,1.5207819368690252,-8.546043145656586,3.340539821237326,9.734255147545813,0.7861182516202582,2.1702327683198095,6.558835999468653,1.0547912929277852,0.533059599328519,1.367619066155911,2.5228834018304345,0.16881074368274573,-0.9738846056668289,0.2251905913347707,1.960733026475203,2.596469015515919,3.1728893617899248,2.3309006524617284,3.231251294730294,3.2976458452284643,3.0950602573112955,3.4451990662126577,9.789755070209504,1.21017006598413,-1.2026925027370452,10.118754417499066,1.5212216483790082,2.7452402919773187,1.0017676357651577,1.5360185174340841,-0.33143444731541744,0.16534391066423307,-0.14830948451970882,1.503314168104744,-0.04235029111712043,0.17236737478419298,2.562500185723559,2.8337440300812715,2.290316487645916,2.5607081804675964,3.459308312362894,3.3810162203057947,3.4479237264836846,3.4451181737663847
43,1.4979322809726,-8.852710449695588,2.743874817341566,10.001125621880753,1.0358243342952547,1.9320968733933699,10.812762646498294,1.5967030676543392,0.7298496400341081,1.8835817462968516,2.741905242568491,0.19633774256326303,-0.9041652889903389,0.9817158221186909,2.097212510521729,2.5048787235418972,3.8688103151926847,2.577331176729386,3.263903318739905,3.3190608813084244,3.325547202821147,3.4409616874091005,9.650851678848266,1.2881760745425708,-0.6391229357570409,9.90954401875411,1.5717653943777725,1.644730789442603,1.3864944881840122,1.5340175371713427,-0.5732055037320549,0.2702043547654533,-0.20968900160623583,1.54210669640902,-0.4700537619481676,0.23330728078836233,2.5706942071641374,2.571570449214111,2.40475395267292,2.5450418158294883,3.4491964658879457,3.42360963529926,3.381905548385571,3.4397240805018674
44,1.1958738259039818,-8.909123802185059,2.1083639223128556,9.714231310643264,1.0183833693842324,2.0168442095327244,7.947204326921498,1.6301340621165066,0.7460622542672448,1.4482995739815285,2.445415212905239,0.008960441760804825,-1.1465384712357505,0.26890256897625164,2.074544279587039,2.7105793991991205,3.600075510156471,2.5768225061334062,3.2280534524136297,3.4356578295080977,3.3110943423376336,3.429906728721114,10.01970534324646,1.6879569328506476,-0.5222933523356914,10.262153570580027,5.195954673844072,0.6062676468235805,0.9327137088623197,4.89359060631547,-0.6402211748167915,0.3719505877327949,-0.0965437993348717,5.029926381069701,-0.5376783592093846,0.27741960106572006,3.4885784257413692,1.944308475780833,2.2354306192619933,3.4468318424002167,3.4784167646560777,3.354805136422683,3.418841569922706,3.4849152754512516
45,1.4190732735209166,-8.94012871980667,2.2026955150067806,9.855972748484211,1.5040416041823321,2.233435481315142,8.397161027406485,1.520627031161428,0.46941697210304684,1.4973580774493955,2.4943910099131785,0.36730787471254916,-1.1284139138318436,0.620148227464011,2.43392542489277,2.6474899595675185,3.539107722025034,2.4413738268611858,3.3835741988085686,3.343164166963162,3.2776180994008497,3.3732788899482724,10.112187826633454,1.6694125678390264,-0.904786036000587,10.411283503035143,5.559861404579588,1.2398748113493743,0.8496130131356454,5.051497488698063,-0.6351829460047744,0.7518282096871777,0.21045579085991484,5.27705692057175,-0.4308426965489984,0.6802483884570697,3.5177817035168606,2.324305728375939,2.1150128488157542,3.423978923013139,3.4293497475975787,3.3562625458765822,3.3758493364985354,3.4239077743508735
46,1.6384569626301526,-9.444407474994659,1.838731955550611,10.27835141689715,1.7313133301996875,3.043059973378016,8.103812760972966,2.2297769643019874,-0.6371848022974411,0.44751060835400636,2.6530460544632577,1.1969570369376312,-1.956782112720993,0.13987835204752064,2.5505509390066545,2.945829256612113,3.5288188988293587,2.747487552707802,3.406367722958509,3.3872830986350535,3.2423283672402965,3.427258304415707,9.610293364524841,1.7947366304695607,-1.0286744620883836,10.01779103888669,3.9225254302955013,2.1229508904638963,1.2116347522323478,3.442600278257122,-0.9460654136529735,0.2670322390320483,0.9061277309963751,3.6373247743489263,-0.5954711314687436,0.3386437800528229,3.265990399920441,2.597309757726791,2.397385179690776,3.142879608904685,3.485469475353596,3.274546921133506,3.4467616672069354,3.474617086823924
47,1.750550465285778,-9.290190982818604,2.09022787027061,10.077876080059408,1.6651518483748917,3.1632966088275274,5.32250329449623,2.1279175910614483,-0.35844048966052117,0.8937828449546614,2.8008401102565417,1.0709061566458886,-2.1733576582868346,-0.8103958912201483,2.502049978748942,2.9205015654411706,3.1392120816349474,2.729596960449359,3.3335866068225948,3.3544760101930797,3.2286913348331705,3.4169398251240914,10.100822031497955,1.49395879432559,-1.5194423682056368,10.601563026440253,4.308174828721046,2.640781521771737,3.599358417151681,4.573017432106651,-1.6131630087687436,-1.009930863047606,2.2755139777589304,4.270318480123584,-1.9087037850573627,-1.7687052323599353,3.2497937867950157,2.8078727150471257,3.170383488974178,3.3106767456109587,3.409556256930434,3.3176949056095664,3.4457819975367068,3.417782565903716
48,1.5587898813188077,-8.78489464521408,2.3662793332710863,9.593246044771726,1.143590058897424,1.4506456965093553,5.075397486127396,0.667692758611509,0.5083566375041818,1.5849820423367929,2.2261883781507597,0.33147197579754023,-0.5552142586689666,-0.12846912761869142,2.2547660059424857,2.391694020272705,3.0324079214906647,2.025189916454676,3.3263593841941397,3.3430936557579476,3.173508306178763,3.4181494993553247,10.11135047674179,0.9230313092470169,-1.6477574688382446,10.5021047195911,3.9710621316748984,2.112416242680611,3.1777409609756813,4.658446408368333,-0.7553271297864571,-1.3316084181575172,1.5677775163797183,4.158551422270393,-1.1821183529663424,-2.210202850288767,3.208516950457121,2.86140880267026,3.0419308189665624,3.3918746929394628,3.4243832523635644,3.5394359230931096,3.4254943390265202,3.470296381439596
49,1.4787786930799485,-8.713637268543243,2.242364439368248,9.409826135501033,0.9394707577429171,1.615459191661416,3.6216067174299624,0.6356456406167401,0.45415431921778276,0.9858224154477171,2.115075242188446,0.12959028035716874,-0.7851231323096625,-0.6859192953957272,2.163032044972185,2.396154671180174,2.768858874770194,2.0400488952472307,3.392858577095782,3.318457318915086,3.1559976265327268,3.458384526745222,9.470074152946472,0.614237567409873,-1.3293924368917942,9.807275485939753,3.6583028607700694,3.0185020209104145,1.4590478811643557,3.668390245586042,-0.5748668899776452,-0.45084338312631356,0.9990324221416628,3.631656095906745,-0.39629888246820133,-0.4433676878664535,3.276807406137088,2.755451992476763,2.5494051749087876,3.263958546353305,3.521830416301716,3.2974995097090383,3.475430404854648,3.5140043879218985
50,1.6922367483377456,-8.436179256439209,2.867879539472051,9.489903866050962,0.9243134047579423,2.6046821446172137,5.491465877900329,1.019685350591712,0.5766037232254327,1.2174858878688366,3.1108560467145407,0.1464424085404954,-1.1801297018475925,-0.6398999358369903,2.127463237772545,2.7605923084988193,2.9410778830349953,2.2762186931658484,3.345458691699581,3.3701357975308315,3.1243082367696022,3.4317759476249496,10.084790515899659,0.5229514021426439,-1.6523038124665619,10.511554996566584,3.9335651072610935,3.8995067782605966,2.0517854445181856,3.95029052125043,-0.13017242309198826,-0.5637190772445072,1.6278649919795443,3.884553307133862,-0.2546944274360535,-0.6551968383852189,3.21241499760224,3.3298805469753034,2.598211691519714,3.2174114597092918,3.4328187565981305,3.5362203714720186,3.3311138977790993,3.437157381265393
51,1.5990125209093093,-8.424268066883087,2.747361357626505,9.505691449522384,1.7595669709147046,2.571058922456283,6.439616504787114,1.247122398760342,0.9060010919101379,2.315445841190265,3.0011738929282448,0.3707533756145038,-1.1347159167743346,-0.06639930502876613,2.5001201267526647,2.658475669208807,3.039581466850885,2.4143594274723474,3.361789427482695,3.311572011284626,3.0844517429872806,3.451585953337384,11.1129864692688,1.196889876574278,-2.7862025861628354,12.059136245837346,23.575499609606116,4.2155840690669955,37.74973545437714,52.485610413327045,5.394246820402906,-26.16490398268928,-5.776759509311361,34.637914286163856,8.318971295173695,-41.825027948013904,5.164677545798878,3.241252874692505,5.874690116882908,6.412888383272142,3.497602208573612,3.415200826225237,3.5033872226838323,3.5289790459786996
52,1.50322947204113,-8.94680255651474,1.7366940293461084,9.614972143954134,1.8123011777567637,1.75195429591116,4.637527309773478,0.8924408895175525,0.7608350324813882,2.1056858758961576,2.0694073106364166,0.30889833969242536,-0.839213175101923,-0.15989317542744183,2.5064037780112955,2.390212706480652,3.059192062623298,2.273036677444728,3.323177581327232,3.2298964980927867,3.2373615615743523,3.4865182826954,10.29176961183548,2.251705900579691,-2.361297119688243,11.467574512245069,24.06461874078531,5.35640578501347,39.263070284345744,53.36220773256606,3.8009450348318965,-27.467533331617886,-4.160064979878269,35.056018372606864,8.037847583067276,-42.33103351975834,5.301130332912744,3.3906320896369055,5.923337507987134,6.478045951409918,3.5460325790177434,3.394066101139833,3.504414183451041,3.545271393913713
53,1.3553276478080079,-8.85157310962677,2.3349452018737793,9.671316017683997,0.5331520616855687,1.5421718001979288,6.483922785307366,0.4616826777782656,0.15123461399107085,0.5151590160376128,2.6614161418132323,0.07167927772875086,-0.5018070322783651,-0.24003590499720223,1.997734954994675,2.379330700763982,3.258871045637297,1.94970855903906,3.4824655349245344,3.329704350458468,3.203988338611431,3.509348110173572,9.763075351715088,1.7197814390063286,-1.4448460929095746,10.408831158971681,2.5499171083997676,5.725233994228294,2.3373454864404763,2.4269608531030666,-1.7574898467833735,-0.687339169991258,2.2514608284138182,2.05494443579046,0.07331440400694685,-0.031202195765422252,2.7287544107609185,3.3964895188840263,2.752476406379348,2.8398475713478843,3.31940593065349,3.3659649217459178,3.39950469153181,3.4472446892615274
54,1.1230152739910408,-8.59267017841339,3.0412197738885878,9.557405873263098,0.654297453403692,1.3727944203636016,5.58707716553082,0.43484061613814373,0.3617063584063287,0.8848560021937263,2.3215624823898056,0.047559999324265134,-0.415776288291382,-0.1101219040065791,1.967308132453887,2.15410452992419,2.6397375936141367,1.8803802360589073,3.3428450364381885,3.1893563664803684,2.78168302882525,3.482936413747785,10.13097186088562,0.9483354359865188,-2.0831315632909537,10.556674082798976,3.0392054636895494,2.6505963938731147,0.8503029623229005,2.8806180144941473,-0.7958578474635868,-0.16436151487186423,0.8543725964842067,2.9437410662190233,-0.6468997321362228,-0.2036453298220523,2.897555712938611,2.8001801108647135,2.110027916711251,2.861311902509228,3.3617940648335325,3.3669455511045183,3.3628231443809744,3.3705661181316247
55,1.5414169937372209,-8.494418144226074,3.070803157240152,9.547986354220338,1.165091902075828,1.8247736321800745,4.9763999742695315,0.5784650651176102,0.9404694890208236,1.6205208839114724,2.460986717513815,-0.05527698738291932,-0.6154425385128692,-0.19396556817546506,2.1841753399274393,2.3805213391311795,2.846323364312214,2.0412744017838222,3.2970258738812914,3.2283442302049106,3.0535418776363925,3.490151436360314,9.968858098983764,1.3759926378726959,-1.6688143459148705,10.316102003550636,2.9938394138001048,1.5494310163408889,0.770648747009188,2.8877328290721387,-0.5293477936034533,-0.23341000661972444,0.5731035042448362,2.9243324562062774,-0.43261945382359884,-0.3041331970759724,2.9254835948278712,2.5553385640505,1.9501485139354957,2.9188120707950205,3.380604462490137,3.434554167168917,3.2380813552388394,3.390921759308575
56,1.51148946210742,-8.533563268184661,2.8095957353711127,9.549915366255682,1.5687944834414296,2.623455443909862,5.034112200235186,0.8153335529623188,1.5280266244968403,1.8426004322195222,2.936471635125029,-0.4206560883709973,-1.060543881535124,-0.4891309524974579,2.3862547511610708,2.691169224095957,3.136177452475879,2.1983966202393224,3.305587161481916,3.253787539706893,3.2595175522843167,3.4752291763351666,10.076415395736694,1.9066608786582946,-1.5205789764411748,10.51423544256593,3.2899364604974926,1.7366000461660474,1.2109847302307581,3.0913842271823953,-0.7099099177929978,-0.6990768782635528,0.28841652090701186,3.1409721283775407,-0.38370146916835823,-0.7878638606133078,3.0738524912486582,2.6696973173400615,2.2085995493667423,3.0322549209881537,3.433304791440144,3.469640249632733,3.2724452357961336,3.4344752546177033
57,1.2091316988691687,-8.523148500919342,2.8049868740141393,9.437912906061358,1.2819656958543566,2.1863336627877725,4.537375650073981,0.7234300599222646,1.187851716284406,1.686324669960805,2.409963712009822,-0.2691018509386679,-0.9016893212527471,-0.2620289037814562,2.2502757970060903,2.386093614916073,2.6160456537700685,2.0046221525511885,3.293247098852461,3.0753521011906115,2.8748194332856,3.3505927485094795,10.13324499130249,2.10699997395277,-1.7944973330944776,10.639718827556457,4.102760524184143,1.3944173373363502,1.4353639057949361,3.997882170410647,-0.3544497549668439,-0.7454893854037565,0.47538028008358707,4.011360961716228,-0.1193150796912074,-0.8174797965234847,3.2437230440184353,2.5070873642844185,2.2954670279497273,3.20655390232341,3.4412803987981486,3.4668367290319,3.2572784458431308,3.4204820983729642
58,1.5137040911242365,-8.039654481410981,3.4351706475019457,9.322641269333062,0.5511673881342124,2.3388498303349294,6.150423749522472,0.6466988108068924,0.5087633653655665,1.1577988218408288,3.2287857129295032,0.06812648845342828,-0.8323395094261906,-0.4601463935873132,1.9206300073588976,2.3580050917670463,2.5160395413179484,2.013517966040687,3.441539328571666,3.0747118948616525,2.5823250538197224,3.4071975936989785,9.918848085403443,2.229452648386359,-1.6780865091830492,10.393879279871062,4.758587433071552,0.8733445447997932,0.9723346686920638,4.69375823679691,-0.05390582000288546,-0.6667980852692253,0.08712625654665086,4.692618558456595,0.1193363322899373,-0.7940769424200487,3.389613832327926,2.186167346328341,2.1162027621743054,3.3515248890470426,3.462589662309432,3.4194925590510596,3.3068760139417295,3.424025173416309
59,1.3264326244592666,-8.618258249759673,2.710730104148388,9.510118840770025,0.49181916966631606,2.8372367725232945,4.874920424933199,0.9624339043001507,0.3974534851435432,0.6668736111747656,3.1921238343954306,-0.04003442528176864,-1.4195997941401488,-1.1198618956375748,1.9444967037925744,2.787938662238279,2.936609214927004,2.198095597592288,3.480495442846136,3.29085160237084,3.1427272612927304,3.3462445721954768,9.8018390417099,2.235135605558753,-1.5875780060887337,10.263918850574997,5.838034041178739,0.7598220181890882,0.72412635161966,5.5212167997596024,-0.6071146521281631,-0.6405422365701617,-0.18224408451350063,5.638515356039763,-0.40060207138073334,-0.7912728891043137,3.5127805488526436,2.122503789689764,2.045500375392611,3.462662060529702,3.4226254761171613,3.4123777893502436,3.3974128705005535,3.4243197562784187
60,1.1818228349089623,-8.522385478019714,2.984791432321072,9.544889808568852,0.7247305279434842,3.0231433588034182,5.695406021090879,1.0656572266164492,0.6549142873651211,1.3720393177168455,3.430271912697756,0.09994685692943112,-1.1514542486820252,-0.38388979078201746,2.0959184706975225,2.6446258260691047,3.0464543174222083,2.203674836298301,3.4163215204425437,3.1230351894905306,3.1264942103070275,3.3706407684741277,9.800403356552124,2.110768675804138,-1.579262939840555,10.225623349334612,3.663580188510655,0.4020772957045399,0.9554758300996397,3.4149270625924815,-0.6315878365269646,-0.2824406637750611,0.012272910500078607,3.5143498887236704,-0.5494517682140282,-0.4430768073216629,3.0457542612086983,1.8316981881987036,2.2404894394586354,2.9888155453541216,3.348285757364201,3.4522896937848966,3.417810170370646,3.3422213576726802
61,1.129389829467982,-8.524959182739257,2.68864364027977,9.412004376307918,0.5983491515844922,2.2333580925504974,5.391283263962922,0.6265071225119231,0.6836152689667582,1.1991693812937594,2.837754995028802,-0.0019156571934958618,-0.5419866873959477,0.12128503756410947,2.0074488379075377,2.5606475278257155,3.0300002808756146,2.000179836777653,3.4606590877579975,3.241937956000658,3.117236941437896,3.4114176063425017,9.81176917552948,2.06386933773756,-1.5245869308710098,10.230672601638723,1.5052643654777613,0.4154363776773468,1.3493884526935225,1.4117039907051618,-0.4730401001790032,-0.19203573221959983,0.13109551113367987,1.4396612063082284,-0.420058954129845,-0.35971151672276946,2.5447619312944063,1.876352719358831,2.2573710926168276,2.4857185100526675,3.4510099618733148,3.48629082542687,3.2790374804431974,3.431736478352631
62,1.0437971292994916,-8.805604457855225,2.2075138075277208,9.490008711682187,0.5002087130943361,1.5125599277395434,5.046533050039416,0.3321572580070697,0.5833577967943788,1.094071654264378,2.346400566880468,-0.13039552171503446,-0.40853285536762174,-0.16637877291049227,1.8258030857142027,2.269664494154199,3.038757257281446,1.720440083786162,3.3657771067287876,3.1790051599822142,3.155818781432226,3.4129778068572194,9.879605698585511,2.0537596538662912,-1.646860159188509,10.300483007160434,1.7658412631420237,0.7530982498659634,1.0094587618064728,1.9250502527568574,-0.038656297947279275,-0.40172291598422344,0.1593779134225153,1.8250308096498555,0.0940754018427915,-0.4939257431206066,2.618369616986988,2.2079338900528507,2.116629936840069,2.6773600689202466,3.449537282398798,3.5298291089196407,3.278984969685388,3.4436794421242864
63,1.0904541295021772,-8.563805067539215,2.901922096963972,9.600762999034908,0.6497827636893607,2.0609921463410776,7.16362544473446,0.41219434098926344,0.8833441959797163,1.7862693609647304,3.4390529128402463,-0.14400203737555822,-0.5423172804602633,-0.36658984988668175,1.7779727120396887,2.3526189181935466,2.5971617412531467,1.888819360354893,3.1730058301759274,3.1989592475386726,2.5215932982060782,3.5136444022137097,9.92554793357849,1.9617556273937224,-1.9289739817380904,10.353232778146964,2.237590573420317,0.6800588034872279,0.5821801353252902,2.3680331913107917,0.062289050107061164,-0.33626035918183117,0.09690495672073929,2.2808310585385745,0.19685488567373569,-0.4123123474046431,2.6989409286990225,2.1137664985582076,1.9542174028403907,2.7604448363183325,3.3672238625636592,3.4867504695875553,3.41037735439314,3.3880380135725954
64,1.4857218615710734,-8.386933410167694,3.3564912362024186,9.58173046950934,0.7754664417902678,1.8012978723239432,6.205856970681457,0.5821044693262047,0.7159902851934784,1.5287970654067358,2.7053163330731382,0.03224416335964774,-0.5463557987063327,0.009645584040503752,2.0040236089988275,2.4409031258902294,2.7754545700199342,1.9940268281076818,3.307983692200404,3.2843486957537773,2.86587664600748,3.4483423506448707,9.733284723758697,1.5108281925320626,-1.9222142159938813,10.101848805765872,2.213125614474556,0.3058101156890123,1.1160947255275673,2.267842290275555,-0.3309430989977591,-0.5367960319789029,0.14354122884831028,2.21150653165621,-0.3115255220943643,-0.7554149907080948,2.75481207065921,1.746541663634421,2.3228902595878402,2.801077030863126,3.4343611053973766,3.5098318803131674,3.412850536987022,3.4588765314224617
65,1.2255768838338554,-8.77831060886383,2.5860820192843677,9.641316284215335,0.9548148773111177,1.825847567039727,5.699320680425216,0.5759999063855442,0.7886015252673964,1.515474501163176,2.558820041711004,-0.01065376574745953,-0.6419896495682108,-0.18383819997439468,2.00994819730659,2.521869834495611,3.0954784723220095,2.0008045072396157,3.185532629656013,3.364204026132829,3.155175736069865,3.4450662513010215,9.638529098033905,1.6347166035324334,-1.7654244718607515,10.048115652967041,2.0030277667941445,0.9347694095054109,1.417723308686719,2.0228404213496836,-0.6231286340916423,-0.7373064596034576,0.540755235864208,1.981429618983068,-0.5304642263936485,-0.8993607354771583,2.5778342543857447,2.2492865044173347,2.453371634325289,2.5936725261688456,3.3365841714495508,3.42804930635873,3.439383292453843,3.3434466014037394
66,0.9966612647287547,-8.734900760650635,2.7012580453418193,9.563452028740054,0.7922291534656458,2.005094696079476,4.76277029765666,0.5129200923683859,0.7941053185585307,1.3309224177524304,2.482879133540517,-0.1334203367390761,-0.7466054156008859,-0.4004566435925408,1.9398071337167255,2.335536978528909,2.6212319808358906,1.8376537237577082,3.2429222240389004,3.0782234810421722,2.8323393377633534,3.314113244326237,9.776355576515197,1.851984890177846,-1.5370894295629114,10.177367422692416,1.4971906574970688,1.031617946533655,1.1266027211287928,1.389578145569837,-0.32789259014738664,-0.16474792601941154,0.558470885020946,1.421932943377153,-0.21840470146628263,-0.24273938196825867,2.572355622009403,2.3399946910902147,2.304619089315996,2.537584752717053,3.4754919121380556,3.4680594907800826,3.40516105791303,3.4923581157275145
67,1.6108937025070191,-8.22420256137848,3.926565593481064,9.699083203748682,0.8844090833073477,2.4326784517202507,7.02161175897865,1.7009440714734643,0.6068026886136442,1.0937472322540758,2.0415707625696333,-0.03184037382684594,-1.2259101691027736,1.2768003281467253,2.0939781335419863,2.7450113989533587,3.01142620613259,2.6070664828134937,3.318692226075681,3.355241336291776,3.0320407595608136,3.4269110171029706,9.828160130977631,1.6003197357058525,-1.6045670546591282,10.175294297228756,1.4598338271737705,0.8668913870844869,0.9658702521728554,1.438006968286809,-0.3850873326193136,-0.28639941209714326,0.5755212237908308,1.4333935743574107,-0.34885908865350546,-0.37445344951169207,2.4917005552037303,2.2195259742636146,2.237088352857742,2.4782265167695257,3.42497464878293,3.4491923825887114,3.446593592400585,3.424344853944931
68,1.5287875678390264,-8.867105627059937,2.6444706059992313,9.824705026388818,0.8224462230203587,1.9594709329913762,7.748912701596848,1.7422653032099942,0.4326667244369402,1.0034293781594583,1.884191855103519,0.025816900901597883,-1.0848163958570658,1.4375498795161004,2.040641314888273,2.630204539084999,3.1289258917116642,2.5856982406906557,3.245701884110432,3.3800796418599033,3.037196029043496,3.3997283055203167,9.804112160205841,2.078645045310259,-1.7790636368095876,10.425957725975678,3.489388241786388,5.028793600412353,2.959465975759805,6.25288206849718,1.2662783421861594,-1.4823041073448826,-1.6863222397715243,4.310691137237806,3.3581927415939763,-2.8980054635177916,3.149019366535745,3.534698212636079,2.922672124412519,3.7079685652204617,3.4620129215073963,3.5170602058214304,3.3907057450363545,3.492590927639152
69,0.9832836870104075,-9.205989861488343,1.3573477528989315,9.50097483010136,0.6036468757095914,0.6368089653704322,2.0084657625399265,0.4704255411041959,0.16790981302235133,0.253395183321452,0.7289829767678574,-0.035608145434158016,-0.49316110307317584,-0.2912466520870512,1.9457749072248032,1.9697411288909041,2.65635172040524,1.942088933370485,3.3835963854326923,3.373413924737007,3.4287360407241265,3.5065157545676997,9.994221687316895,2.2567308889701962,-2.0872591553255915,10.798717920183954,5.0574070721635485,5.430429732797232,4.031805372204011,7.054661153837583,0.6688257120621346,-1.2236076973873076,-0.9236501182242449,5.482898508201018,2.7144327373803967,-2.7213779155144624,3.42189244160872,3.614697658621668,2.998725514814354,3.7767510430850546,3.3983401121239134,3.5171896454207876,3.318710731724838,3.4441887548119166
70,0.8826823115348816,-9.2051518201828,1.4213328016921878,9.48345864718921,0.6821604899850435,0.4399866388450431,1.5715623339038678,0.2302706072771076,0.24613367227222824,0.36445954680327974,0.6014285260012462,-0.09394736224986111,-0.28710047926681614,-0.2512023500494661,2.0600264882263013,1.7964781555380822,2.402895101342177,1.6005536065149408,3.4034245877197122,3.3740844707173414,3.366405610862354,3.4819557176791447,10.009176969528198,2.1022143507376314,-2.2284357035532594,10.676219657455182,4.407002848512501,1.7589232002021133,1.6774962953623056,3.3174616204045466,-1.6304713628976764,-0.06276552477499357,0.8900023818590791,3.7686877174400446,-1.3455538239313556,-0.2598098616553779,3.3143001476095506,2.510380094390477,2.5744718207500386,3.1113654916726787,3.4457752642620862,3.3300541036015288,3.4266781369813453,3.472420616937875
71,1.1594520142301916,-9.093372535705566,1.972089017368853,9.736874873221668,0.8846567415421099,1.3622225323409272,5.342307647086987,0.5288339384860878,0.6025865911460596,1.5561226764896452,2.0983501843496026,0.09262691806489139,-0.36875480555098933,0.2638074459670553,2.0255080974358037,2.3203744735606766,3.170402704400781,1.9242775534131555,3.2863416383681647,3.2856396569786797,3.2705833084416285,3.4257373320604736,9.99721302986145,2.2258036375045775,-1.9861624475568533,10.524014318244332,2.932365683158158,0.7428051305920812,0.695963483758336,2.41055388174803,-0.7833242691248687,-0.13099694443379561,0.047344298084056394,2.6204362468300677,-0.5661520102414531,-0.23659101361401425,2.9007667226763476,2.056170446234835,2.106932960626711,2.745625641306527,3.3825068168669454,3.37504326022976,3.4431662301923307,3.3636040781802077
72,1.2920907910447568,-8.992112755775452,2.167740181926638,9.778301007412098,1.2393892213510174,1.6029090178240128,6.310641641426741,0.549367911027494,0.8816160872467643,1.730210167622258,2.483255495979451,-0.008458175907159719,-0.4190212696211382,0.26117265429962067,2.3031380859743593,2.435035708973721,2.942222128276791,1.96512158451644,3.3668024995999812,3.3059429416920842,2.9321800368607986,3.4317687170113653,9.752307415008545,2.305604249238968,-1.5058631040155888,10.332091807565357,2.518589564772507,2.023198345798972,1.950370696077536,2.3268390569215183,-1.0066647813017306,-0.8435391260645975,1.7610383155490275,2.305777008721194,-0.6046145086967736,-0.4661890048582323,2.8767463816852104,2.743679592266327,2.729261595266839,2.75731429851476,3.4578549595747643,3.452742016669572,3.458438207466876,3.3969979645882704
73,1.3111246978398412,-8.769197702407837,2.346631904039532,9.52535810227166,1.270180990705065,1.8818959575917642,4.131251896792741,0.5060064181606829,0.9073048321320348,1.2062103126477568,2.2874326800908205,-0.1647002952296949,-0.7512499681907956,-0.5046561899176508,2.2360993204658897,2.504305665450292,2.8925659186965405,1.9067684819176012,3.2145885002536363,3.289081200618959,3.1777588481586765,3.4383937773364757,9.473184657096862,2.1683160811662674,-1.5312270127236842,10.03307721695312,1.9775865464929934,2.1710885379856344,1.6516420026812018,1.8257939060834225,-0.9600675541341497,-0.4399600204932265,1.6816380512026825,1.781026410351128,-0.4992208342177795,-0.031397417742818,2.6621933043005677,2.8004203792484414,2.6255544930686683,2.634667707184811,3.391789233895445,3.453695845291259,3.4483151675562413,3.416721682952539
74,1.576117919385433,-8.054947507381438,3.40747276134789,9.249843835805894,0.7962461993216018,2.206291226800193,4.319360371947754,0.5707046442334607,0.8996694344832585,1.3443098049908686,2.5112327019165432,-0.13387756265519518,-0.8181893673320112,-0.3959684616454151,2.001171793566269,2.5221204875626926,2.884843389600288,1.907312721624629,3.2903677715813457,3.186212846330055,3.150120246239418,3.3622509993396594,9.67968554496765,1.8106488943099976,-1.6049259424209594,10.036727101716496,1.163954763046019,0.5551225313516864,0.6825367769154022,1.1858787218229072,0.20178143083097397,0.5174254612718555,0.3497654889594873,1.1589691981887473,0.3104240775367719,0.5300589529527016,2.297186768516677,1.9760667613187028,2.09194642463254,2.325264322880462,3.332586593406883,3.4287241196404956,3.4539584721371916,3.3569299584028505
75,1.738519625365734,-7.909140574932098,3.6324678434059026,9.2330025054464,0.4920455483008972,2.3095581087341253,4.416371810494431,0.5753523799576105,0.8823239421255763,1.230286684161542,2.708112269062781,-0.2505900765863748,-0.8553643910892922,-0.5201384103277634,1.7822094168007268,2.4485259317727177,2.8028347664904905,1.8371972053257348,3.305252749798895,3.092958240588777,3.030171796424814,3.329872141509609,9.939306640625,1.5667604431509972,-1.3177274033427238,10.205588528833523,1.6142764359187145,0.6183346964840469,0.6520939185642952,1.6815492276407797,0.350267492391656,0.4168272707207768,0.4388294777821602,1.6334624914701987,0.4517962332185538,0.44537450581078103,2.5647173830780567,2.0520107777126446,2.0765546410032063,2.591117402300911,3.430366822063263,3.481863100431939,3.4671165652372626,3.4227018056006626
76,1.50937958387658,-8.647362756729127,2.4562115071341397,9.456445184777895,0.7673173281164022,2.2317621289588194,4.293059209093021,0.7933989838693051,0.8136030921798301,1.1470156867608148,2.42199249897194,-0.261567119219815,-1.0697613803140968,-0.6058261505859048,1.9034664713688723,2.519732349980382,2.8778445676531907,2.1299210109643494,3.2307593970949307,3.2066328232095507,3.127679093858174,3.3940148047235947,9.931051349639892,0.9870991678675637,-1.5836896508932115,10.198691953137471,1.1630579471241125,1.2958416322909987,0.6293760118448184,1.134327931510584,0.4164488652167949,0.20231617855545792,0.6794958555725312,1.1247106977846653,0.25996242654155793,0.05132789687009084,2.4565186368390814,2.4735031481456455,1.9619633965550067,2.3759039202366887,3.523206979054027,3.468384672318772,3.3551165733028507,3.4710675744805
77,1.0803236780688166,-9.249280071258545,1.307099451124668,9.539618601287412,0.7956335408734168,0.6689008884151874,1.7189727042377165,0.5378322648885804,0.3619215606304186,0.6039251256061781,0.4876840557494259,-0.1083995003208906,-0.5433773690532818,-0.09919072596104041,1.903127027055547,2.0306955597455807,2.502772508834901,1.9632350323850642,3.185593745693969,3.407817033134176,3.385256374151847,3.433197498355985,9.706604599952698,2.141815482242964,-1.3942379232496023,10.334426294916764,0.8767872234087049,5.9078785859641725,1.025989781591986,1.604582730820101,0.5622216516343984,-0.05331524581818657,1.0442748845318657,0.9843819752191771,1.859434069285042,-0.12465650680197325,2.255306568544111,3.3643082956769956,2.045470548291124,2.6355933980897612,3.4749448668268377,3.287087251911999,3.175185858123891,3.508365225835996
78,0.7913734572939575,-9.265141642093658,1.2023830477148294,9.594975412277833,0.5963698839479843,1.2508327853268735,2.769639127812492,0.36175813368553744,0.4335333280700704,0.7360710332751281,1.5798653902100233,-0.1443659668472473,-0.5907365422239672,-0.6052245150019708,1.890002764135232,2.4041949474841915,2.7829679759432455,1.777967372214151,3.3471647063372054,3.4351090346290745,3.3019542499560344,3.4648216735130704,9.87685387134552,2.5301107712090016,-1.3813765089958907,10.574205194233434,1.5230936649371096,5.076242960207593,1.504169304364724,1.9989812939741545,-0.03514609532435699,-0.43543826239396255,1.0973485118892412,1.5218964073570425,1.3519968592413143,-0.3572270075597785,2.564507308575761,3.353766316167632,2.312586833223625,2.7269417145254793,3.4738278221880936,3.3830748642303945,3.2411993012271916,3.4414584711740694
79,1.147914969176054,-9.088449490070342,2.1231631081551314,9.809570507626741,1.0921268074817583,1.7455226511216397,6.365543115857522,1.2009063690752608,0.5823750050877488,2.078453047759214,1.9607263578499108,0.3016689934840153,-0.8880310736463874,0.6515442989811182,2.1540667019366797,2.6284528784075847,3.160738476883059,2.4967023772488743,3.2742473494260262,3.4776476237161775,3.142264766320743,3.552674272417399,9.860463166236878,1.6428521938621998,-1.6867605030536652,10.261442930711036,3.232543129620294,1.388728873505165,1.004102195998348,3.0362943611897544,-0.4125239981884953,-0.5236922657569243,0.7806394850321674,3.1078045455188152,-0.25636230961171064,-0.4687495230649151,3.0151667034588883,2.3468947424182374,2.1102034212791807,2.964611846387636,3.4218677708724305,3.305522496120614,3.2269089988421,3.4151620501851156
80,1.3701716989278794,-8.547868657112122,2.7860427409410478,9.510132024714315,0.9828013125369083,2.003507553330266,6.429025580426112,1.4797981289970497,0.6207206702186764,1.9912886617233307,2.0985167354674705,0.2855127677214479,-1.1080900625660008,0.6050607021399832,2.0002424409276967,2.4319638988567003,3.3178752338932878,2.3852162996557067,3.23290411723229,3.19581029404939,3.2762612401264857,3.3262292548339762,10.03765162229538,1.6165311469172594,-1.6579269714653493,10.34805586613874,3.641371114023849,0.38259687951123467,0.470574225799035,3.5038598331870268,-0.40111121777129416,-0.5226955085873094,0.055401203284502765,3.563671179972017,-0.343486661259425,-0.5685280942055924,3.2070088718406016,1.7748083565636144,1.942982704314676,3.1673828206950074,3.4701693631414514,3.424921021594227,3.5004867366929258,3.4682877685961846
81,1.6723798155784606,-8.094945585727691,2.984926092624664,9.20035638359374,1.1770989989925975,2.245274653455854,4.790050610173331,0.6106032131283973,0.9903677818402358,1.6159266962450045,2.8117650291001457,-0.0739652080448613,-0.8467230813235526,-0.639738633567421,2.1720206326858627,2.5751449351137072,2.9107522684111666,2.0281733647877798,3.260250439831362,3.2439708523984736,3.0964172688308005,3.4558242984049987,10.255398333072662,1.4589637826487887,-1.6213765896856784,10.53291777960034,2.7019639982185706,0.4352495380020697,0.4887183845552527,2.5882656467555165,-0.33067346387968505,-0.1904109001428403,-0.007593723820997765,2.633862412048666,-0.2643223977176813,-0.2605567078257485,2.971286715460677,1.7494824139063523,1.9206727431909882,2.951297885090971,3.4669367177992387,3.2983931024014717,3.439694025152854,3.48060010728565
82,1.9704429619014263,-7.946355497837066,3.19575050547719,9.1831838600222,0.9559542997148265,2.8118015424821774,4.173732773112543,0.6688390259738877,1.0265629213843657,1.114893626761061,2.8473274224575498,-0.22711073783875804,-1.120197169038321,-0.7282352364154079,2.0088777166402036,2.7019806764334056,2.8831418226657126,2.0823934346470616,3.162012475955474,3.2813921548213054,3.1819396696473907,3.458486153975766,9.928179907798768,1.5154942047665827,-1.5141183197498322,10.239143973834882,2.8321430024660366,1.1405279669537074,0.4685239419721276,2.7160297171181336,-0.785587047351191,-0.25965246017593796,0.32619942721389183,2.76002828171799,-0.735655637700258,-0.32405418608654424,2.8427230316681364,2.4133778892816022,1.920050760856446,2.819204701727015,3.3336481762948096,3.4848231478316842,3.476010196732234,3.3400127367560213
83,1.54336226452142,-8.500732851028442,2.3706188012845812,9.297045143052788,1.0096323883860878,2.5864941896749203,3.4879132119597442,0.7550256291441576,0.9921508377036659,0.8028893844843027,2.509558516648923,-0.4450777409126506,-1.2333663119917462,-0.922810355026817,2.1453224425039186,2.5818473152100285,2.555921870767947,2.097482450495121,3.322938286640105,3.1684767451543268,2.945802664050133,3.374755453147864,9.882716464996339,0.7965108498930931,-1.8402600765228272,10.385627531957299,2.117982477626038,4.458643839064044,2.19041068741936,2.43658795611093,-1.5805123095484837,-1.042344129662962,0.8683224596878276,2.1995246063898954,-1.4368658040120303,-1.4646167582619907,2.7362184297414833,3.3450791680980974,2.7758308258973208,2.835186506464338,3.419977868781919,3.4558438850011908,3.4522694327318253,3.4239933522133272
84,1.3398401555605233,-9.142453694343567,1.3647099231369793,9.488921024486494,0.7985592111472113,0.703615293237257,1.8449027516459677,0.47778716478479727,0.4126621301652095,0.3240264367287274,0.4875439395198877,-0.23393189400048703,-0.5504353623117535,-0.18634399447427932,2.006418824515418,2.0642716058791724,2.5501102714159183,1.9708515333523549,3.3016157276645535,3.4491769332331534,3.3881738220071798,3.540480719162827,9.891330599784851,0.05090733617544178,-2.0562123358249664,10.422558852583315,1.7559695485770919,4.546772549286551,2.28614738888147,1.8599548462862303,-0.8679966505490853,-0.6787062794431009,0.39628517565837174,1.7280243051022723,-0.620483384645005,-1.1027567985577404,2.6626821547495014,3.0862372680648695,2.78181420871376,2.708789698448458,3.4960545378999335,3.337515084593274,3.4292940782488115,3.486459863669971
85,1.3876493751071393,-9.148454177379609,1.1171943491324783,9.534147158604675,0.8221239582485155,0.9140613368430572,2.850665280831435,0.45141036633695375,0.49360678968596805,0.5427686960747108,0.8276019375675784,-0.23873271193946285,-0.5622261193231333,-0.13745581945371635,1.9955119175549443,2.1804040022714504,2.851387983942509,1.890671521378316,3.2623544796950408,3.4108140763783124,3.360478018240537,3.44017132809156,9.79789092540741,0.9023334071040153,-2.0023738205432893,10.218186328798879,2.1341287870910746,2.6881961433189696,0.6697486530115563,1.8110902305002026,-0.07155314142840741,-0.06128527215401064,0.14081588623488292,1.9498948684330037,0.0044294569717802474,-0.1452396245549688,2.7230046679222735,2.631520566484618,2.0978507054640256,2.618959150977691,3.389569734222456,3.2181062896950903,3.483919834882171,3.3928559127217084
86,1.3472172883339226,-8.894219779968262,2.0853646211326122,9.651791409175235,1.167390784259459,1.9231345624907255,5.53406158413788,0.5361849957159885,0.9664793518219679,1.2971305578964325,2.454540334067066,-0.3119381786894592,-0.7526720655025035,-0.33505837451610737,2.235250496022108,2.477778820656142,2.691884626345573,1.9957409231515748,3.3143699386151426,3.281748396162668,2.827482449305251,3.4912066667398025,9.649894952774048,1.4739787170663476,-2.178306111693382,10.09440941112275,2.7920093602148457,1.417651515171156,0.6121584274899837,2.9151547026870395,-0.7002950219979734,-0.705179258846064,0.5850154076366386,2.8284908717105086,-0.7670546169619606,-0.8286441199561435,2.969703253642593,2.4412242474911796,2.004799708833558,3.010511069679544,3.431012719145769,3.392861027069726,3.415190272623809,3.4407704885753914
87,1.6228048668242991,-8.437690341472626,3.4751089510973543,9.725353572975013,0.8283029939622023,2.4844881090326107,6.545695377368521,0.95796754394088,0.8632126093263247,1.662272326725208,2.9985858860455172,0.004458057840082682,-0.9318401346913853,0.03593436273991259,2.0534468762393665,2.6767376419358366,3.166472634856885,2.3960075005811667,3.342598342996828,3.297618811769174,3.1325085227966807,3.585559865901077,9.823374581336974,1.510708556510508,-2.1323040813207625,10.252324377016235,2.822268945979787,1.396223615868386,0.6315757595290239,3.021857112789775,-0.7505072188788975,-0.8173195859286103,0.6276096007285129,2.8990124012280205,-0.8316579725371045,-0.9421820794689976,2.757458464136221,2.4181509269322965,2.0201244943964194,2.787176882157807,3.2852350394830117,3.393630129771195,3.4268727596878397,3.262907064420769
88,1.545337476581335,-8.569176971912384,3.08896912666969,9.750426960112538,0.8402188428807305,2.8282168556905996,7.282606367750087,0.991827967356574,0.8471390211510496,1.7263398579059164,3.7476478219188207,-0.056178265185263636,-1.0961556485102175,-0.5295542281412688,1.9412544733885309,2.883176181137698,3.4917222399693792,2.3979538788060606,3.2161949828575955,3.396118202982031,3.2967768000175477,3.562153642607091,9.887861013412476,1.574896034784615,-2.0886948972940447,10.300190853931522,1.5618974035808086,0.9720054975958597,0.5364138972101519,1.5511451958332576,-0.1898793256079204,-0.3531067970170516,0.3389863164243453,1.541106258346616,-0.12485651903684464,-0.4206675096625143,2.5618728057279374,2.178625540815851,1.9369014019842816,2.5454925745472003,3.462396531257812,3.334181873202871,3.4316069416367694,3.4525154903604136
89,1.0420164294540881,-8.78978773355484,2.261428276449442,9.529211628192403,0.9576545134177454,2.1737735173000856,5.050446706887227,0.6478749784780499,0.8895297015864434,1.2757710435707836,2.860717011108787,-0.29621117328930674,-0.9042935061384151,-0.7594827770513929,2.0978425353311585,2.443149509928327,2.7916146742722185,2.0690676169897046,3.298745539310131,3.1763005277196346,3.0033000521460815,3.4606026744176646,9.575956535339355,1.5083157422021032,-2.1261425644159315,9.994028412323983,1.4046521102812264,0.7246450171910667,0.7244464266288292,1.4320391877065601,-0.24512547075968813,-0.3944042266514688,0.3445388643291666,1.4037171547995588,-0.23039187753842688,-0.5035445806335209,2.488332599394629,2.0524628578113364,1.9907969164304147,2.507378112113852,3.4128792642253356,3.3672204958499594,3.3173889808929595,3.4325222503972275
90,1.3418752402067184,-8.601498746871949,2.8273577012121676,9.578300704869028,1.2359608622085603,2.6525099234860754,5.302765024040035,1.0235609691487837,0.9419849706535334,1.9130415480795027,2.7081692087093754,0.09304658951050526,-1.1428546152266552,-0.09290455879464009,2.312573404129436,2.7557376140810357,2.97530760861393,2.279899304360695,3.3342969704601657,3.279278795484793,3.0529141230860897,3.38651297904254,9.886903750896455,1.846780475974083,-1.4702698461711408,10.254916746255612,2.7858123969815414,0.4183373231825526,1.3884312533784335,2.705237233907402,-0.5503870905323272,-0.544007160792335,0.5381208375135517,2.73441231107261,-0.5257189546375164,-0.6197500691590191,2.836943553657592,1.7812705701912321,2.376740912660658,2.810223080728894,3.3573820624904105,3.389986589879069,3.368869623837991,3.354083158000723
91,1.8444780193269252,-9.05397298336029,2.4459912680089473,9.948194743970038,1.5650660821570241,3.059584088355628,4.73652132854384,1.558936182565419,0.21031679182573726,1.4017093148296804,2.760631937581227,0.6432933511870402,-1.7127100453605397,-0.5356365744827505,2.4605795169118,2.840005335039637,2.8441492400865886,2.554716596731014,3.337131628159241,3.2744632286457054,3.02697582737378,3.4420674492082894,9.859027361869812,2.3672194047831,-1.099502014182508,10.42411016100569,2.735352269308326,2.369415784963011,2.118191797097397,2.4547344799724886,-0.5127810874483828,-0.0877977882920203,1.488380109664525,2.5211194216867487,-0.1255895935488726,-0.09723357485464813,2.775694440857935,2.734851186525055,2.5839132047718145,2.726171259370155,3.341785266909442,3.349002282570155,3.335047480111217,3.3610474781469444
92,1.5213206373155117,-9.198148894309998,2.132724902033806,9.90344035216583,1.3399366183580717,2.0448194037774923,4.497058957459259,1.103091146022522,-0.25850370043148996,0.4001551555093133,2.309828892356086,0.5917959554281129,-1.2572339640773498,-0.751125381653553,2.3888968896669796,2.5532205350750785,2.810391200355389,2.3099592931881583,3.3638533094673675,3.288191792344001,3.0907939468998076,3.414457813750692,9.714022433757782,1.8521045615896583,-1.5108282385393976,10.25700778389654,1.8331355565777658,3.4859443200974622,1.5799797406690392,1.6364098102310913,-0.1708274103601816,0.19416903296299162,1.5965741841445207,1.6534278543580712,0.37863061637495227,0.2775998893220524,2.7031394656640884,2.926742974809344,2.423496161603878,2.667301372320563,3.491131145825379,3.3250593993693385,3.3045709497802456,3.530087765286139
