timestamp,light
1475640765491,5
1475640765689,62
1475640765905,54
1475640766090,54
1475640766288,60
1475640766489,64
1475640766687,56
1475640766887,57
1475640767086,65
1475640767285,65
1475640767485,66
1475640767699,69
1475640767900,62
1475640768085,48
1475640768284,44
1475640768484,50
1475640768684,61
1475640768886,69
1475640769083,73
1475640769281,66
1475640769495,55
1475640769700,46
1475640769881,48
1475640770081,56
1475640770279,66
1475640770479,66
1475640770694,73
1475640770898,79
1475640771078,74
1475640771277,61
1475640771478,48
1475640771677,44
1475640771877,54
1475640772076,70
1475640772275,74
1475640772475,68
1475640772690,57
1475640772894,46
1475640773075,43
1475640773273,48
1475640773474,59
1475640773674,59
1475640773873,63
1475640774073,55
1475640774272,45
1475640774484,46
1475640774685,54
1475640774871,55
1475640775071,54
1475640775270,48
1475640775469,42
1475640775684,39
1475640775888,38
1475640776069,46
1475640776268,52
1475640776467,56
1475640776666,47
1475640776867,47
1475640777066,38
1475640777278,28
1475640777465,25
1475640777665,33
1475640777865,35
1475640778064,37
1475640778269,41
1475640778482,45
1475640778665,46
1475640778863,49
1475640779063,54
1475640779282,56
1475640779461,63
1475640779675,68
1475640779861,71
1475640780059,71
1475640780260,70
1475640780460,61
1475640780659,51
1475640780858,49
1475640781067,51
1475640781259,54
1475640781507,59
1475640781657,50
1475640781856,46
1475640782057,49
1475640782256,58
1475640782457,64
1475640782670,66
1475640782893,70
1475640783054,61
1475640783254,61
1475640783453,48
1475640783654,46
1475640783860,56
1475640784108,71
1475640784251,81
1475640784452,74
1475640784652,64
1475640784851,55
1475640785050,58
1475640785250,74
1475640785451,102
1475640785696,108
1475640785850,94
1475640786049,78
1475640786248,78
1475640786448,68
1475640786648,66
1475640786847,85
1475640787059,115
1475640787296,119
1475640787445,101
1475640787650,74
1475640787845,71
1475640788044,81
1475640788244,109
1475640788444,131
1475640788658,118
1475640788855,77
1475640789045,40
1475640789243,32
1475640789442,32
1475640789640,32
1475640789841,41
1475640790072,72
1475640790261,68
1475640790440,37
1475640790640,41
1475640790840,33
1475640791038,28
1475640791254,28
1475640791456,26
1475640791678,25
1475640791838,27
1475640792037,30
1475640792236,28
1475640792453,28
1475640792635,28
1475640792844,28
1475640793055,25
1475640793258,23
1475640793437,24
1475640793635,25
1475640793837,30
1475640794033,31
1475640794270,31
1475640794438,28
1475640794649,30
1475640794832,33
1475640795031,33
1475640795231,33
1475640795430,36
1475640795629,33
1475640795862,33
1475640796029,47
1475640796229,61
1475640796428,73
1475640796627,79
1475640796826,84
1475640797027,87
1475640797231,74
1475640797445,54
1475640797626,44
1475640797825,51
1475640798026,82
1475640798225,105
1475640798424,105
1475640798623,105
1475640798834,98
1475640799042,98
1475640799224,67
1475640799423,52
1475640799622,61
1475640799822,78
1475640800021,96
1475640800236,98
1475640800424,71
1475640800619,37
1475640800819,38
1475640801018,56
1475640801218,80
1475640801418,81
1475640801617,65
1475640801834,44
1475640802021,26
1475640802226,26
1475640802417,37
1475640802616,56
1475640802816,48
1475640803015,36
1475640803214,28
1475640803427,22
1475640803623,23
1475640803814,25
1475640804014,25
1475640804213,23
1475640804413,21
1475640804613,18
1475640804815,16
1475640805027,18
1475640805211,20
1475640805410,20
1475640805610,21
1475640805809,25
1475640806010,18
1475640806231,18
1475640806409,16
1475640806608,34
1475640806808,46
1475640807008,49
1475640807206,54
1475640807406,53
1475640807606,51
1475640807825,46
1475640808005,50
1475640808207,51
1475640808404,56
1475640808604,56
1475640808840,62
1475640809015,66
1475640809204,59
1475640809402,53
1475640809602,56
1475640809801,66
1475640810002,77
1475640810221,73
1475640810400,72
1475640810602,59
1475640810800,47
1475640811000,50
1475640811199,72
1475640811398,96
1475640811598,96
1475640811828,105
1475640811998,109
1475640812197,101
1475640812397,79
1475640812596,70
1475640812806,72
1475640813003,89
1475640813217,120
1475640813395,134
1475640813595,133
1475640813794,115
1475640813993,90
1475640814206,79
1475640814411,90
1475640814640,118
1475640814792,118
1475640814992,140
1475640815190,139
1475640815391,113
1475640815590,73
1475640815789,51
1475640816005,74
1475640816193,91
1475640816408,63
1475640816589,43
1475640816787,33
1475640816988,30
1475640817187,36
1475640817386,39
1475640817596,38
1475640817798,39
1475640817998,39
1475640818186,41
1475640818385,41
1475640818584,46
1475640818783,46
1475640818995,46
1475640819202,47
1475640819382,48
1475640819582,45
1475640819782,41
1475640819982,39
1475640820181,42
1475640820380,47
1475640820599,51
1475640820780,52
1475640820980,53
1475640821180,53
1475640821378,49
1475640821578,45
1475640821795,45
1475640821979,48
1475640822178,49
1475640822376,52
1475640822576,52
1475640822789,44
1475640822980,43
1475640823184,51
1475640823375,61
1475640823574,63
1475640823774,72
1475640823973,70
1475640824173,61
1475640824386,61
1475640824592,63
1475640824773,74
1475640824972,84
1475640825171,91
1475640825371,91
1475640825570,91
1475640825771,71
1475640825969,62
1475640826185,72
1475640826388,102
1475640826569,122
1475640826767,128
1475640826967,102
1475640827167,76
1475640827379,66
1475640827571,66
1475640827767,69
1475640827969,90
1475640828183,108
1475640828364,120
1475640828564,102
1475640828764,80
1475640828988,61
1475640829164,50
1475640829366,51
1475640829562,60
1475640829762,64
1475640829971,64
1475640830180,67
1475640830400,53
1475640830560,33
1475640830760,33
1475640830960,33
1475640831158,33
1475640831360,35
1475640831574,38
1475640831799,37
1475640831958,38
1475640832159,41
1475640832358,43
1475640832556,44
1475640832757,46
1475640832970,46
1475640833175,47
1475640833354,48
1475640833554,45
1475640833754,41
1475640833954,41
1475640834164,39
1475640834354,39
1475640834554,43
1475640834753,49
1475640834951,52
1475640835151,51
1475640835361,49
1475640835554,45
1475640835750,44
1475640835951,46
1475640836150,53
1475640836349,54
1475640836548,58
1475640836749,57
1475640836965,50
1475640837150,50
1475640837347,53
1475640837547,50
1475640837747,64
1475640837946,79
1475640838145,85
1475640838345,84
1475640838549,79
1475640838744,72
1475640838982,73
1475640839157,74
1475640839344,94
1475640839543,110
1475640839743,106
1475640839946,95
1475640840144,76
1475640840360,76
1475640840542,77
1475640840755,89
1475640840939,109
1475640841140,119
1475640841339,113
1475640841539,99
1475640841738,80
1475640841945,66
1475640842139,68
1475640842382,82
1475640842537,97
1475640842738,107
1475640842937,93
1475640843135,62
1475640843336,36
1475640843585,36
1475640843734,29
1475640843936,30
1475640844134,41
1475640844333,47
1475640844533,36
1475640844745,27
1475640844981,21
1475640845132,18
1475640845332,18
1475640845535,21
1475640845730,21
1475640845930,20
1475640846143,17
1475640846348,17
1475640846544,21
1475640846729,21
1475640846928,17
1475640847129,18
1475640847328,18
1475640847527,18
1475640847741,43
1475640847941,51
1475640848125,46
1475640848326,42
1475640848526,46
1475640848724,58
1475640848925,60
1475640849128,59
1475640849327,56
1475640849540,46
1475640849775,42
1475640849924,42
1475640850123,48
1475640850322,59
1475640850536,68
1475640850720,74
1475640850936,72
1475640851135,60
1475640851320,56
1475640851518,56
1475640851719,68
1475640851918,85
1475640852126,90
1475640852322,82
1475640852518,74
1475640852717,73
1475640852917,80
1475640853115,80
1475640853326,91
1475640853533,97
1475640853734,87
1475640853916,68
1475640854114,57
1475640854316,58
1475640854539,63
1475640854737,73
1475640854914,87
1475640855112,92
1475640855311,72
1475640855511,43
1475640855725,30
1475640855910,27
1475640856121,27
1475640856329,30
1475640856510,45
1475640856708,42
1475640856909,30
1475640857109,26
1475640857307,25
1475640857520,34
1475640857725,36
1475640857964,34
1475640858106,37
1475640858306,41
1475640858524,42
1475640858704,42
1475640858917,43
1475640859105,43
1475640859304,43
1475640859503,42
1475640859704,41
1475640859913,40
1475640860117,40
1475640860301,45
1475640860502,46
1475640860702,46
1475640860900,41
1475640861100,36
1475640861316,38
1475640861519,44
1475640861700,51
1475640861898,51
1475640862099,46
1475640862298,42
1475640862498,42
1475640862697,36
1475640862897,35
1475640863113,42
1475640863343,41
1475640863496,39
1475640863696,41
1475640863896,59
1475640864094,68
1475640864295,75
1475640864507,75
1475640864712,60
1475640864893,54
1475640865094,65
1475640865292,84
1475640865494,95
1475640865713,95
1475640865890,96
1475640866090,84
1475640866309,69
1475640866560,64
1475640866689,70
1475640866890,89
1475640867089,110
1475640867288,111
1475640867495,91
1475640867699,71
1475640867928,60
1475640868089,60
1475640868285,65
1475640868485,91
1475640868685,104
1475640868897,104
1475640869100,77
1475640869284,57
1475640869495,44
1475640869685,44
1475640869884,68
1475640870086,101
1475640870281,79
1475640870493,41
1475640870700,36
1475640870925,33
1475640871080,31
1475640871280,36
1475640871480,33
1475640871679,33
1475640871894,36
1475640872097,36
1475640872278,38
1475640872478,37
1475640872677,40
1475640872877,43
1475640873076,42
1475640873276,43
1475640873485,41
1475640873736,38
1475640873875,36
1475640874077,39
1475640874276,46
1475640874476,46
1475640874674,48
1475640874873,48
1475640875084,43
1475640875305,43
1475640875474,38
1475640875672,38
1475640875871,46
1475640876088,52
1475640876271,59
1475640876489,61
1475640876689,55
1475640876869,51
1475640877070,43
1475640877277,55
1475640877468,67
1475640877667,74
1475640877882,77
1475640878114,72
1475640878267,62
1475640878465,62
1475640878665,49
1475640878866,56
1475640879089,80
1475640879264,92
1475640879473,97
1475640879683,93
1475640879882,81
1475640880062,69
1475640880262,81
1475640880462,105
1475640880661,116
1475640880862,113
1475640881080,93
1475640881277,67
1475640881460,54
1475640881660,54
1475640881860,71
1475640882058,88
1475640882258,99
1475640882500,82
1475640882657,56
1475640882857,36
1475640883057,43
1475640883256,74
1475645699955,80
1475645700156,71
1475645700354,72
1475645700556,105
1475645700763,165
1475645700954,181
1475645701166,103
1475645701375,40
1475645701552,36
1475645701752,24
1475645701952,23
1475645702150,23
1475645702350,31
1475645702561,43
1475645702767,54
1475645702949,63
1475645703150,69
1475645703351,64
1475645703549,71
1475645703749,46
1475645703948,25
1475645704147,21
1475645704346,20
1475645704546,21
1475645704759,24
1475645704964,30
1475645705145,30
1475645705345,34
1475645705544,27
1475645705743,20
1475645705944,14
1475645706143,12
1475645706342,14
1475645706550,15
1475645706744,15
1475645706956,17
1475645707142,30
1475645707341,31
1475645707542,19
1475645707740,15
1475645707939,15
1475645708139,15
1475645708349,20
1475645708550,29
1475645708751,18
1475645708956,17
1475645709139,16
1475645709340,17
1475645709537,18
1475645709738,24
1475645709936,30
1475645710150,27
1475645710348,22
1475645710536,20
1475645710736,20
1475645710935,24
1475645711134,24
1475645711333,46
1475645711534,61
1475645711743,71
1475645711950,79
1475645712133,101
1475645712331,114
1475645712530,115
1475645712731,61
1475645712930,46
1475645713129,34
1475645713345,52
1475645713547,84
1475645713737,107
1475645713929,115
1475645714128,128
1475645714328,128
1475645714526,107
1475645714726,48
1475645714940,48
1475645715144,72
1475645715327,119
1475645715526,132
1475645715725,121
1475645715924,106
1475645716123,108
1475645716325,130
1475645716541,128
1475645716723,119
1475645716922,96
1475645717121,85
1475645717321,85
1475645717530,81
1475645717739,77
1475645717921,84
1475645718120,124
1475645718320,135
1475645718519,115
1475645718718,95
1475645718921,79
1475645719136,72
1475645719317,79
1475645719516,107
1475645719717,113
1475645719916,120
1475645720115,78
1475645720326,78
1475645720518,36
1475645720728,68
1475645720914,144
1475645721113,146
1475645721313,87
1475645721513,55
1475645721712,52
1475645721911,54
1475645722130,61
1475645722330,64
1475645722510,64
1475645722710,64
1475645722912,59
1475645723109,57
1475645723309,57
1475645723515,55
1475645723727,54
1475645723909,52
1475645724107,48
1475645724308,46
1475645724506,49
1475645724706,66
1475645724921,58
1475645725115,38
1475645725306,38
1475645725505,31
1475645725705,37
1475645725904,38
1475645726105,42
1475645726322,42
1475645726502,43
1475645726702,49
1475645726903,48
1475645727102,28
1475645727301,25
1475645727500,30
1475645727717,56
1475645727909,74
1475645728100,80
1475645728299,84
1475645728502,74
1475645728699,52
1475645728909,46
1475645729117,43
1475645729298,37
1475645729498,37
1475645729697,38
1475645729896,43
1475645730095,46
1475645730306,51
1475645730510,51
1475645730695,46
1475645730895,49
1475645731094,48
1475645731293,43
1475645731492,40
1475645731692,34
1475645731905,34
1475645732111,59
1475645732291,87
1475645732491,87
1475645732691,61
1475645732891,43
1475645733090,41
1475645733289,54
1475645733497,56
1475645733699,46
1475645733907,30
1475645734089,21
1475645734288,37
1475645734487,128
1475645734686,162
1475645734895,141
1475645735105,122
1475645735286,110
1475645735485,110
1475645735685,146
1475645735884,175
1475645736083,167
1475645736292,149
1475645736487,147
1475645736690,136
1475645736883,113
1475645737082,96
1475645737282,84
1475645737481,84
1475645737680,113
1475645737891,151
1475645738094,139
1475645738280,120
1475645738479,120
1475645738679,116
1475645738880,111
1475645739079,87
1475645739278,27
1475645739487,51
1475645739690,75
1475645739877,85
1475645740077,85
1475645740277,71
1475645740475,64
1475645740675,81
1475645740874,93
1475645741074,103
1475645741292,110
1475645741474,110
1475645741674,111
1475645741873,93
1475645742072,61
1475645742272,38
1475645742472,34
1475645742690,44
1475645742870,59
1475645743071,65
1475645743270,47
1475645743470,33
1475645743669,23
1475645743880,23
1475645744081,30
1475645744269,41
1475645744469,48
1475645744668,48
1475645744867,43
1475645745067,46
1475645745265,30
1475645745465,21
1475645745684,19
1475645745878,28
1475645746065,34
1475645746265,49
1475645746463,56
1475645746664,52
1475645746862,72
1475645747062,48
1475645747264,38
1475645747481,34
1475645747661,34
1475645747861,28
1475645748060,39
1475645748260,51
1475645748459,37
1475645748659,27
1475645748875,32
1475645749078,52
1475645749260,72
1475645749457,77
1475645749659,70
1475645749858,63
1475645750056,74
1475645750255,74
1475645750466,77
1475645750675,77
1475645750856,83
1475645751055,89
1475645751255,105
1475645751455,118
1475645751654,115
1475645751857,100
1475645752062,69
1475645752271,52
1475645752453,35
1475645752654,49
1475645752853,66
1475645753050,88
1475645753250,92
1475645753464,76
1475645753666,76
1475645753850,58
1475645754049,37
1475645754252,30
1475645754449,52
1475645754649,89
1475645754848,106
1475645755058,117
1475645755265,143
1475645755448,149
1475645755647,146
1475645755846,144
1475645756045,141
1475645756245,138
1475645756452,133
1475645756651,133
1475645756862,114
1475645757043,123
1475645757242,132
1475645757443,122
1475645757642,102
1475645757841,88
1475645758049,80
1475645758250,82
1475645758452,97
1475645758640,108
1475645758839,108
1475645759040,102
1475645759238,90
1475645759438,81
1475645759637,93
1475645759849,93
1475645760055,123
1475645760237,150
1475645760436,155
1475645760636,131
1475645760835,110
1475645761034,97
1475645761234,115
1475645761436,161
1475645761637,166
1475645761852,153
1475645762032,148
1475645762232,143
1475645762432,129
1475645762633,110
1475645762831,110
1475645763045,99
1475645763249,92
1475645763430,85
1475645763630,78
1475645763830,80
1475645764029,98
1475645764229,117
1475645764427,87
1475645764629,71
1475645764838,64
1475645765031,63
1475645765227,61
1475645765427,66
1475645765626,88
1475645765825,88
1475645766041,105
1475645766243,110
1475645766424,79
1475645766624,62
1475645766824,65
1475645767023,77
1475645767222,83
1475645767443,87
1475645767621,90
1475645767832,78
1475645768036,78
1475645768220,66
1475645768420,64
1475645768619,97
1475645768820,146
1475645769019,146
1475645769219,151
1475645769418,133
1475645769619,119
1475645769828,122
1475645770036,136
1475645770217,132
1475645770417,113
1475645770616,115
1475645770816,111
1475645771015,98
1475645771214,87
1475645771415,75
1475645771621,64
1475645771814,64
1475645772013,64
1475645772213,64
1475645772412,69
1475645772613,70
1475645772833,61
1475645773012,66
1475645773210,69
1475645773410,68
1475645773609,90
1475645773809,105
1475645774019,82
1475645774228,63
1475645774408,59
1475645774608,46
1475645774815,43
1475645775009,43
1475645775206,44
1475645775407,47
1475645775615,74
1475645775806,92
1475645776005,110
1475645776205,102
1475645776404,92
1475645776604,90
1475645776807,85
1475645777008,75
1475645777211,69
1475645777405,73
1475645777603,82
1475645777805,86
1475645778004,77
1475645778202,77
1475645778413,74
1475645778600,76
1475645778800,77
1475645779000,87
1475645779199,88
1475645779399,82
1475645779598,69
1475645779799,66
1475645780006,70
1475645780198,65
1475645780396,56
1475645780597,49
1475645780796,48
1475645780995,51
1475645781195,51
1475645781401,58
1475645781595,64
1475645781794,69
1475645781993,90
1475645782192,105
1475645782396,95
1475645782598,85
1475645782793,82
1475645782992,79
1475645783191,69
1475645783391,59
1475645783590,72
1475645783790,99
1475645783989,87
1475645784195,87
1475645784389,64
1475645784591,54
1475645784789,42
1475645784988,46
1475645785187,101
1475645785392,129
1475645785587,120
1475645785787,112
1475645785986,108
1475645786185,116
1475645786384,125
1475645786590,84
1475645786785,10
1475645786984,23
1475645787184,48
1475645787383,48
1475645787583,59
1475645787782,59
1475645787982,41
1475645788186,41
1475645788391,69
1475645788581,91
1475645788780,95
1475645788980,64
1475645789180,36
1475645789379,29
1475645789578,33
1475645789780,38
1475645789987,33
1475645790178,33
1475645790377,33
1475645790577,58
1475645790777,87
1475645790975,115
1475645791175,126
1475645791384,99
1475645791575,50
1475645791774,77
1475645791974,90
1475645792173,77
1475645792372,57
1475645792573,43
1475645792778,45
1475645792985,47
1475645793173,68
1475645793371,68
1475645793571,86
1475645793770,109
1475645793970,126
1475645794170,136
1475645794370,132
1475645794577,89
1475645794769,31
1475645794969,11
1475645795168,11
1475645795367,9
1475645795569,8
1475645795772,11
1475645795966,24
1475645796166,42
1475645796365,82
1475645796565,82
1475645796764,88
1475645796966,89
1475645797169,72
1475645797363,61
1475645797563,52
1475645797762,74
1475645797963,83
1475645798162,78
1475645798362,77
1475645798560,71
1475645798761,69
1475645798965,78
1475645799160,104
1475645799360,120
1475645799558,120
1475645799758,108
1475645799959,95
1475645800161,91
1475645800367,110
1475645800558,150
1475645800757,120
1475645800957,115
1475645801156,105
1475645801356,86
1475645801556,37
1475645801754,25
1475645801960,59
1475645802154,89
1475645802353,92
1475645802553,92
1475645802752,72
1475645802952,46
1475645803151,42
1475645803361,50
1475645803551,41
1475645803750,25
1475645803950,40
1475645804149,59
1475645804375,78
1475645804548,70
1475645804749,56
1475645804949,49
1475645805148,44
1475645805348,39
1475645805546,40
1475645805746,40
1475645805952,40
1475645806146,45
1475645806365,57
1475645806544,59
1475645806744,46
1475645806945,45
1475645807143,48
1475645807343,48
1475645807550,48
1475645807753,43
1475645807942,39
1475645808142,42
1475645808361,51
1475645808540,61
1475645808742,61
1475645808941,57
1475645809145,45
1475645809340,53
1475645809539,57
1475645809739,55
1475645809948,66
1475645810139,82
1475645810345,115
1475645810546,141
1475645810737,113
1475645810937,113
1475645811136,105
1475645811336,104
1475645811535,129
1475645811735,129
1475645811934,190
1475645812140,198
1475645812333,155
1475645812534,123
1475645812734,128
1475645812932,140
1475645813133,112
1475645813333,81
1475645813531,64
1475645813731,66
1475645813931,72
1475645814135,79
1475645814329,111
1475645814530,160
1475645814728,162
1475645814928,162
1475645815129,146
1475645815329,145
1475645815540,135
1475645815728,110
1475645815927,89
1475645816127,85
1475645816326,105
1475645816525,144
1475645816725,136
1475645816927,85
1475645817130,51
1475645817324,63
1475645817523,93
1475645817724,100
1475645817922,100
1475645818122,90
1475645818321,73
1475645818530,56
1475645818722,55
1475645818920,70
1475645819121,100
1475645819320,104
1475645819519,74
1475645819720,70
1475645819920,81
1475645820119,43
1475645820323,15
1475645820518,18
1475645820718,17
1475645820917,17
1475645821116,18
1475645821320,18
1475645821521,15
1475645821715,10
1475645821915,5
1475645822115,6
1475645822314,10
1475645822514,12
1475645822713,15
1475645822918,18
1475645823113,25
1475645823312,21
1475645823511,16
1475645823712,25
1475645823911,43
1475645824110,43
1475645824315,67
1475645824510,95
1475645824710,111
1475645824909,113
1475645825112,118
1475645825309,115
1475645825509,138
1475645825712,144
1475645825908,128
1475645826108,112
1475645826307,97
1475645826506,100
1475645826705,138
1475645826906,149
1475645827104,149
1475645827307,114
1475645827509,97
1475645827704,84
1475645827903,93
1475645828102,117
1475645828302,165
1475645828501,128
1475645828702,72
1475645828906,51
1475645829100,34
1475645829301,20
1475645829500,23
1475645829699,33
1475645829898,33
1475645830101,33
1475645830307,43
1475645830498,33
1475645830698,34
1475645830898,31
1475645831096,36
1475645831296,47
1475645831495,36
1475645831695,13
1475645831901,15
1475645832095,21
1475645832295,28
1475645832494,20
1475645832693,15
1475645832893,15
1475645833092,23
1475645833300,23
1475645833492,48
1475645833692,85
1475645833891,87
1475645834091,64
1475645834290,100
1475645834513,131
1475645834690,113
1475645834889,115
1475645835089,123
1475645835289,107
1475645835487,87
1475645835689,80
1475645835900,103
1475645836087,165
1475645836304,165
1475645836485,188
1475645836686,166
1475645836885,159
1475645837084,155
1475645837290,145
1475645837483,123
1475645837686,111
1475645837883,108
1475645838083,112
1475645838283,137
1475645838481,179
1475645838681,174
1475645838881,167
1475645839081,159
1475645839285,159
1475645839480,135
1475645839679,112
1475645839879,98
1475645840078,97
1475645840279,108
1475645840481,149
1475645840695,176
1475645840878,169
1475645841077,154
1475645841276,149
1475645841476,129
1475645841696,107
1475645841874,83
1475645842075,73
1475645842279,84
1475645842479,84
1475645842674,108
1475645842873,141
1475645843077,181
1475645843272,209
1475645843473,171
1475645843706,161
1475645843872,162
1475645844070,133
1475645844270,116
1475645844470,123
1475645844670,161
1475645844873,195
1475645845069,195
1475645845269,164
1475645845471,164
1475645845668,160
1475645845868,146
1475645846067,125
1475645846302,110
1475645846465,102
1475645846666,108
1475645846866,141
1475645847064,156
1475645847264,149
1475645847464,112
1475645847664,73
1475645847863,90
1475645848072,92
1475645848262,100
1475645848463,105
1475645848668,105
1475645848862,64
1475645849061,43
1475645849260,61
1475645849482,69
1475645849660,56
1475645849860,43
1475645850060,43
1475645850259,52
1475645850458,74
1475645850658,87
1475645850889,90
1475645851058,87
1475645851257,54
1475645851455,37
1475645851656,37
1475645851856,51
1475645852057,74
1475645852254,102
1475645852455,111
1475645852654,100
1475645852859,86
1475645853054,75
1475645853253,83
1475645853451,90
1475645853653,61
1475645853851,24
1475645854052,23
1475645854256,28
1475645854451,24
1475645854650,24
1475645854850,21
1475645855049,27
1475645855250,46
1475645855449,52
1475645855661,48
1475645855859,41
1475645856048,29
1475645856247,28
1475645856447,30
1475645856647,27
1475645856845,22
1475645857045,34
1475645857254,44
1475645857445,37
1475645857644,64
1475645857844,64
1475645858043,111
1475645858243,101
1475645858456,118
1475645858643,117
1475645858841,105
1475645859042,87
1475645859242,97
1475645859441,126
1475645859640,128
1475645859851,116
1475645860040,107
1475645860239,94
1475645860439,95
1475645860638,106
1475645860841,106
1475645861049,162
1475645861238,185
1475645861437,129
1475645861637,101
1475645861836,87
1475645862035,61
1475645862235,59
1475645862435,92
1475645862648,108
1475645862834,77
1475645863034,52
1475645863234,40
1475645863432,44
1475645863632,39
1475645863831,39
1475645864032,27
1475645864240,24
1475645864430,45
1475645864631,89
1475645864830,101
1475645865030,84
1475645865230,65
1475645865430,54
1475645865671,44
1475645865832,44
1475645866029,46
1475645866226,47
1475645866426,50
1475645866628,60
1475645866826,66
1475645867028,66
1475645867226,61
1475645867425,54
1475645867625,49
1475645867823,49
1475645868025,46
1475645868231,43
1475645868423,36
1475645868624,18
1475645868822,15
1475645869021,38
1475645869222,79
1475645869421,73
1475645869623,72
1475645869829,70
1475645870021,70
1475645870219,69
1475645870419,105
1475645870620,150
1475645870820,115
1475645871019,56
1475645871218,48
1475645871417,37
1475645871620,30
1475645871823,30
1475645872018,47
1475645872215,92
1475645872416,87
1475645872615,61
1475645872815,47
1475645873017,59
1475645873222,59
1475645873414,61
1475645873614,77
1475645873813,109
1475645874012,150
1475645874213,137
1475645874413,126
1475645874619,119
1475645874812,92
1475645875010,80
1475645875211,103
1475645875410,159
1475645875609,182
1475645875817,147
1475645876010,129
1475645876209,129
1475645876408,113
1475645876609,98
1475645876807,89
1475645877007,97
1475645877216,113
1475645877406,123
1475645877606,140
1475645877806,132
1475645878005,106
1475645878203,89
1475645878403,64
1475645878605,52
1475645878821,43
1475645879003,38
1475645879206,38
1475645879402,57
1475645879603,81
1475645879802,94
1475645880000,109
1475645880199,105
1475645880434,92
1475645880601,82
1475645880830,84
1475645881000,90
1475645881200,90
1475645881397,87
1475645881596,79
1475645881797,74
1475645882000,70
1475645882209,79
1475645882395,79
1475645882594,105
1475645882814,157
1475645882994,167
1475645883193,144
1475645883392,121
1475645883596,118
1475645883803,127
1475645883992,166
1475645884191,157
1475645884391,102
1475645884591,63
1475645884790,35
1475645884990,31
1475645885194,84
1475645885400,84
1475645885588,97
1475645885789,68
1475645885990,54
1475645886188,44
1475645886389,35
1475645886586,28
1475645886786,59
1475645887015,77
1475645887186,48
1475645887386,54
1475645887585,56
1475645887785,53
1475645887984,38
1475645888184,34
1475645888383,41
1475645888583,41
1475645888791,64
1475645889022,75
1475645889181,77
1475645889382,69
1475645889582,60
1475645889781,38
1475645889981,29
1475645890180,30
1475645890380,44
1475645890578,68
1475645890781,82
1475645890982,77
1475645891179,49
1475645891378,41
1475645891578,41
1475645891778,33
1475645891979,30
1475645892176,40
1475645892383,71
1475645892582,106
1475645892776,120
1475645892975,117
1475645893175,84
1475645893373,63
1475645893574,65
1475645893782,92
1475645893979,152
1475645894173,182
1475645894371,126
1475645894573,171
1475645894771,171
1475645894970,329
1475645895170,511
1475645895376,552
1475645895570,470
1475645895770,488
1475645895968,461
1475645896169,461
1475645896375,1069
1475645896577,1233
1475645896768,1206
1475645896967,1101
1475645897167,1269
1475645897366,1561
1475645897566,1518
1475645897765,1518
1475645897965,1348
1475645898165,1278
1475645898369,794
1475645898573,461
1475645898764,260
1475645898963,180
1475645899163,154
1475645899361,146
1475645899561,203
1475645899775,336
1475645899963,289
1475645900160,236
1475645900360,159
1475645900559,123
1475645900759,128
1475645900962,128
1475645901170,127
1475645901359,138
1475645901559,284
1475645901758,421
1475645901957,242
1475645902157,152
1475645902357,118
1475645902555,120
1475645902760,133
1475645902960,146
1475645903154,112
1475645903354,115
1475645903554,146
1475645903753,186
1475645903953,186
1475645904153,185
1475645904352,197
1475645904551,172
1475645904752,162
1475645904952,167
1475645905159,223
1475645905352,336
1475645905551,223
1475645905750,128
1475645905949,74
1475645906149,69
1475645906359,83
1475645906559,110
1475645906749,132
1475645906947,132
1475645907148,134
1475645907347,120
1475645907545,129
1475645907745,133
1475645907946,157
1475645908148,198
1475645908352,198
1475645908545,160
1475645908744,128
1475645908943,122
1475645909143,125
1475645909342,146
1475645909547,168
1475645909743,183
1475645909941,258
1475645910141,258
1475645910340,283
1475645910540,241
1475645910745,187
1475645910944,154
1475645911139,161
1475645911338,318
1475645911538,329
1475645911738,343
1475645911940,224
1475645912144,167
1475645912337,144
1475645912536,141
1475645912736,196
1475645912936,214
1475645913135,214
1475645913335,197
1475645913534,164
1475645913733,138
1475645913957,120
1475645914133,117
1475645914333,188
1475645914532,308
1475645914731,281
1475645914938,192
1475645915139,165
1475645915331,135
1475645915530,108
1475645915729,92
1475645915930,102
1475645916128,126
1475645916328,126
1475645916529,136
1475645916729,121
1475645916928,113
1475645917127,119
1475645917327,113
1475645917526,110
1475645917726,105
1475645917925,87
1475645918125,69
1475645918324,61
1475645918524,77
1475645918723,105
1475645918924,68
1475645919123,46
1475645919322,46
1475645919522,38
1475645919722,38
1475645919926,37
1475645920120,44
1475645920373,68
1475645920519,76
1475645920720,84
1475645920920,59
1475645921119,40
1475645921318,33
1475645921518,38
1475645921726,48
1475645921917,43
1475645922121,60
1475645922316,44
1475645922516,44
1475645922715,33
1475645922915,38
1475645923119,50
1475645923319,52
1475645923514,48
1475645923713,44
1475645923914,46
1475645924112,43
1475645924312,72
1475645924513,108
1475645924712,95
1475645924920,62
1475645925111,60
1475645925311,58
1475645925510,58
1475645925709,46
1475645925909,61
1475645926108,63
1475645926314,57
1475645926513,70
1475645926709,100
1475645926907,107
1475645927108,98
1475645927306,92
1475645927506,86
1475645927706,84
1475645927905,92
1475645928117,105
1475645928305,93
1475645928504,108
1475645928704,108
1475645928903,103
1475645929103,100
1475645929302,90
1475645929502,64
1475645929708,61
1475645929910,61
1475645930102,58
1475645930300,56
1475645930500,57
1475645930699,59
1475645930899,75
1475645931102,79
1475645931310,77
1475645931499,76
1475645931699,76
1475645931899,90
1475645932098,126
1475645932297,167
1475645932496,177
1475645932696,151
1475645932896,128
1475645933104,124
1475645933305,120
1475645933496,95
1475645933694,76
1475645933895,72
1475645934093,87
1475645934293,107
1475645934494,109
1475645934692,89
1475645934905,89
1475645935092,69
1475645935293,82
1475645935490,92
1475645935691,77
1475645935892,69
1475645936091,76
1475645936289,102
1475645936490,127
1475645936690,116
1475645936890,105
1475645937096,113
1475645937289,92
1475645937486,61
1475645937687,39
1475645937886,39
1475645938094,43
1475645938293,66
1475645938486,96
1475645938686,105
1475645938886,108
1475645939084,118
1475645939284,112
1475645939491,99
1475645939684,82
1475645939883,80
1475645940083,112
1475645940283,170
1475645940482,164
1475645940681,141
1475645940881,128
1475645941079,128
1475645941283,105
1475645941489,84
1475645941680,76
1475645941879,94
1475645942080,126
1475645942299,163
1475645942476,167
1475645942679,155
1475645942885,152
1475645943077,144
1475645943274,128
1475645943474,114
1475645943675,100
1475645943874,125
1475645944097,125
1475645944281,125
1475645944473,100
1475645944672,80
1475645944872,63
1475645945072,72
1475645945271,102
1475645945471,117
1475645945678,105
1475645945875,64
1475645946088,47
1475645946269,33
1475645946468,24
1475645946669,16
1475645946869,15
1475645947068,27
1475645947267,27
1475645947476,38
1475645947667,56
1475645947869,65
1475645948066,77
1475645948265,79
1475645948465,64
1475645948675,54
1475645948865,48
1475645949064,60
1475645949264,72
1475645949464,78
1475645949663,100
1475645949862,118
1475645950069,126
1475645950261,126
1475645950462,108
1475645950661,90
1475645950860,93
1475645951060,99
1475645951259,121
1475645951466,123
1475645951659,126
1475645951858,131
1475645952059,147
1475645952257,157
1475645952458,135
1475645952657,133
1475645952865,132
1475645953063,117
1475645953256,118
1475645953455,118
1475645953655,141
1475645953855,183
1475645954055,164
1475645954253,132
1475645954460,120
1475645954653,113
1475645954853,110
1475645955052,121
1475645955252,159
1475645955451,146
1475645955651,117
1475645955850,104
1475645956055,100
1475645956250,114
1475645956449,114
1475645956649,164
1475645956850,215
1475645957049,177
1475645957250,101
1475645957455,66
1475645957647,55
1475645957847,46
1475645958047,26
1475645958246,15
1475645958445,31
1475645958646,53
1475645958852,61
1475645959045,46
1475645959244,30
1475645959444,21
1475645959642,21
1475645959843,15
1475645960042,12
1475645960243,13
1475645960447,15
1475645960641,20
1475645960854,15
1475645961044,12
1475645961240,12
1475645961440,14
1475645961640,13
1475645961839,15
1475645962038,20
1475645962247,33
1475645962438,61
1475645962638,61
1475645962837,56
1475645963036,31
1475645963235,24
1475645963435,30
1475645963646,30
1475645963834,12
1475645964035,11
1475645964235,12
1475645964433,20
1475645964633,48
1475645964832,74
1475645965039,48
1475645965241,49
1475645965431,82
1475645965632,106
1475645965831,106
1475645966030,101
1475645966231,92
1475645966429,76
1475645966638,86
1475645966838,129
1475645967029,138
1475645967229,105
1475645967427,109
1475645967628,110
1475645967829,95
1475645968032,76
1475645968227,66
1475645968425,78
1475645968626,111
1475645968825,111
1475645969024,148
1475645969224,154
1475645969430,150
1475645969632,140
1475645969824,121
1475645970023,112
1475646296579,112
1475646296786,100
1475646296985,62
1475646297178,54
1475646297378,80
1475646297578,95
1475646297777,105
1475646297976,105
1475646298179,90
1475646298384,102
1475646298575,120
1475646298775,144
1475646298973,163
1475646299174,152
1475646299373,148
1475646299572,159
1475646299772,153
1475646299971,150
1475646300180,144
1475646300370,159
1475646300571,154
1475646300770,135
1475646300970,135
1475646301170,121
1475646301369,136
1475646301575,144
1475646301782,142
1475646301969,147
1475646302168,148
1475646302367,143
1475646302566,136
1475646302766,140
1475646302966,157
1475646303165,151
1475646303371,138
1475646303570,144
1475646303765,136
1475646303964,146
1475646304163,146
1475646304362,146
1475646304564,146
1475646304770,149
1475646304962,148
1475646305161,142
1475646305362,140
1475646305560,147
1475646305760,148
1475646305960,143
1475646306161,147
1475646306374,157
1475646306559,162
1475646306760,150
1475646306959,156
1475646307158,158
1475646307356,158
1475646307557,154
1475646307762,157
1475646307957,158
1475646308156,151
1475646308356,146
1475646308555,143
1475646308754,154
1475646308954,156
1475646309162,164
1475646309360,164
1475646309553,156
1475646309752,159
1475646309953,161
1475646310152,156
1475646310350,156
1475646310553,159
1475646310756,164
1475646310950,161
1475646311150,160
1475646311349,164
1475646311549,162
1475646311750,154
1475646311949,156
1475646312150,160
1475646312358,156
1475646312547,157
1475646312747,159
1475646312947,159
1475646313145,160
1475646313345,165
1475646313556,165
1475646313746,165
1475646313945,159
1475646314144,163
1475646314344,164
1475646314543,159
1475646314742,162
1475646314945,173
1475646315142,179
1475646315351,165
1475646315543,147
1475646315740,146
1475646315942,154
1475646316140,156
1475646316339,164
1475646316542,161
1475646316740,161
1475646316940,162
1475646317138,168
1475646317338,167
1475646317539,164
1475646317737,164
1475646317936,166
1475646318135,158
1475646318341,159
1475646318537,163
1475646318740,159
1475646318935,168
1475646319136,149
1475646319334,146
1475646319532,161
1475646319733,161
1475646319932,163
1475646320139,180
1475646320331,168
1475646320531,151
1475646320731,142
1475646320931,131
1475646321130,136
1475646321329,124
1475646321530,113
1475646321733,110
1475646321929,131
1475646322129,156
1475646322328,180
1475646322527,191
1475646322727,180
1475646322926,180
1475646323126,150
1475646323331,133
1475646323526,141
1475646323725,148
1475646323925,148
1475646333141,154
1475646333306,154
1475646333506,149
1475646333706,149
1475646333904,149
1475646334104,174
1475646334312,156
1475646334503,167
1475646334704,145
1475646334902,113
1475646335102,113
1475646335302,113
1475646335501,120
1475646335704,150
1475646335903,161
1475646336106,162
1475646336301,162
1475646336500,165
1475646336700,172
1475646336899,137
1475646337099,137
1475646337299,148
1475646337499,152
1475646337700,141
1475646337906,138
1475646338097,150
1475646338297,179
1475646338496,156
1475646338695,133
1475646338894,129
1475646339100,131
1475646339300,143
1475646339494,146
1475646339694,139
1475646339893,146
1475646340093,146
1475646340298,165
1475646340497,172
1475646340699,174
1475646340892,180
1475646341091,176
1475646341290,144
1475646341490,117
1475646341689,106
1475646341892,109
1475646342094,139
1475646342289,150
1475646342488,149
1475646342688,152
1475646342888,162
1475646343086,162
1475646343287,162
1475646343485,162
1475646343695,165
1475646343886,167
1475646344085,163
1475646344285,169
1475646344484,176
1475646344685,167
1475646344882,145
1475646345083,132
1475646345288,120
1475646345483,124
1475646345683,148
1475646345881,157
1475646346081,149
1475646346280,151
1475646346480,151
1475646346682,149
1475646346888,145
1475646347081,149
1475646347280,156
1475646347481,156
1475646347679,153
1475646347879,152
1475646348086,153
1475646348278,154
1475646348476,158
1475646348677,161
1475646348877,159
1475646349076,160
1475646349275,164
1475646349473,164
1475646349679,162
1475646349875,154
1475646350073,155
1475646350273,156
1475646350471,150
1475646350676,154
1475646350876,160
1475646351070,157
1475646351271,156
1475646351470,166
1475646351670,172
1475646351869,154
1475646352068,137
1475646352273,143
1475646352479,144
1475646352668,144
1475646352868,144
1475646353071,149
1475646353267,148
1475646353465,141
1475646353665,137
1475646353868,138
1475646354065,135
1475646354271,145
1475646354465,160
1475646354664,167
1475646354864,171
1475646355064,181
1475646355262,176
1475646355469,154
1475646355662,154
1475646355862,132
1475646356062,134
1475646356261,143
1475646356460,151
1475646356660,156
1475646356867,162
1475646357060,159
1475646357259,163
1475646357461,161
1475646357659,151
1475646357859,156
1475646358064,159
1475646358257,155
1475646358457,157
1475646358656,162
1475646358855,162
1475646359074,162
1475646359261,162
1475646359455,172
1475646359654,172
1475646359855,152
1475646360054,133
1475646360253,123
1475646360453,129
1475646360661,149
1475646360856,154
1475646361052,159
1475646361250,154
1475646361451,152
1475646361649,153
1475646361852,149
1475646362050,149
1475646362250,161
1475646362458,162
1475646362649,162
1475646362848,162
1475646363048,167
1475646363247,165
1475646363447,159
1475646363646,163
1475646363847,164
1475646364056,158
1475646364250,156
1475646364445,150
1475646364644,136
1475646364844,129
1475646365043,129
1475646365243,138
1475646365443,138
1475646365645,123
1475646365852,124
1475646366041,121
1475646366241,102
1475646366441,93
1475646366640,98
1475646366840,117
1475646367041,146
1475646367242,164
1475646367460,167
1475646367638,162
1475646367839,165
1475646368038,169
1475646368238,169
1475646368437,167
1475646368636,166
1475646368841,172
1475646369036,169
1475646369235,162
1475646369435,168
1475646369635,176
1475646369834,170
1475646370041,174
1475646370233,181
1475646370432,174
1475646370633,145
1475646370831,123
1475646371031,145
1475646371240,132
1475646371430,132
1475646371631,137
1475646371833,144
1475646372030,145
1475646372229,156
1475646372432,174
1475646372639,172
1475646372830,149
1475646373029,131
1475646373229,131
1475646373426,138
1475646373626,143
1475646373839,153
1475646374031,153
1475646374227,149
1475646374424,149
1475646374626,155
1475646374825,157
1475646375024,152
1475646375223,157
1475646375423,161
1475646375623,159
1475646375827,162
1475646376021,167
1475646376222,166
1475646376421,165
1475646376621,174
1475646376820,169
1475646377019,137
1475646377231,128
1475646377419,150
1475646377620,150
1475646377820,155
1475646378019,156
1475646378217,167
1475646378418,169
1475646378619,162
1475646378820,163
1475646379024,165
1475646379216,160
1475646379414,165
1475646379615,174
1475646379814,172
1475646380014,168
1475646380213,172
1475646380412,174
1475646380612,170
1475646380813,170
1475646381020,170
1475646381212,169
1475646381411,165
1475646381611,169
1475646381810,167
1475646382010,166
1475646382209,167
1475646382408,168
1475646382610,143
1475646382817,125
1475646383014,139
1475646383208,148
1475646383407,146
1475646383606,150
1475646383807,150
1475646384006,162
1475646384206,164
1475646384413,162
1475646384612,169
1475646384805,174
1475646385004,166
1475646385203,151
1475646385403,133
1475646385604,144
1475646385812,132
1475646386002,136
1475646386202,146
1475646386401,154
1475646386604,149
1475646386802,143
1475646387006,143
1475646387200,140
1475646387399,137
1475646387599,162
1475646387800,171
1475646387999,159
1475646388198,162
1475646388401,157
1475646388606,145
1475646388797,149
1475646388997,152
1475646389196,149
1475646389395,151
1475646389596,175
1475646389800,178
1475646389995,154
1475646390194,154
1475646390394,138
1475646390592,128
1475646390805,136
1475646390991,141
1475646391191,156
1475646391392,161
1475646391591,156
1475646391790,164
1475646391991,162
1475646392189,155
1475646392389,167
1475646392591,171
1475646392798,153
1475646392989,148
1475646393189,148
1475646393388,159
1475646393586,159
1475646393786,159
1475646393986,168
1475646394186,176
1475646394397,169
1475646394585,172
1475646394785,178
1475646394985,175
1475646395184,174
1475646395384,181
1475646395583,183
1475646395782,174
1475646395984,172
1475646396191,161
1475646396382,161
1475646396581,152
1475646396781,167
1475646396981,168
1475646397180,169
1475646397383,169
1475646397591,174
1475646397780,171
1475646397979,164
1475646398179,169
1475646398378,170
1475646398578,169
1475646398779,172
1475646398988,180
1475646399178,183
1475646399377,183
1475646399577,180
1475646399776,179
1475646399975,164
1475646400174,148
1475646400384,154
1475646400575,156
1475646400773,157
1475646400974,156
1475646401173,161
1475646401372,164
1475646401572,164
1475646401774,172
1475646401975,181
1475646402170,174
1475646402370,169
1475646402570,169
1475646402770,171
1475646402970,168
1475646403169,156
1475646403377,166
1475646403568,170
1475646403770,170
1475646403967,173
1475646404167,164
1475646404366,146
1475646404573,144
1475646404776,161
1475646404965,167
1475646405164,168
1475646405365,176
1475646405563,182
1475646405763,182
1475646405962,170
1475646406162,158
1475646406372,145
1475646406562,142
1475646406761,148
1475646406960,149
1475646407160,150
1475646407369,149
1475646407584,158
1475646407759,167
1475646407959,162
1475646408158,166
1475646408358,170
1475646408568,165
1475646408766,165
1475646408956,160
1475646409157,167
1475646409356,168
1475646409556,159
1475646409755,153
1475646409954,143
1475646410154,134
1475646410367,140
1475646410554,153
1475646410753,153
1475646410953,156
1475646411152,166
1475646411354,169
1475646411561,164
1475646411752,169
1475646411950,169
1475646412150,169
1475646412350,166
1475646412558,169
1475646412759,179
1475646412949,177
1475646413149,172
1475646413350,177
1475646413551,177
1475646413747,171
1475646413948,174
1475646414153,177
1475646414353,173
1475646414546,180
1475646414746,180
1475646414945,162
1475646415145,162
1475646415344,144
1475646415543,152
1475646415752,158
1475646415943,153
1475646416143,159
1475646416343,156
1475646416542,148
1475646416742,144
1475646416941,151
1475646417145,159
1475646417346,166
1475646417540,173
1475646417739,162
1475646417939,139
1475646418138,139
1475646418339,138
1475646418551,149
1475646418738,149
1475646418938,161
1475646419137,171
1475646419336,169
1475646419535,162
1475646419735,165
1475646419944,167
1475646420134,162
1475646420336,165
1475646420535,171
1475646420734,169
1475646420934,165
1475646421133,169
1475646421332,169
1475646421534,166
1475646421732,160
1475646421940,163
1475646422132,163
1475646422332,165
1475646422530,162
1475646422732,148
1475646422929,131
1475646423129,126
1475646423336,141
1475646423539,140
1475646423729,121
1475646423929,118
1475646424129,125
1475646424326,134
1475646424528,134
1475646424736,131
1475646424927,148
1475646425124,151
1475646425324,147
1475646425523,159
1475646425724,173
1475646425923,170
1475646426122,167
1475646426326,174
1475646426530,179
1475646426721,170
1475646426922,173
1475646427120,177
1475646427321,171
1475646427520,171
1475646427720,169
1475646427919,162
1475646428124,147
1475646428319,133
1475646428519,144
1475646428719,138
1475646428918,136
1475646429120,144
1475646429325,147
1475646429516,149
1475646429716,147
1475646429916,150
1475646430116,146
1475646430314,137
1475646430515,138
1475646430720,138
1475646430914,145
1475646431113,145
1475646431313,147
1475646431512,152
1475646431712,154
1475646431914,153
1475646432121,161
1475646432310,163
1475646432511,161
1475646432713,170
1475646432910,172
1475646433109,165
1475646433309,153
1475646433507,160
1475646433715,162
1475646433917,162
1475646434108,156
1475646434307,162
1475646434507,164
1475646434706,159
1475646434905,167
1475646435105,181
1475646435310,181
1475646435505,174
1475646435704,179
1475646435903,178
1475646436104,166
1475646436310,158
1475646436511,149
1475646436701,141
1475646436902,141
1475646437102,136
1475646437300,146
1475646437500,155
1475646437700,154
1475646437902,154
1475646438105,162
1475646438299,157
1475646438498,161
1475646438698,164
1475646438897,160
1475646439098,154
1475646439299,159
1475646439502,160
1475646439696,156
1475646439896,165
1475646440095,165
1475646440295,169
1475646440495,159
1475646440700,148
1475646440893,134
1475646441094,132
1475646441293,141
1475646441494,148
1475646441694,153
1475646441891,131
1475646442091,128
1475646442291,132
1475646442499,129
1475646442692,126
1475646442891,124
1475646443090,130
1475646443289,130
1475646443489,144
1475646443694,146
1475646443888,136
1475646444090,125
1475646444288,120
1475646444488,120
1475646444686,129
1475646444891,140
1475646445094,144
1475646445287,148
1475646445485,157
1475646445684,167
1475646445884,164
1475646446083,156
1475646446283,163
1475646446483,163
1475646446685,174
1475646446890,174
1475646447081,180
1475646447282,183
1475646447480,179
1475646447681,158
1475646447880,143
1475646448089,144
1475646448283,148
1475646448479,148
1475646448678,146
1475646448879,155
1475646449079,150
1475646449286,155
1475646449477,155
1475646449676,156
1475646449877,152
1475646450075,158
1475646450284,164
1475646450483,160
1475646450675,156
1475646450874,162
1475646451074,163
1475646451273,156
1475646451474,159
1475646451674,167
1475646451881,166
1475646452072,171
1475646452271,181
1475646452470,177
1475646452670,177
1475646452871,159
1475646453075,147
1475646453270,128
1475646453468,131
1475646453668,141
1475646453869,146
1475646454068,156
1475646454270,154
1475646454476,161
1475646454667,173
1475646454867,171
1475646455066,174
1475646455265,177
1475646455466,174
1475646455670,164
1475646455865,164
1475646456064,170
1475646456264,169
1475646456463,147
1475646456663,130
1475646456868,125
1475646457071,135
1475646457262,137
1475646457461,142
1475646457662,147
1475646457861,142
1475646458059,146
1475646458260,146
1475646458461,141
1475646458660,144
1475646458863,144
1475646459058,151
1475646459258,160
1475646459458,159
1475646459657,162
1475646459856,155
1475646460056,144
1475646460255,151
1475646460466,152
1475646460656,148
1475646460856,156
1475646461055,182
1475646461253,174
1475646461454,145
1475646461655,144
1475646461861,148
1475646462052,148
1475646462253,138
1475646462451,143
1475646462651,149
1475646462852,156
1475646463050,158
1475646463249,169
1475646463449,175
1475646463649,170
1475646463857,172
1475646464055,172
1475646464250,147
1475646464447,148
1475646464646,149
1475646464847,148
1475646465045,146
1475646465245,146
1475646465446,144
1475646465655,144
1475646465845,145
1475646466044,148
1475646466244,158
1475646466443,162
1475646466643,163
1475646466845,171
1475646467050,156
1475646467242,134
1475646467441,137
1475646467641,137
1475646467840,133
1475646468047,140
1475646468245,144
1475646468440,144
1475646468639,141
1475646468839,134
1475646469041,128
1475646469238,132
1475646469446,136
1475646469637,142
1475646469837,147
1475646470037,148
1475646470236,149
1475646470435,151
1475646470636,154
1475646470840,136
1475646471034,115
1475646471234,128
1475646471433,128
1475646471634,148
1475646471833,160
1475646472033,167
1475646472231,172
1475646472431,172
1475646472632,177
1475646472840,176
1475646473031,146
1475646473230,137
1475646473429,136
1475646473630,141
1475646473832,144
1475646474047,152
1475646474227,155
1475646474428,153
1475646474628,153
1475646474828,159
1475646475026,157
1475646475233,147
1475646475439,134
1475646475626,144
1475646475825,149
1475646476025,146
1475646476225,149
1475646476423,158
1475646476624,167
1475646476829,172
1475646477023,168
1475646477222,151
1475646477421,127
1475646477620,128
1475646477822,128
1475646478021,133
1475646478222,131
1475646478431,133
1475646478621,136
1475646478821,142
1475646479020,164
1475646479220,166
1475646479425,173
1475646479624,161
1475646479819,150
1475646480019,146
1475646480217,133
1475646480416,139
1475646480615,145
1475646480825,145
1475646481023,141
1475646481216,137
1475646481415,141
1475646481614,147
1475646481814,145
1475646482012,148
1475646482212,157
1475646482422,160
1475646482612,152
1475646482811,148
1475646483010,131
1475646483210,132
1475646483420,138
1475646483615,142
1475646483813,140
1475646484009,140
1475646484209,137
1475646484407,146
1475646484609,155
1475646484810,154
1475646485015,169
1475646485207,176
1475646485405,167
1475646485606,162
1475646485805,172
1475646486005,172
1475646486205,167
1475646486403,171
1475646486603,172
1475646486813,165
1475646487003,166
1475646487203,166
1475646487402,166
1475646487602,152
1475646487801,131
1475646488006,128
1475646488200,141
1475646488400,137
1475646488600,148
1475646488800,156
1475646488998,155
1475646489201,156
1475646489409,158
1475646489598,159
1475646489798,151
1475646489998,154
1475646490196,157
1475646490396,157
1475646490596,156
1475646490795,156
1475646490998,160
1475646491200,151
1475646491394,139
1475646491594,147
1475646491793,149
1475646491993,136
1475646492205,137
1475646492393,142
1475646492592,141
1475646492791,141
1475646492991,143
1475646493199,141
1475646493402,141
1475646493590,136
1475646493790,134
1475646493990,142
1475646494189,141
1475646494389,145
1475646494589,149
1475646494789,149
1475646494996,144
1475646495193,144
1475646495388,138
1475646495586,142
1475646495787,146
1475646495985,150
1475646496185,148
1475646496393,146
1475646496592,146
1475646496785,149
1475646496983,149
1475646497183,136
1475646497383,131
1475646497582,138
1475646497781,147
1475646497986,151
1475646498180,154
1475646498381,158
1475646498580,162
1475646498779,156
1475646498980,147
1475646499178,144
1475646499383,148
1475646499586,143
1475646499778,143
1475646499978,135
1475646500176,135
1475646500376,136
1475646500575,138
1475646500782,140
1475646500976,142
1475646501175,148
1475646501378,148
1475646501573,143
1475646501773,138
1475646501974,132
1475646502182,135
1475646502372,143
1475646502572,144
1475646502771,144
1475646502972,144
1475646503170,138
1475646503370,140
1475646503572,143
1475646503775,125
1475646503970,127
1475646504169,133
1475646504368,136
1475646504569,132
1475646504771,132
1475646504968,135
1475646505169,136
1475646505380,149
1475646505566,151
1475646505766,131
1475646505966,119
1475646506164,119
1475646506364,128
1475646506564,136
1475646506770,128
1475646506964,141
1475646507163,167
1475646507363,171
1475646507563,165
1475646507762,169
1475646507961,165
1475646508170,153
1475646508360,152
1475646508561,156
1475646508759,155
1475646508960,149
1475646509158,149
1475646509360,149
1475646509560,142
1475646509769,135
1475646509958,136
1475646510158,147
1475646510356,160
1475646510557,162
1475646510755,168
1475646510956,158
1475646511159,148
1475646511368,148
1475646511556,151
1475646511755,138
1475646511955,130
1475646512154,136
1475646512352,136
1475646512553,138
1475646512754,132
1475646512953,135
1475646513153,137
1475646513354,133
1475646513550,136
1475646513751,144
1475646513949,143
1475646514154,144
1475646514353,148
1475646514549,141
1475646514749,128
1475646514947,126
1475646515147,130
1475646515346,135
1475646515549,135
1475646515752,139
1475646515946,145
1475646516145,143
1475646516345,135
1475646516544,131
1475646516744,148
1475646516944,164
1475646517143,165
1475646517352,160
1475646517542,162
1475646517743,169
1475646517942,159
1475646518141,152
1475646518343,149
1475646518541,154
1475646518740,154
1475646518940,151
1475646519140,147
1475646519338,145
1475646519539,156
1475646519739,151
1475646519939,145
1475646520147,135
1475646520338,136
1475646520539,136
1475646520737,139
1475646520936,159
1475646521135,166
1475646521335,157
1475646521535,152
1475646521742,152
1475646521940,157
1475646522134,156
1475646522334,146
1475646522532,182
1475646522732,182
1475646522932,174
1475646523132,177
1475646523331,179
1475646523536,174
1475646523731,178
1475646523930,183
1475646524130,176
1475646524330,164
1475646524530,148
1475646524735,131
1475646524933,131
1475646525128,122
1475646525328,126
1475646525527,131
1475646525726,130
1475646525927,126
1475646526126,124
1475646526326,119
1475646526525,114
1475646526725,125
1475646526925,154
1475646527124,175
1475646527323,156
1475646527523,167
1475646527730,145
1475646527928,131
1475646528123,131
1475646528329,128
1475646528521,127
1475646528721,127
1475646528921,130
1475646529131,137
1475646529321,141
1475646529519,143
1475646529720,166
1475646529919,176
1475646530121,169
1475646530318,179
1475646530516,182
1475646530716,162
1475646530924,136
1475646531127,126
1475646531316,126
1475646531515,128
1475646531715,126
1475646531915,128
1475646532113,134
1475646532313,131
1475646532513,131
1475646532716,138
1475646532920,138
1475646533112,138
1475646533312,147
1475646533510,159
1475646533710,160
1475646533911,151
1475646534115,139
1475646534310,138
1475646534509,138
1475646534709,131
1475646534909,128
1475646535109,131
1475646535309,134
1475646535509,142
1475646535712,149
1475646535907,146
1475646536106,138
1475646536306,141
1475646536505,143
1475646536704,138
1475646536904,144
1475646537108,147
1475646537304,118
1475646537503,118
1475646537703,90
1475646537903,89
1475646538102,123
1475646538302,126
1475646538501,126
1475646538706,117
1475646538906,113
1475646539100,113
1475646539300,117
1475646539499,116
1475646539698,119
1475646539900,136
1475646540100,142
1475646540307,137
1475646540498,141
1475646540697,141
1475646540897,144
1475646541097,147
1475646541295,131
1475646541495,104
1475646541696,74
1475646541900,69
1475646542094,108
1475646542294,148
1475646542493,142
1475646542692,142
1475646542892,148
1475646543100,141
1475646543293,132
1475646543492,133
1475646543690,116
1475646543890,116
1475646544090,103
1475646544300,109
1475646544499,113
1475646544712,114
1475646544893,118
1475646545089,141
1475646545288,146
1475646545490,141
1475646545687,147
1475646545890,157
1475646546095,151
1475646546286,150
1475646546486,148
1475646546685,119
1475646546886,113
1475646547085,113
1475646547285,111
1475646547483,121
1475646547683,120
1475646547883,128
1475646548088,130
1475646548281,124
1475646548483,129
1475646548683,125
1475646548880,107
1475646549083,75
1475646549285,69
1475646549480,126
1475646549679,119
1475646549879,106
1475646550078,106
1475646550283,105
1475646550486,105
1475646550678,102
1475646550877,102
1475646551077,100
1475646551275,95
1475646551491,94
1475646551675,97
1475646551875,95
1475646552075,94
1475646552274,96
1475646552474,96
1475646552674,95
1475646552881,95
1475646553073,100
1475646553272,100
1475646553472,104
1475646553673,106
1475646553870,111
1475646554070,111
1475646554271,107
1475646554471,125
1475646554679,140
1475646554879,120
1475646555069,118
1475646555269,107
1475646555468,98
1475646555667,95
1475646555870,99
1475646556072,102
1475646556267,103
1475646556466,103
1475646556666,102
1475646556865,108
1475646557064,108
1475646557279,105
1475646557464,108
1475646557664,116
1475646557864,132
1475646558063,147
1475646558262,133
1475646558470,120
1475646558662,115
1475646558861,110
1475646559061,105
1475646559261,102
1475646559460,105
1475646559660,105
1475646559864,108
1475646560059,107
1475646560259,102
1475646560459,105
1475646560658,105
1475646560863,105
1475646561058,106
1475646561256,109
1475646561455,110
1475646561655,105
1475646561855,108
1475646562064,111
1475646562260,110
1475646562455,123
1475646562654,140
1475646562855,140
1475646563054,138
1475646563252,99
1475646563454,105
1475646563657,124
1475646563851,105
1475646564052,97
1475646564252,95
1475646564449,92
1475646564649,90
1475646564848,95
1475646565050,94
1475646565252,90
1475646565453,102
1475646565649,116
1475646565848,116
1475646566048,119
1475646566246,127
1475646566445,134
1475646566645,131
1475646566846,132
1475646567052,136
1475646567245,132
1475646567444,124
1475646567644,125
1475646567843,120
1475646568043,114
1475646568242,116
1475646568450,122
1475646568651,141
1475646568842,151
1475646569042,151
1475646569241,150
1475646569439,142
1475646569639,134
1475646569839,137
1475646570039,142
1475646570239,140
1475646570438,141
1475646570638,148
1475646570838,143
1475646571037,126
1475646571236,122
1475646571436,138
1475646571650,135
1475646571836,145
1475646572036,156
1475646572235,156
1475646572434,164
1475646572633,162
1475646572839,168
1475646573033,171
1475646573233,165
1475646573432,170
1475646573632,173
1475646573832,167
1475646574031,164
1475646574231,171
1475646574439,172
1475646574635,167
1475646574830,172
1475646575030,174
1475646575229,166
1475646575428,166
1475646575629,169
1475646575830,140
1475646576037,110
1475646576228,102
1475646576426,103
1475646576627,102
1475646576827,97
1475646577027,100
1475646577235,104
1475646577425,102
1475646577626,98
1475646577824,99
1475646578046,92
1475646578225,87
1475646578537,90
1475646580618,87
1475646580818,93
1475646581018,94
1475646581216,90
1475646581417,92
1475646581616,92
1475646581816,97
1475646582015,109
1475646582215,140
1475646582415,167
1475646582615,168
1475646582814,161
1475646583013,161
1475646583214,139
1475646583413,115
1475646583612,110
1475646583812,115
1475646584012,113
1475646584211,113
1475646584410,120
1475646584610,135
1475646584810,135
1475646585010,141
1475646585209,159
1475646585409,165
1475646585609,148
1475646585807,127
1475646586007,127
1475646586207,122
1475646586406,115
1475646586606,118
1475646586806,119
1475646587006,115
1475646587206,116
1475646587404,121
1475646587604,121
1475646587808,119
1475646588004,119
1475646588203,119
1475646588403,118
1475646588602,116
1475646588803,121
1475646589001,128
1475646589201,141
1475646589401,162
1475646589601,178
1475646589800,172
1475646590000,165
1475646590199,174
1475646590399,174
1475646590599,165
1475646590798,169
1475646590998,172
1475646591198,172
1475646591398,169
1475646591597,174
1475646591796,179
1475646591998,156
1475646592197,138
1475646592395,144
1475646592596,136
1475646592794,137
1475646592993,146
1475646593194,150
1475646593393,155
1475646593594,169
1475646593792,180
1475646593993,178
1475646594191,178
1475646594391,170
1475646594591,174
1475646594790,175
1475646594990,168
1475646595190,172
1475646595389,178
1475646595588,177
1475646595788,176
1475646595988,178
1475646596188,172
1475646596388,164
1475646596587,157
1475646596786,156
1475646596986,150
1475646597186,156
1475646597385,156
1475646597585,159
1475646597785,159
1475646597983,157
1475646598184,162
1475646598385,162
1475646598583,154
1475646598783,159
1475646598982,166
1475646599182,165
1475646599381,167
1475646599580,174
1475646599780,173
1475646599980,158
1475646600180,159
1475646600380,164
1475646600579,164
1475646600779,162
1475646600979,160
1475646601179,164
1475646601378,165
1475646601577,158
1475646601776,162
1475646601977,168
1475646602176,164
1475646602376,162
1475646602575,168
1475646602775,163
1475646602974,155
1475646603174,172
1475646603373,172
1475646603573,166