,sp_mean_ax,sp_mean_ay,sp_mean_az,sp_mean_acc_magnitude,sp_var_ax,sp_var_ay,sp_var_az,sp_var_acc_magnitude,sp_cov_a_xy,sp_cov_a_xz,sp_cov_a_yz,sp_cov_a_xmag,sp_cov_a_ymag,sp_cov_a_zmag,sp_energy_ax,sp_energy_ay,sp_energy_az,sp_energy_acc_magnitude,sp_entropy_ax,sp_entropy_ay,sp_entropy_az,sp_entropy_acc_magnitude
0,-9.623074722290038,-1.543691486120224,0.1484704300761223,9.747339297322341,0.0019354567073605537,0.0014573929984657515,0.0003443270596903681,0.00160097316570251,-0.0010465484064010665,-3.944212534433869e-05,-1.3198542246543107e-05,-0.0017476117936339058,0.0008019870770803022,4.452337625987793e-05,0.4157469813635421,0.3856347873053628,0.27116359422157554,0.39564129195144887,2.7851183349059094,2.801226512188526,2.807973202176184,2.79343410046419
1,-9.64028296470642,-1.5183727860450744,0.15544354319572448,9.76045860211779,0.0022599864812634734,0.0012973970095828222,0.00037791423668153985,0.001958590861398154,-0.0008812256448634013,0.00041614632714404064,-0.00012751319980566138,-0.0020915213640191493,0.0006678049230839474,-0.0003853187636363031,0.4165948175482415,0.3545412895271601,0.26866203129346317,0.405612303647606,2.6976572684216147,2.660916249578829,2.7097344237855316,2.708836435177687
2,-9.628910541534424,-1.5163077771663667,0.15975310727953912,9.74894968090153,0.0015340288399736126,0.0009818323150393212,0.0003504147422475062,0.0014017143218781343,-0.0003623956289073395,0.00034144331526308433,1.765661434820159e-05,-0.0014552878422418836,0.00020646902499471857,-0.00033437657964695684,0.39935547005357136,0.3342788916631567,0.26796759509258494,0.38864416128581364,2.8339116814020255,2.6610644590004604,2.757440505420573,2.8213578210540664
3,-9.614545392990113,-1.5365387976169587,0.1463455781340599,9.737713363007412,0.0009360651978735664,0.0008995381664411832,0.0003679356779785831,0.0009299375642405019,-1.3557367610645313e-05,-9.88333131710287e-05,0.00023040063297814905,-0.0009220221357065912,-0.00012627298076563375,6.62845803892769e-05,0.35836425351290546,0.3220205702337226,0.27447827330685143,0.3568446804287017,2.8754629745751497,2.6352384664247235,2.8098475792535855,2.8680739957159065
4,-9.612240982055663,-1.5517719268798829,0.1418863780796528,9.737773362067248,0.0008409614831371552,0.0006706480495920101,0.00028198945772257394,0.00081939210726304,-7.282566538570371e-05,-0.0002663180357935265,5.902933511173531e-05,-0.0008214977809012872,-3.4706345318076674e-05,0.0002573001090214163,0.31373550160280583,0.31090031864303663,0.24989030889798208,0.31146400484556575,2.5945181650946565,2.7408722657171207,2.7411633884144346,2.58141990264597
5,-9.61388702392578,-1.5408782958984375,0.1447594203054905,9.737733369296238,0.0005615054702885621,0.0008691188756161303,0.0004976183112807449,0.0004900845951428671,-0.00026576672219466384,-0.0001860855486072703,0.00018186482521168778,-0.0005147260145059215,0.00012751970600932163,0.0001625639559187297,0.3079369396093006,0.3368158744955733,0.2836710060443928,0.2940715226604428,2.8103154558300276,2.770506941823361,2.6307679342551302,2.757794562268791
6,-9.615802431106568,-1.532558423280716,0.1410184808075428,9.73825062040132,0.0005179013611819056,0.0007947966034642197,0.00042868574378540007,0.0004285216307684862,-0.00031169089985106773,-0.00010964900756163516,0.00034582576697275583,-0.0004633594128280642,0.00018702607628335755,6.011322659843154e-05,0.283819604420597,0.32571939622058893,0.2732310814365679,0.2672939805438099,2.6759316250308376,2.750272238984055,2.6938397555871636,2.637133686812654
7,-9.614814805984498,-1.5390227735042572,0.12758102379739283,9.738090988932637,0.00042506966292181936,0.0006140587947136567,0.00027575944448144556,0.0003840033186310389,-0.00014197257324684645,-6.0806174422065145e-06,0.0002477626024835155,-0.0003969558639887047,4.586371911065499e-05,-2.969379365086251e-05,0.2894563539268202,0.29832907535427117,0.2363214714189395,0.28190146901562474,2.8348730805714117,2.6994311161683386,2.5980503298638835,2.8309681682050902
8,-9.618705368041992,-1.5438112020492554,0.12120646089315415,9.742607189204403,0.000456238532110309,0.0005009224750536804,0.00035032422956179536,0.000404482918357575,-0.0001782989696541892,-0.00015914471951532225,0.00015649503060674935,-0.0004239268826333438,9.828654285179261e-05,0.00013680953318034972,0.29131820100546146,0.2794239948911734,0.25979526247497314,0.2802773724191728,2.802751300612106,2.695953745446256,2.6859812267962053,2.7802503265147513
9,-9.616790008544921,-1.5410877823829652,0.1259050827473402,9.740351697466687,0.0005476436470895682,0.00044530627442761043,0.0005469453991954272,0.0004899174037734362,-0.00019868950628278934,-0.00033283741765390717,0.00023944990350871785,-0.0005132074484193734,0.00012849437514826756,0.00029779817367201963,0.29946808455468904,0.2891707934702975,0.284227412008562,0.2883603101307927,2.7652369554970093,2.825808939980907,2.6557767025807544,2.7384926037882065
10,-9.618286371231079,-1.5384840726852418,0.13093290627002716,9.741486740328769,0.0004903015224403942,0.0005115349726550937,0.0005301862665204407,0.00042199629710465956,-0.00024269839435706923,-0.0003288209256857361,0.0003413914516350752,-0.00044987693841260363,0.0001628071905821257,0.0002776753350530025,0.2844582406921094,0.29642575058098525,0.3040222161314889,0.2731909897767683,2.70809221324907,2.7737596013165886,2.830073989760607,2.6944806464130955
11,-9.631364727020264,-1.544649165868759,0.12994529753923417,9.755352126671697,0.00032120195684050485,0.0004992404068438071,0.00036376478698083703,0.000256012944124586,-0.00022549633581727402,-6.287803005142273e-05,0.00017913738319405708,-0.0002821773657151068,0.0001457064686965668,3.893596385681729e-05,0.26122412315688776,0.29077356228902135,0.26758487927415575,0.2514648168826309,2.740714461113031,2.7228082579230772,2.729283940952257,2.7939742397979686
12,-9.616969680786132,-1.5351022899150848,0.1336263816803694,9.739685089030576,0.001144812392234807,0.0006390698327934193,0.00040475658533858623,0.0011731209774503292,0.00014324246169268576,9.473988137351093e-05,0.0002017495656764024,-0.001151586330905871,-0.00023946621802532162,-0.0001194522730808617,0.3398027293604944,0.2859418140416121,0.2722727511488095,0.3388184964383539,2.612608799283709,2.542390550576891,2.7055256082308223,2.5904522000024466
13,-9.600748920440674,-1.5266627311706542,0.14050971046090127,9.722437955655334,0.00098755300217531,0.000733361190077331,0.0002590756893166766,0.0009506269915895325,-9.657804237242144e-05,-1.1258058117165934e-05,3.810803632547707e-05,-0.0009599091111601012,-1.8776427140087675e-05,8.986287532114902e-06,0.3068908419518417,0.31003320582063054,0.25749121738432723,0.30852396887506917,2.5377490607359765,2.6589099932552878,2.8499772287707494,2.5807275823051796
14,-9.619782829284668,-1.5286080181598662,0.12644377686083316,9.74134599288082,0.001201411455909495,0.0006352676168858888,0.00031085402596795647,0.0011269346507276788,-0.00016605573986404763,0.0003026958403659931,-0.00015814019842696808,-0.0011555967316832295,6.272982625660265e-05,-0.0002698053615890777,0.35849973709172006,0.31229521021555323,0.2523887290856777,0.3550100738080979,2.7417499505362533,2.754727829997856,2.722297347651549,2.7562041008987346
15,-9.612360858917237,-1.5320197522640229,0.11432313211262227,9.734390738338366,0.00166534497723324,0.0004771493603421114,0.00020933847403035907,0.0015860804532117703,-0.00017188125983094675,-0.00015823888866011766,-9.901246981721938e-05,-0.001619173101773745,9.357001001037869e-05,0.00017433084697079866,0.37358170732830076,0.2887189698396419,0.22869755800360414,0.3671284542869715,2.631507394192565,2.7339046466697337,2.699021768146334,2.6136539681822146
16,-9.593416690826416,-1.546235328912735,0.12186486721038818,9.718119678133993,0.0011970601610875383,0.0005246896616709325,0.002121759436459625,0.001199786658979169,2.8837467518287818e-05,-0.0002769562428041037,-0.0005653085211667351,-0.0011902698052180304,-0.00011966181261965747,0.0003976817273504554,0.36622431977196096,0.2860708157959256,0.4466387650807761,0.366467928058765,2.7518331210223663,2.6601666000795503,2.9118348683490423,2.7523976474073892
17,-9.588897562026977,-1.5394417762756347,0.1219845775514841,9.712614410150534,0.0016199923078578351,0.0012341394861039153,0.0022275110413343584,0.0017542686102180337,0.00043804775111646807,-0.00018141065416501059,-0.0009557660914382127,-0.0016702571638862018,-0.0006397280561397313,0.00036557010230675255,0.3863047036126448,0.3551220731236977,0.44724971960939547,0.3956405985378178,2.7287561662122215,2.681650607409942,2.887652078176542,2.723848617339648
18,-9.604789018630981,-1.5365088760852814,0.13745710588991641,9.728035531248997,0.002092443333523105,0.0014656148508410416,0.0017031530413632553,0.0021567664044735146,0.00020678419612876414,-0.00055755850990407,-0.0008230300623311998,-0.0021047024379163516,-0.0004466063405902462,0.0007069934163536235,0.4001651771533643,0.3869451939672747,0.37498076203096414,0.3980352436969769,2.6652120878557657,2.754735661743253,2.6252491689673274,2.6476278037816803
19,-9.604549598693847,-1.5421053230762483,0.19680337905883788,9.730036290000456,0.0020570393052414364,0.0011951802769710584,0.008663226966515183,0.002007221826025858,0.00022927949718283528,0.0022845134438883134,0.00019313011020637575,-0.0020141434985968733,-0.0004133464846078985,-0.0020623641896485826,0.4253239729496057,0.3662288574517772,0.602774049310653,0.4200665425958931,2.8091174505467356,2.7627636386082832,2.793701214248479,2.7915404234112797
20,-9.620560836791991,-1.5643115401268006,0.1646312925964594,9.749598145911754,0.011736350627975997,0.003506656858497079,0.023843563029841024,0.012455901806578436,0.003907933003148692,0.0070343843352378,0.0049778605273419355,-0.012061554226947602,-0.004365940824860633,-0.007501063962486387,0.6221572412562013,0.4711005207775022,0.788635506506948,0.628894020626232,2.629788149721308,2.728741313310333,2.8156714998332544,2.620219292947453
21,-9.63486623764038,-1.5990274548530579,-0.02100912146270275,9.768159188924148,0.01452695922427284,0.002214233080574729,0.02837741124649146,0.014638247359468025,0.00190109563988915,-8.923560332338669e-05,0.0035563966238180158,-0.01455974554991106,-0.0022008613306862376,-0.0004587903384988963,0.6765095868386514,0.43066889293797406,0.7615952093634163,0.6758489772795081,2.7293795910104506,2.7867285124216123,2.6586646854224867,2.7189048056029623
22,-9.60305323600769,-1.611028391122818,-0.12117653451859951,9.738164060248462,0.0051551179939188395,0.0009977976192641568,0.0019946732503933647,0.004872240236892796,-0.0005468513514807179,0.0005590626914580449,-0.0002829135509845277,-0.004998631741070957,0.00037777286052082567,-0.0005386409372779726,0.5293704123000671,0.343508377170258,0.43555253850851333,0.5228034654873052,2.758559451126017,2.6897185643357955,2.8893979160817875,2.7653652072874997
23,-9.611343097686767,-1.636047798395157,-0.11797428876161575,9.750462875964754,0.0015252206830202693,0.002185638494263931,0.0009578019315878107,0.0014688477684953157,-0.00026396435990460156,0.0003996098344047114,0.0007569013581668458,-0.0014636173102117456,-0.0001173016250998048,-0.0005352551255791193,0.3647756234253911,0.41388374140334716,0.3513327532263535,0.3546674476489978,2.632821204672546,2.660993241125082,2.8091972015927316,2.5860506223994935
24,-9.627085113525391,-1.6489764869213104,-0.13030442595481873,9.768294836428076,0.0018523581696699004,0.0014875251924956277,0.0012365000711853295,0.0017200355570684699,-0.00037740025162940493,-2.902780178575306e-06,0.0010058264792929613,-0.0017614486366447576,0.00010711381639878817,-0.0001831900357523757,0.38653519861371327,0.3838544236542521,0.3619527722553947,0.3783974509743379,2.6548850959001786,2.7766511943610457,2.726942569085143,2.639961760640425
25,-9.620650815963746,-1.6309601187705993,-0.1296160936355591,9.75888022987782,0.0023960874136456146,0.0010817756529399656,0.000906233811942076,0.002289383566200282,-0.000190832041833374,-0.00029213306297246907,0.0004577401883061702,-0.0023256198780424947,3.2644507296629215e-07,0.0001999092161802948,0.41799253422790855,0.3663205548778175,0.339433154319986,0.4127914975157762,2.72786207880805,2.834571101783363,2.778090297316246,2.7107360125420557
26,-9.606794214248657,-1.6275184452533722,-0.13248913660645484,9.744656569835374,0.0018402636426727485,0.001040504342132209,0.0004398814515639859,0.0017765145358224956,-8.225923948364254e-05,-0.000495058306382764,3.9414807351654605e-05,-0.0017928591593000447,-9.555712549396698e-05,0.00047500706343724564,0.3917239612796258,0.35923609246455696,0.27255961782174465,0.3865083556693287,2.6667393463795395,2.8129901498065744,2.64431393964818,2.675573007911901
27,-9.60188593864441,-1.629763013124466,-0.1346139907836914,9.74020688822237,0.0018876377506043544,0.0007315833073928454,0.00032986181804827667,0.0017193553245048523,-0.00040371373169406313,-2.3364990496295445e-05,-0.00010607009676474076,-0.0017920961901691592,0.00027584604779938565,3.5829235986333954e-05,0.4019752200454725,0.33818250412189954,0.25294713422040066,0.3854705419095889,2.7363647594766913,2.886584099694656,2.6527001852940075,2.683009300226578
28,-9.62059063911438,-1.6378733694553376,-0.12868834137916565,9.760038752221876,0.0021434080280821415,0.0010081668606727826,0.0023432637702977253,0.0019134324699400952,-0.0006252470289935957,0.0003426324730261489,-0.0003734979183025523,-0.0020125805454312136,0.00044780158361419094,-0.0002963994716413089,0.427568205288336,0.3621936183746929,0.4428983193228515,0.4119559726153461,2.79870412699407,2.8584269651372765,2.823729470220144,2.7668402855675387
29,-9.620141792297364,-1.6312893092632295,-0.10567407701164484,9.758263369470592,0.0011225388946753082,0.0014207711938002438,0.0030796055950453216,0.0010923230767673948,-0.00017032745484980356,0.0007994100049274654,-9.913265749253526e-05,-0.0010863825589760192,-7.346004136129083e-05,-0.0008006013137252121,0.3616951894156917,0.379058564225022,0.45337273127782896,0.354238391478647,2.777224346848817,2.755974475197226,2.7261406105042,2.7308712990560515
30,-9.603262853622436,-1.6158766448497772,-0.09669582191854716,9.738822938049605,0.0012115189100696732,0.000752964971344026,0.0007750719483806697,0.0010475878623654809,-0.0004661278482064806,0.0001504720028501221,-0.00010663267228690193,-0.0011179475931169674,0.00033452235960780146,-0.00013667953618351158,0.3661884228428797,0.3262177455978092,0.33044146016033493,0.3506712770014585,2.7684798450910497,2.764337992351964,2.775919836031066,2.7512189323224616
31,-9.587341451644898,-1.6156372249126434,-0.10217255838215351,9.723111231714075,0.0016083165573251776,0.0008704598005496418,0.00019097660047341595,0.0015612901729614055,-7.826861544350775e-05,-7.278900469404571e-05,-2.150492115524234e-05,-0.001572386347390044,-6.771888151108215e-05,7.320099694510255e-05,0.3816180239487539,0.32383819266829683,0.22694330567332627,0.37754167134154487,2.7038371703552446,2.6631710945921365,2.6980590189367524,2.706955358868845
32,-9.584079170227051,-1.6072575151920319,-0.10663175843656063,9.718553696552126,0.0014264198299267594,0.0006341565862200928,0.0005116847896425462,0.0014508301127351734,0.00015317123705029496,-0.00023195720588293662,1.1110834315159325e-05,-0.0014300684237200038,-0.00025619530411302634,0.0002217282588390877,0.3727921909854454,0.30654657928309575,0.31167810078140085,0.3684968914655836,2.688373791158988,2.7146946283294175,2.8957505028165618,2.6415800905332847
33,-9.630526685714722,-1.6232388138771057,-0.10684125237166882,9.767219575558826,0.002282136413264413,0.0030913324809562826,0.0028112867264981968,0.002695605272670173,0.001134593599836458,0.00020612201740967907,0.00010737550583496953,-0.0024465348328735863,-0.0016446393613748888,-0.00024513813712239015,0.42035823550424944,0.47105522671306566,0.45303726211108175,0.4388461811855637,2.6877625934216605,2.8202562518665553,2.7395408788869355,2.704893192151013
34,-9.663028049468995,-1.6414946079254151,-0.12722189389169217,9.802622520691486,0.003361544076391224,0.0031294976642719198,0.0037454461212818708,0.003281498167477728,-0.000317320087050984,0.0012342072436746221,-6.058248852951435e-05,-0.003276100542148431,-0.00021406467873688172,-0.0012419074574394322,0.47628067391991497,0.479852260904961,0.4716369191987965,0.47708442620198876,2.765342532604354,2.8389908219250195,2.670570857281941,2.809409260689259
35,-9.627953004837035,-1.6385617077350616,-0.15957354381680489,9.767785520292756,0.0048490887416152975,0.0008123321630248917,0.0006765280922188326,0.004436137261697775,-0.0009440241074215499,0.0002664660988229546,-0.0001495954957206192,-0.004628845425786434,0.0007965753427009685,-0.00024726562304093995,0.4878295900185206,0.33064158196798277,0.31430510404006773,0.47076830054026575,2.6551966390684694,2.7690514647797095,2.7362493682662103,2.6309403082309437
36,-9.603831481933593,-1.6299126386642455,-0.16331448405981064,9.742571558700721,0.0016981418215245036,0.00044823947132290216,0.00016202054114184737,0.001429862208507332,-0.0006800438794207769,-0.00032269190010337443,0.00011738376778689824,-0.0015555395791661587,0.000593516934476108,0.00029594943304332374,0.4070504044962466,0.2911219020821979,0.22989297651415386,0.3895455353625849,2.797201473398206,2.8223677904007665,2.8630173080369348,2.792267674694005
37,-9.605926370620727,-1.6253935754299165,-0.16909049525856973,9.743972049840625,0.0011903470975730744,0.00024488050361373074,0.00035153115065030596,0.001077285432941965,-0.00026074252029807324,-0.00012376175165068802,0.00018013994655358026,-0.0011291700040224298,0.00021354902489481434,8.609567338530423e-05,0.3688342870100032,0.2506659188240358,0.27069015185598994,0.3585881970730951,2.7810635659370386,2.8258955358321827,2.7759819881673913,2.7780378505535284
38,-9.602753973007202,-1.6241066932678223,-0.16065093427896499,9.740490297373332,0.00032606365199697873,0.00016330709409813763,0.0006514497238518666,0.000365985400106662,0.00011922922861374089,0.00011790925550625932,0.00020096249371751653,-0.0003433970510925688,-0.00014805934848255976,-0.00016037460484039854,0.25129234717432564,0.22506630550191897,0.30603511902220015,0.26210659046123275,2.6680942405487524,2.8031489544159576,2.6959487382345135,2.6988953072848014
39,-9.611851978302003,-1.6303316235542298,-0.14927847757935525,9.75031008580915,0.0006051387362803403,0.00028882028603708086,0.0002794976607009231,0.0005597198260449455,-0.00011435610160070874,3.926972024691127e-05,0.00013326601230490356,-0.0005776551735429971,6.219179253021808e-05,-6.518031708274423e-05,0.30881886847407086,0.2537524040759748,0.25526014761491445,0.3012774686361959,2.7622078457083266,2.746981321878279,2.7628239225691016,2.7485021009789454
40,-9.585455894470215,-1.6302717864513396,-0.1643918752670288,9.724617324493746,0.0020409837831577345,0.0017596383803530132,0.0006690185846575042,0.0019363600564696413,-0.0002049716656948136,-0.0007086820847655051,0.00039765057343157375,-0.001961627244064187,-0.0001006016673685031,0.0006209134697763001,0.42210467122655565,0.4200646523490711,0.3124439587747479,0.4040961839911577,2.79575288524529,2.8791777473528573,2.7481453402662317,2.716432343668573
41,-9.581655025482178,-1.6283863544464112,-0.17061679810285568,9.720656653019935,0.0021160040516501727,0.0017291059481782368,0.0005877948094818538,0.002011297008592992,-0.00021371693163162875,-0.0005939093617788619,0.0005213559319671674,-0.002036699092167975,-8.903357795766846e-05,0.0004889104584471764,0.4147024133603249,0.425654047635519,0.3053424784938334,0.39737042014973184,2.72055918410638,2.917153507093851,2.7607636162526767,2.6313034184982724
42,-9.604818964004517,-1.6343419075012207,-0.1675941191613674,9.744340166087735,0.0008632830957307587,0.0002342850294547539,0.00019629020033881472,0.0008131407068550854,-9.009220272888945e-05,-0.00010412124577853864,9.733438725408511e-05,-0.0008342971353809856,4.7922805144119866e-05,8.305175416214025e-05,0.3396201871094587,0.23950616891935483,0.22358360633434873,0.333079640835826,2.780017196254427,2.7185167605544427,2.6679591798450275,2.77369945965527
43,-9.605866479873658,-1.6341024935245514,-0.1707065813243389,9.745386907755151,0.0001730051221999794,0.00030308679003298607,0.00020555226844841908,0.00019379530213012845,4.313919947213989e-05,7.036606807743653e-05,0.00011194018630136991,-0.00017888702969743095,-9.527659901675208e-05,-9.162504980497294e-05,0.22188068453612234,0.2662906113372681,0.23634558720697355,0.2296854566552699,2.738360326686237,2.845999276877938,2.8154334176818203,2.7647987982951028
44,-9.609846925735473,-1.6308703243732452,-0.16606781631708145,9.748687259286921,0.00011983320600607986,0.0003343952318448897,0.00014735813780866305,0.00015020891455382488,6.793940684133116e-05,4.506788477997452e-05,0.0001366811076984128,-0.0001300673547658466,-0.00012535839828945554,-6.989139488341424e-05,0.20296863504511775,0.26498979869202127,0.20745267090298042,0.2136113281922347,2.7503806491299354,2.7517144952432013,2.6913860990935397,2.7404620787033367
45,-9.604849004745484,-1.633444082736969,-0.16555904746055602,9.744210964960372,0.00044912429087545243,0.0006791908034183541,0.0004040221458557793,0.0005075413778603894,0.0001414736913070075,9.093852388290495e-05,0.00029569878616917094,-0.00046793870648686385,-0.00025982923727711386,-0.00014672804102862,0.27775582641093993,0.3147131201740892,0.2785780118602173,0.28717689569332844,2.6562219948561214,2.7389274911327846,2.7885915231511826,2.6670687770603267
46,-9.602634286880493,-1.6339528620243073,-0.16531962528824806,9.742122623454453,0.0007675257095247379,0.0007392765857145103,0.000642594856409025,0.0008489455438737257,0.0002515460996807835,-9.370557899439302e-05,0.0002936548856634808,-0.0007971867804766223,-0.00037820730066367357,3.178381084476042e-05,0.3296235838841984,0.3099642810736304,0.30899876133516513,0.33615052600430767,2.760346913475888,2.636774219117631,2.7436729867882517,2.7438287804394914
47,-9.610774660110474,-1.639399665594101,-0.16493056938052178,9.751052756903277,0.0005239288918944925,0.0008758762990388632,0.00040074407313932264,0.0005300816607485572,8.743260363677782e-06,-0.0002117575422534471,0.00028726176631960453,-0.0005132873941633278,-0.0001628051767204942,0.00015290043184134684,0.3008071690134631,0.33469930154459326,0.2848513221436359,0.29955936391046134,2.788130865834922,2.720827409159709,2.8506312413053205,2.7741276580082395
48,-9.61146297454834,-1.6455048739910125,-0.16852187290787696,9.752806403933509,0.00030745983870140216,0.0007503640955239516,0.00015467427630974444,0.00023741450915957637,-0.00024572575240965305,-4.1011538483440344e-05,0.0001840783117719395,-0.0002601924658208325,0.00011039563696925179,5.915290396787757e-06,0.2645835925544796,0.3212969684018592,0.2152842517827262,0.24868743001064536,2.833685883661844,2.7249895854508552,2.7396103343788365,2.833569427334231
49,-9.607662105560303,-1.6385018467903136,-0.15996260195970535,9.747721029779289,0.0004998476495817095,0.0005093553286331429,0.00010502279974392755,0.00046390596644321666,-0.00011062327018024986,2.7383437715627655e-05,4.1647980169151264e-05,-0.00047419060693501476,2.24719558285206e-05,-3.5716089558571315e-05,0.2922854604907726,0.29351934939867436,0.20152541604505694,0.28979706490649776,2.7630499446912924,2.7865033221043203,2.81315270525571,2.7729983329591783
50,-9.606195640563964,-1.6373346626758576,-0.15810709670186043,9.746050440316202,0.0006987238901752971,0.000533226977857772,0.00015500610448915324,0.0007113266881698906,4.6331084283667435e-05,6.35962421235478e-05,0.0001589458472835146,-0.0006971057425822482,-0.00013776918351435756,-9.18441454660864e-05,0.3129631516649058,0.30214457486775836,0.22647284211448604,0.3166690327497339,2.7552064522934803,2.807964301709985,2.8470372709074967,2.770326205952732
51,-9.59290771484375,-1.6347908198833465,-0.16041151359677314,9.732560262967459,0.00092631780502605,0.00038657943474958633,0.0002324936100362814,0.0009370031495462126,6.726842857220925e-05,0.00012901431845881682,7.589477544881971e-05,-0.0009260711422440995,-0.00013243238255506007,-0.00014343518093992157,0.31506810322945716,0.2765623880742158,0.23755728434460643,0.3159736216579643,2.587763275959799,2.779405323057351,2.756205443747535,2.580561470234432
52,-9.599850940704346,-1.6318878531455994,-0.1607407160103321,9.738921050906393,0.0009074118672958335,0.0004182394900939985,0.00012940729195825887,0.0008765228409893605,-5.5060424487186976e-05,6.69494339799379e-05,-4.571457910122703e-05,-0.0008860179054364522,-1.491850533703045e-05,-6.0198074373228234e-05,0.30326802548967186,0.2848261933045993,0.20815568282543961,0.2971418363234225,2.4776752417574333,2.808873551308811,2.7215044900959544,2.431671318926221
53,-9.615772485733032,-1.6374843001365662,-0.16511013433337213,9.755636968988163,0.0004646053656702761,0.0007078847224544453,3.42527230230655e-05,0.000410970542987036,-0.00017880209370140974,-1.012030596065151e-05,5.8175159435008853e-05,-0.0004270654193828719,5.592107168761881e-05,-4.752730519166643e-07,0.2849517463542142,0.32164131777291216,0.14613159879910484,0.2699205807496049,2.7617445709558193,2.758490290288062,2.7001210592932305,2.6913921363457716
54,-9.60341248512268,-1.6419135928153992,-0.1627458579838276,9.744160922889836,0.0008989887884437914,0.0007645814784428659,9.001442049276486e-05,0.0009385623713152605,0.00013860389748886337,-2.43641208067017e-05,-3.5820705891768485e-05,-0.0009081689916520313,-0.0002652092211074689,2.8363014003229605e-05,0.33245681490206325,0.32090334209724125,0.18870810500539545,0.3372513794666726,2.700935945946818,2.7102417962800924,2.734065244051526,2.711492994292722
55,-9.597756147384644,-1.6424522876739502,-0.16277578771114348,9.73867878153536,0.0005544384461317334,0.0008397107950896187,0.0001312928739867471,0.0006876832552483135,0.000385017941898456,-6.643078466451964e-05,4.161600387847459e-05,-0.0006098494939917312,-0.0005216778886306944,5.588376254173518e-05,0.3004040243133913,0.3283264804290746,0.20343021544163647,0.31989228511831697,2.7391195749266326,2.7308816838787653,2.6891302132267554,2.7622621494269453
56,-9.6059561252594,-1.633264535665512,-0.15960347130894662,9.745213737910932,0.0011424808998933677,0.0017995371211134107,0.0003020823088092496,0.0013794628110037602,0.0006447979146266546,0.0001898938578695861,0.0005877561492267667,-0.0012362337570264623,-0.0009424884870267107,-0.0002893144987556839,0.374267582185231,0.4122843838212025,0.25960668276017695,0.3938767380748537,2.8620681855894294,2.8031528854406758,2.7371860125738965,2.8715212063751374
57,-9.597666215896606,-1.6286257803440094,-0.1530792698264122,9.736145855565438,0.0015893336729636651,0.0014077257949665913,0.00032099853915474404,0.0017558118710703098,0.0004978871208032746,0.0002808419122190875,0.00034353128239752073,-0.0016536998030756006,-0.0007276476636015002,-0.0003378926790986207,0.37409664003619775,0.37998150686541504,0.26104098833607037,0.392864031539969,2.6614320812087744,2.738035296379916,2.7640494794524786,2.705128265015926
58,-9.599491834640503,-1.638621562719345,-0.15810709446668625,9.739664013178938,0.0007050192428826272,0.0005002592873696933,0.0002549425371852941,0.0006885082741013017,-4.260844371934558e-05,0.00011459081189937524,6.077364688898124e-05,-0.0006892396904466557,-4.369140082669878e-05,-0.0001272882597105403,0.3142908771823621,0.29025047383077573,0.24369005643457683,0.30871244366076633,2.7423670879777617,2.7454884468423253,2.72236924344464,2.719635769323678
59,-9.627593803405762,-1.6424522876739502,-0.15702970400452615,9.768009623770709,0.000781483301398115,0.0008486113385886624,0.0003155078792506381,0.0007437904402499212,-0.00011030805574017856,-0.00014162879436681466,0.0003268612190186269,-0.0007493723222563431,-3.9019950728758754e-05,7.983283129736106e-05,0.2972013727864597,0.32012068906460184,0.2559930650105712,0.2998739888781115,2.485343564838372,2.653741465058605,2.713153999475961,2.578929797069012
60,-9.615024280548095,-1.6385617017745973,-0.15242086574435235,9.754887701337164,0.0015929248244375442,0.0007442620654411543,0.0002858286060703461,0.0015434583033777816,-6.99060549873418e-05,-0.00013265591373419478,0.00018455928075800532,-0.0015569055880952753,-5.8505050078424775e-05,9.555309406038494e-05,0.35636065977073716,0.31750944361743505,0.25744760535030625,0.36065602464939217,2.5140585338221895,2.70873761085312,2.7962874569653726,2.5839038615706293
61,-9.602724027633666,-1.6389806687831878,-0.15658079348504544,9.742876981556467,0.0007718107432825477,0.00030640426460260337,0.0002564180452393674,0.0007367916673421706,-7.003723034579629e-05,3.364462091302489e-05,-4.827011654592293e-06,-0.0007497339488079046,1.7702792440144145e-05,-3.629471895566617e-05,0.3203512959253087,0.2598060050464633,0.25594674865848405,0.31514376012176065,2.7599251130639577,2.772706769309238,2.835749134684262,2.752367582836788
62,-9.609038686752319,-1.6410756051540374,-0.1581669520586729,9.749475504137404,0.000598879444506639,0.00030772451866158975,0.0002970515821521873,0.0006750284744509233,0.0002585032765011995,-2.2784251037582493e-05,-5.8957942121906e-05,-0.0006332804243279256,-0.00030559628698162227,2.7708853234212047e-05,0.3032592970663366,0.25672251815956504,0.2701438565500178,0.31090742494398776,2.745384591808823,2.6828694630355603,2.888046185654926,2.7331523798203414
63,-9.604519653320313,-1.633444082736969,-0.1595436155796051,9.7437774711178,0.0015035784172237859,0.0003754590720908961,0.0005075062830817176,0.001536123829231398,0.0001864086901378004,0.00012102767232599714,-6.384643713215473e-05,-0.0015149598754533818,-0.00024586229426524424,-0.00011698049581706226,0.37804535271116513,0.280652133560312,0.30249314989352133,0.37737723764350983,2.703618802806579,2.8344804151986382,2.834063016198547,2.688046193045474
64,-9.600688982009888,-1.626949816942215,-0.16208745464682578,9.738969188199121,0.0015621712232826684,0.0005326148052890077,0.000626190167879809,0.0016116397716033092,0.0002423588279806472,1.0512962881096052e-05,-3.005596253916127e-06,-0.0015797671474694853,-0.0003280134523188545,-2.0653505057355584e-05,0.3854395543222082,0.29172029382979403,0.29737117466578256,0.38378165387725843,2.717266796097942,2.718860701248599,2.669917471098393,2.6785232689600025
65,-9.592010021209717,-1.6368857800960541,-0.1549347773194313,9.731974119640546,0.00066053716885732,0.0010207055129977686,0.00034511150115137886,0.0006956425387246702,9.869402702490525e-05,-0.00017422448291806679,-9.10127131822045e-05,-0.0006641064248157826,-0.00026664420211188616,0.00018099820255215404,0.31258474039744283,0.34510545547078386,0.26047032005304527,0.3129731861594128,2.753242918983426,2.7140391950759013,2.6910560957561467,2.7347751568396657
66,-9.588059568405152,-1.6425420820713044,-0.1565508633852005,9.729049010420017,0.0007873350849614133,0.0009580556510942772,0.00021158142376429792,0.00084571356258432,0.0001797161770226468,-0.0001349111309885493,-0.00014042392952335575,-0.0008037327846950669,-0.00033547442290626393,0.0001532028390710085,0.3201269276998486,0.3166595889599425,0.23225374549639408,0.32254137347289125,2.66297135208847,2.4906964476881712,2.7250358640826513,2.6470489345529304
67,-9.596738624572755,-1.6374244511127471,-0.1611597016453743,9.736792957326772,0.0008155684198802647,0.0005149283835854813,0.00021137023187896382,0.0008959902506960584,0.0002891611401453605,-0.00016258565942076173,-0.0001257361094660495,-0.0008494331920850129,-0.00036925655047064085,0.00017784832463768767,0.31601917985362116,0.2900390577356961,0.24737442873580234,0.32443743759188737,2.6454726641899686,2.7142850970390944,2.8707693329936257,2.6408220245150273
68,-9.606704568862915,-1.638262403011322,-0.16400281563401223,9.74679482203734,0.00039376693475547814,0.0002437871094623525,0.00022517747956241136,0.000403779075320122,3.6375232635144055e-05,5.311793405161616e-05,0.00011164577831831969,-0.00039503820851736896,-7.872039655657971e-05,-7.491514443324322e-05,0.28015967752410215,0.23838062022436737,0.22987272020798577,0.2826325087843808,2.8190539314894334,2.7195079904258166,2.608867986874897,2.8203556286015736
69,-9.603981018066406,-1.6386514723300933,-0.16849194392561911,9.744276325033544,0.0004501060948792943,0.0006784779598874393,0.00031329124753809375,0.0004929065739088978,0.00010912414335220299,-4.753735099053585e-05,0.0003503996459404929,-0.00046099149085206755,-0.00022804209140633565,-1.7567553084475245e-05,0.29177853883470384,0.3144509291042822,0.2531703955240294,0.2928564964680216,2.8259310875598174,2.7314694224439595,2.665940328638551,2.7592560560249972
70,-9.59646921157837,-1.6431106984615327,-0.16573861241340637,9.7376065396633,0.00044176822246204807,0.0011074955607701658,0.00043662410323967043,0.00043037475119681463,-7.70175089147337e-05,-0.00018962264770930112,0.00035623183536290714,-0.00041880299335048294,-0.00011774365434262231,0.00011886642759862783,0.286300501937355,0.3481013689949189,0.27187520443520824,0.28396818494914844,2.793070770450912,2.6968501558037152,2.6304263748627568,2.7871908336337814
71,-9.596080207824707,-1.6368259072303772,-0.16484078764915466,9.736129056091242,0.0004149262387248904,0.0008077990571727517,0.00032946582933182146,0.0004131321718514793,-2.71801089399534e-05,-9.934457194192424e-05,6.638792609954084e-05,-0.0004020501960862808,-0.00011115793599096427,8.050440812758269e-05,0.2773440585286074,0.3296784071738055,0.2438803013849589,0.27958846388798564,2.7592057195132194,2.7578758075388876,2.570975862109111,2.758817506214938
72,-9.591830444335937,-1.6270096719264984,-0.15990274772047997,9.73019059570594,0.0007599267600246433,0.000507747520557817,0.00013456624596845833,0.0006986672595961597,-0.00016701855143573028,6.008746495099504e-05,-3.5953606776428344e-05,-0.0007218390414692192,8.04820202314526e-05,-5.542428726645845e-05,0.30978199220404423,0.293964747654818,0.21580416250973897,0.2954478509450127,2.639325902251484,2.7828134459865796,2.836425937268548,2.5693541928178933
73,-9.584977149963379,-1.6313491702079772,-0.15804724097251893,9.724146087647606,0.0013438369011342648,0.000618304848458107,0.00020709372639622335,0.0011680532919394544,-0.00048498579414961625,0.00014759140312111687,9.898396308666536e-05,-0.0012457261708066173,0.00037299158368873676,-0.00016551880726269492,0.3780069718837679,0.30656752832525247,0.230375192122357,0.3643797214202737,2.778418257829124,2.7203432039085924,2.702058472178112,2.780154357584111
74,-9.582313585281373,-1.62365779876709,-0.16304513663053513,9.72032092031144,0.0013594256005418524,0.0006691317836543339,0.00036770566747546283,0.0012838597882998458,-0.0001688295228081838,1.7579719746138722e-05,6.444779591457885e-06,-0.0013116903902944488,5.451063472037842e-05,-2.45063385246564e-05,0.3820849765482836,0.3187634544215023,0.2687513595601809,0.37396819928919045,2.792955242735045,2.780723937912421,2.745089715007303,2.7799473016091234
75,-9.583360862731933,-1.6229395389556884,-0.1643020950257778,9.721254189636323,0.0008077710576655683,0.0008554738761820081,0.00022662935353620994,0.0007849599252336225,-6.401046817269144e-05,-9.701979414143604e-06,-0.00018960583445333764,-0.000784551334080957,-7.743000035237293e-05,3.7876028097282084e-05,0.32097906727415054,0.3448479911762706,0.23448283652326823,0.3209342802671602,2.677699080071258,2.8279356427748135,2.7162910539688747,2.6969870041255795
76,-9.593536186218262,-1.634311991930008,-0.16361376121640206,9.733171096873072,0.0013501457958658362,0.0008085606657688198,0.00013252980578662622,0.0013039784773943416,-9.1970355298911e-05,4.148959076171917e-05,-0.00021309359774180446,-0.001315825298361072,-4.193619075611984e-05,-7.2889222632141975e-06,0.38483920269524796,0.3327836891826844,0.20513959899951875,0.3797250999485546,2.8423703811093173,2.7801412866911104,2.6477084816036744,2.8323839021683335
77,-9.59952187538147,-1.6431106925010681,-0.16768390238285064,9.740613546062926,0.0012462090915768816,0.0006326655802687793,0.00021259206493082257,0.0012479100129911993,6.587006641355234e-05,-9.864948161763475e-05,3.125485715384602e-05,-0.0012379879139421154,-0.00017192441189788738,8.818787356740047e-05,0.3873006485671541,0.3110212375480228,0.23912615436088255,0.3856463846195765,2.8909583255416273,2.7614098656745374,2.7731019340140737,2.8793049422383667
78,-9.605208206176759,-1.6407763481140136,-0.16918027848005296,9.745850877746973,0.0008251850735465143,0.0005570383028821464,0.0002217937465918861,0.0007454317344472439,-0.00020076072554921375,-0.0002073918969888131,0.00014529923481074823,-0.0007763637227563925,0.00010170840829999156,0.0001761999266822553,0.3398400363935548,0.30488800438735125,0.2415610458531036,0.3306883268388172,2.829889184325407,2.790964727097556,2.802024169388076,2.8252743472670354
79,-9.606165838241576,-1.6298228681087494,-0.16846201568841934,9.744933585617911,0.0011962676863756117,0.00046466630134748833,0.00013815640610677403,0.0011607281154425574,-4.063088556957542e-05,-5.868810074510058e-05,9.334547578234826e-05,-0.0011714638168338265,-3.9349942431318056e-05,3.984995211804013e-05,0.35716694374477004,0.2948370499599297,0.20918645977297964,0.34844327309617873,2.738282552849848,2.8231015222939684,2.7003781645299316,2.7003623732380158
80,-9.60909857749939,-1.6268899619579316,-0.16669629290699958,9.747304334388605,0.0014147422963896046,0.0004599515679439855,0.00012933279002072718,0.0013643290736297183,-8.418920311626207e-05,9.168856031633689e-05,6.370482941047427e-05,-0.0013826173935416956,5.1511099451300395e-06,-0.00010320858812065183,0.356372608381638,0.2925160018089474,0.2119346310223891,0.34929798567148684,2.6542519682315104,2.8283992364551573,2.8002990924911533,2.6437436127227176
81,-9.607243013381957,-1.6219818413257598,-0.16008231192827224,9.744554142863137,0.0013692918482751087,0.0003831243484190493,0.0002804056058958029,0.001226837769033487,-0.0003475235776300791,-7.735924737652812e-05,0.0001401437149306325,-0.0012914022782336467,0.0002766926150538763,4.86288831366045e-05,0.37509446120056594,0.27648119485331224,0.2462845512685105,0.363294526328608,2.7636044262744845,2.777270482463539,2.646697647668776,2.7541944857764156
82,-9.604160690307618,-1.6335638046264649,-0.15786767452955247,9.74341937926055,0.0009608233946652688,0.0006665802634361879,0.00022004397987739513,0.000936154529629457,-3.8157921106792234e-05,-0.00014848199956591472,9.910650590623379e-05,-0.0009385762043912243,-7.594205402320887e-05,0.00012662681364854393,0.3482288727947092,0.3173939264464157,0.2386616059606908,0.3453355159866695,2.783544337457019,2.7745003944117643,2.744915002206051,2.780838062093014
83,-9.60374174118042,-1.634730976819992,-0.16002245619893074,9.74323097637096,0.0006792654909747236,0.00063964173727574,0.00021466619112162826,0.0007526528291347867,0.00023251414027730582,-6.22047504189779e-05,6.5229827860807105e-06,-0.0007073078334797093,-0.00033703788209342623,5.668936741498636e-05,0.32557607586018805,0.30614051335756653,0.2381643695651298,0.3322231380699625,2.8433884286780704,2.7173145694211724,2.782507262968724,2.8379642447412916
84,-9.608380270004272,-1.6326659679412843,-0.1610998459160328,9.747468407653697,0.00038480200710901586,0.0004566565364272211,0.0002959352637149061,0.0004872654159522057,0.0003040024889131964,-1.8895890683966732e-06,8.939425346479069e-05,-0.00043005108211311083,-0.00037745397297740457,-1.818673711664714e-05,0.27262030113981284,0.2899621429664494,0.25882661768932513,0.2883970326007658,2.7642844270444233,2.786384914634142,2.7786374476734608,2.7606090021765706
85,-9.601526737213135,-1.63538938164711,-0.15373767539858818,9.741057293137638,0.0007662365320165527,0.0005227196194022918,0.00036053570249431255,0.0008623336116459715,0.0003113002280381306,5.7546381098476006e-05,-1.0416043660566312e-06,-0.0008076226659686036,-0.0003941053063027786,-6.250128413875578e-05,0.3146460948549199,0.3041989310931765,0.28275976110245277,0.3202576119394591,2.6788913101059646,2.8129887830694553,2.877861355016361,2.6280986595214992
86,-9.597546529769897,-1.6313192307949067,-0.15191209688782692,9.73642108870913,0.0008002222708718712,0.0003233594180060013,0.0004737213007232796,0.0008430844427489156,0.0001839982865892333,-7.407209702192926e-05,-4.452275166750073e-05,-0.0008175379996174074,-0.00023460797374317915,7.278226044185856e-05,0.3292314645254737,0.2750177505497118,0.293175949582373,0.3339895171381918,2.7704363843609223,2.87639038401052,2.7887953429347396,2.7730565155429296
87,-9.603173065185548,-1.6385018408298493,-0.1605312243103981,9.74330545238122,0.0005233378436777848,0.0003334290725162549,0.0002733959394998651,0.0004884132608981695,-8.165283877468276e-05,-5.975810642044445e-05,4.7992164891574174e-05,-0.000500723771103223,2.3643982949366752e-05,4.630901401595347e-05,0.30734518890201523,0.26420312567118487,0.2519054978756773,0.30249571502533623,2.8566785978647524,2.782200282808335,2.7689517756907325,2.8548759319031833
88,-9.597845983505248,-1.6386215567588807,-0.16789339557290078,9.738201938591093,0.00034842423524423507,0.0006206726692693709,7.740359603759508e-05,0.000351052985206863,-1.6008326144854846e-05,2.158146243182408e-05,-5.967891909766111e-06,-0.00034093178187222657,-8.826951869744495e-05,-2.1715786802169842e-05,0.2839044034239764,0.30870946672135974,0.18218138677253545,0.2833034917496543,2.9071162317137467,2.77542922247082,2.7496048586469026,2.8992608546202825
89,-9.595122575759888,-1.6337433576583862,-0.1691204220056534,9.734711451787977,0.00041408934663722985,0.0005061117908574512,0.00013374418891240675,0.0005163349236030294,0.0002979777999060325,4.477268701470245e-05,-4.269919619021772e-05,-0.0004588931751671731,-0.0003777672917192073,-3.946060067278331e-05,0.2741810938293152,0.2987773711706528,0.2131524563353545,0.28620793131149147,2.7084054722969593,2.797934783861359,2.7923109319394572,2.649335796980831
90,-9.581894540786744,-1.6326360523700714,-0.17971476465463637,9.721707299227553,0.0010054589813917967,0.0008883888289512609,0.00047765372207349635,0.0012220857828673006,0.0006540669854455403,3.2007414095998384e-05,0.00026744816621214473,-0.0011016793665176692,-0.0007995383699767971,-8.612527652895033e-05,0.3440081102788436,0.34524896006658373,0.2883138054685668,0.36315887901965577,2.7203726006174977,2.8315136257753544,2.7605328942381497,2.745627577599658
91,-9.58746109008789,-1.6295834481716156,-0.18342577815055847,9.726761513030194,0.001100872888702334,0.001133259325348602,0.0004011588973259754,0.0012751366154945313,0.0005159570065655331,-1.6351885746324105e-05,0.00035960250487445837,-0.0011718847828337412,-0.000705978190484964,-5.2101120299669045e-05,0.36103825197244593,0.36037907554092935,0.29063504058999956,0.3797326251134325,2.8048491116911576,2.762721738136999,2.8742834648078865,2.8343507547461653
92,-9.594733428955077,-1.63332439661026,-0.16711528077721596,9.734248996947057,0.0006669518145109377,0.0006705401731337406,0.0003688821862103521,0.0006349423577849992,-0.00010037742314173365,3.779410357009974e-05,-1.9802777193978985e-05,-0.0006412193962825248,-1.320490692835748e-05,-3.9965672259044514e-05,0.3128452030581513,0.30663546001347863,0.27978322868661626,0.3115571984958707,2.7438615370530393,2.658733525371684,2.8317859724029484,2.7769651251502414
93,-9.592309284210206,-1.6453253388404847,-0.16642694920301437,9.733865132168683,0.0009173747203117704,0.0004934337874606097,0.0003384063452714388,0.0007601545873736649,-0.00042552536588957363,-0.00010643666384916253,8.711717441908647e-05,-0.0008301969320985052,0.00033415897289420366,8.44748638196513e-05,0.34280130542222154,0.29204447680777046,0.2611067407334858,0.32598597474379554,2.783363334965826,2.741878339238808,2.7173587391013796,2.776318053403237
94,-9.608978939056396,-1.650383085012436,-0.16795325130224228,9.751180028835531,0.0008249811039939836,0.0007503956726633162,0.00020034042941181727,0.00065668392889888,-0.00047099616474318876,-0.0002908341114022069,0.0002084410900681876,-0.0007280517023176803,0.0003331162751390212,0.00024797260803281686,0.33263513778186543,0.32234459301160584,0.22972456235733604,0.3151027934655775,2.76855362647763,2.7180611237296524,2.7463270162978897,2.7784565006243493
95,-9.60676417350769,-1.6442479372024537,-0.16169839799404145,9.74784573224466,0.0008353087060473425,0.00061555191195692,0.00028929798054318527,0.0008129129762841055,-2.7327717229082523e-05,-0.00024215417190888598,0.00017196325384363697,-0.0008145140904968547,-8.037220380158236e-05,0.00020491058903955833,0.32775787613377044,0.30463336651136846,0.25696648381392245,0.32604950011075384,2.729687477664578,2.74562306278422,2.775461156496094,2.736879890896672
96,-9.5903639793396,-1.628685611486435,-0.1654094099998474,9.72911353402377,0.0014236380029136663,0.00048453967133545693,0.00024166791375961343,0.0015268900820905322,0.0004144194373189327,-0.00017635185132291895,-6.490879595717698e-05,-0.0014694474184245726,-0.0004883858684370089,0.00018075969135408234,0.3825356671974251,0.29379451289843916,0.24550876191232365,0.388586291752115,2.7587871529969137,2.809102137833705,2.766709012792675,2.7551470795726103
97,-9.57923092842102,-1.632246994972229,-0.17151462323963643,9.718878900463883,0.0014169256559853239,0.0008100887388886698,0.0006088003037989477,0.0014733059793706424,0.00021072949278062042,0.000189263617612368,-0.0002280814648518936,-0.00143461185271049,-0.00034019787889906603,-0.00015783987619711424,0.3698998477304124,0.32705555017880583,0.30541507085909525,0.36995915133187873,2.673733879574354,2.721676543010899,2.7516486922617975,2.6550626405033295
98,-9.589316415786744,-1.6360777139663696,-0.1671152774244547,9.729392032294315,0.0015310557747422085,0.0005982011369269463,0.0008275714848683871,0.0014808348081770688,-6.477785352073534e-05,-1.8135960322334584e-05,-0.00014161947633403594,-0.0014974572014235445,-3.436355470877635e-05,2.850367212182456e-05,0.37993513321997,0.298292190334339,0.3432767742872776,0.3714210925731209,2.7339300735530316,2.7051044379209928,2.8535521986072916,2.701254717739357
99,-9.598803520202637,-1.6331148803234101,-0.16606781706213952,9.73819064986856,0.0013067844376660493,0.00034549621811360594,0.0003858479468032262,0.0013166743548765486,0.0001266594441750977,-0.00015278778024190688,4.553591252294168e-05,-0.0013068560265550018,-0.00018337365099335852,0.0001366817118567759,0.3705419032224029,0.2713160979785927,0.26820422632042024,0.37142101061850363,2.730398433060316,2.7920564546789386,2.683013588386916,2.7349559592764003
100,-9.613378286361694,-1.637604033946991,-0.16519991979002951,9.753337002272742,0.001972672795270601,0.0009727204002410597,0.0003833410332422989,0.0017470313718658355,-0.0005841938358852843,-0.00031116342590733684,0.00014654764366838676,-0.0018444447106302866,0.0004123775365493275,0.0002768032554908884,0.40355762309328874,0.331168660046855,0.26099456519617387,0.39403600616301876,2.705670125456978,2.6527149275677226,2.6483879785703928,2.7218493543313618
101,-9.601377296447755,-1.628176862001419,-0.16885107457637788,9.739986699984957,0.002586726187100379,0.0009409341031900253,0.00042214268227846644,0.002450489499879991,-0.00023217775828806683,-0.0005908371783630925,8.733262948712299e-05,-0.0025044734132473974,7.138849543767355e-05,0.0005617720128365471,0.4091529382366034,0.312155867544606,0.2768854198792378,0.40254704168261884,2.596650151217798,2.5022632747862037,2.705236012080193,2.591276629758018
102,-9.590663242340089,-1.630541104078293,-0.17298106998205184,9.729848237057606,0.001338823358415359,0.00021968149191126048,0.00041109691680377093,0.0014027117263926917,0.0003151129108304314,-0.00025608179042206587,1.087985368517493e-05,-0.0013681143651965908,-0.00034776628045177774,0.00024321968556632303,0.3726241460119364,0.22247941632596094,0.2809783290861572,0.3749566406666641,2.7714638141880803,2.554430047907915,2.758930341080411,2.762376611775743
103,-9.5983247756958,-1.6420033514499663,-0.1677736833691597,9.739240248843881,0.0011518047581615472,0.0002553888655159141,0.0003416731523821723,0.0010761194490789612,-0.00013443557180069633,-0.00019258566247440528,0.00011642023339229246,-0.001109445209856589,8.739766644047299e-05,0.0001642396154654437,0.3591999736536109,0.25471096123252696,0.259025895677283,0.35294416517026317,2.7417194101931623,2.837947742785603,2.6899909237834896,2.7382807012833377
104,-9.583330965042114,-1.642571997642517,-0.16226702257990838,9.72446798998223,0.000751477284333523,0.00044510955071060284,0.00017275422135402819,0.0006620267430253763,-0.00023020381002688398,-0.00014699578480180994,0.000118801915521758,-0.000699363934260585,0.0001496713801663317,0.00012204832393074511,0.3150257251502318,0.27315576648056156,0.22525230295609042,0.3063370165812468,2.7190202901073,2.6728720097335197,2.7697707190917513,2.73545355217473
105,-9.589256620407104,-1.642153012752533,-0.16259622424840928,9.730244324342184,0.0004644466585001691,0.0005243271638477137,0.00012321501089415272,0.0003666941598690634,-0.00030848230933256407,8.652259691098063e-05,2.3699226032740198e-05,-0.0004072262809200243,0.00021505884312965516,-9.136479467366895e-05,0.28150423511541167,0.29082545792391534,0.19360575515310247,0.26403502196532125,2.733340764766722,2.7357568846412,2.626407602004068,2.742676691484442
106,-9.601137971878051,-1.6393398225307465,-0.16621745452284814,9.741543726686576,0.001169375682392411,0.00047344605223440775,0.00016257957566325807,0.0010048455368473895,-0.0004224511482798263,-0.00018279081653617592,-4.278522487659114e-06,-0.0010792618152736045,0.00033701282353125326,0.0001782538549199262,0.3665996275255747,0.28724602334550525,0.22739342406689814,0.3493683561045198,2.797665496421093,2.728855740387641,2.8343393978495897,2.773176704562488
107,-9.608619880676269,-1.6425121426582336,-0.16466122269630432,9.749422024199571,0.0012613230688561761,0.00034956252332787456,0.00021604745788892022,0.0010960513860461547,-0.000409618478885789,-0.00014478098506997045,3.0050431344045556e-05,-0.001172542053846627,0.00034477545670744055,0.00013420837885644567,0.3652260671439098,0.2719392171855183,0.24207274618259095,0.35098076273680867,2.759691574015421,2.8100265449195656,2.8109604746973162,2.7500925682483417
108,-9.601616907119752,-1.645445042848587,-0.16849194467067719,9.743129628285173,0.0011240935274647776,0.0011025998341050232,0.0004449811411940028,0.0009360976326550072,-0.0005506002941432904,-0.00022982330136830765,0.00035568892138854337,-0.0010121120442679714,0.00035231679092129784,0.00015954297052063463,0.36149084334730724,0.3665525335544676,0.2855077511999745,0.34802360701803925,2.781326066371261,2.8264244038218758,2.7654445156708185,2.7933355581170725
109,-9.597606658935547,-1.6420332968235016,-0.16394296288490295,9.738524662897863,0.0007359001702800579,0.0010315053324696088,0.0005690681259450202,0.0005908028187891524,-0.0004452659605213306,-0.00028384606106986946,0.00032991679305189523,-0.0006466798164562925,0.0002606998329745062,0.00021477636981140819,0.3348565291201301,0.36129883398702695,0.29935579515367844,0.31310943345397907,2.842612602834253,2.834056129802944,2.7165900757348975,2.807762972175561
110,-9.602365112304687,-1.632785677909851,-0.1683423064649105,9.741697806326172,0.00045537714498717106,0.00031443773176264536,0.0007295686687924325,0.0005181228713650858,0.00020363451963738928,9.02347890058372e-06,-7.58858105221617e-05,-0.0004829163187324434,-0.00025188067221732717,-9.153102594768622e-06,0.28057787902137127,0.25183283533197043,0.31944865053681765,0.2886100401392877,2.7338994749333687,2.674876924300903,2.6874326101396506,2.724750808822642
111,-9.601078176498413,-1.6403274178504943,-0.17292121648788453,9.741780616766357,0.0005003810072761682,0.0005464641094762686,0.0005837379257366539,0.0005656892457613969,0.00019590330645565183,-6.144753357700056e-06,-1.6253744893402936e-05,-0.0005257277390902056,-0.0002843786255912543,-1.8798571998816269e-06,0.27860736703651107,0.281904893177918,0.3088690638614705,0.2888949134842576,2.6395518293838887,2.625497679095904,2.7844951222615824,2.6582898405810016
112,-9.597277355194091,-1.6462530732154845,-0.16624737977981568,9.738894510944283,0.00020882871774934356,0.0003657832251604988,0.00022543672176518774,0.0002250061128134547,3.4399073559287026e-05,2.580842139894885e-06,5.7812275203498345e-05,-0.00021156182116978956,-9.6652756965275e-05,-1.6305794635322662e-05,0.24359302058829477,0.2705801160499309,0.24855597726011508,0.24933956722142492,2.839581980563689,2.7772263360939684,2.854158019798039,2.85751143064393
113,-9.605357789993286,-1.6432303965091706,-0.1721431016921997,9.746463798220708,0.0005060139446174669,0.0003403228438180866,0.0005348069658875504,0.0005191303119481246,5.3816143023853646e-05,-2.4934411849874695e-05,0.00010457060162185717,-0.0005074394970435428,-0.00011211094381930493,-2.48177528708231e-06,0.29013873950249436,0.27793053015705044,0.28053149689747425,0.2875095763102777,2.7185274778423296,2.8699760272199017,2.6027194118989785,2.6802612336050817
114,-9.601946067810058,-1.6464027106761931,-0.1765424482524395,9.743712865043761,0.0009374307562163756,0.00026188211664193695,0.000491742822645023,0.0008879130330467115,-8.085493156589251e-05,-0.00011952564529077798,2.661739555774385e-05,-0.0009084947274255283,3.519040625469009e-05,0.00010463103118547893,0.3484579705915892,0.25765658853227097,0.2897820376539709,0.339641204074992,2.80827204733127,2.8541383029381917,2.746020316234187,2.775394840853018
115,-9.59563126564026,-1.6472107589244842,-0.17612346410751342,9.737608856774084,0.0008818597267308131,0.0003310356912910243,0.00016581428795325648,0.0007849176360597304,-0.00023102266432721682,-0.00011168854865358859,1.0219826784681418e-05,-0.0008278953845596092,0.00017144173738979396,0.00010531920909490941,0.3377752489421303,0.26884207906425867,0.2102365904058206,0.3285284617332734,2.7965888963759253,2.8104458147995888,2.646157143053023,2.7982448181218635
116,-9.600628995895386,-1.645983725786209,-0.17684172540903093,9.742338609692005,0.0007349150792666286,0.00038950699403441145,0.00017073947154850306,0.0007172166294710726,-1.2615024680347794e-05,-7.721970820352036e-05,2.4370298659794082e-05,-0.0007202396787805836,-5.398209749632918e-05,6.884839466280713e-05,0.29465550708931065,0.28337714286101556,0.22452759444069495,0.29661906121603265,2.5675359948079763,2.8270435848300126,2.775571416372393,2.573252704959678
117,-9.59578070640564,-1.637813502550125,-0.1767220139503479,9.736188846236503,0.0008847319694938917,0.0005622500136701022,0.00023064097000093236,0.000938523160341505,0.00020549050066674137,-0.00011397370388543193,1.9336572912371172e-05,-0.0009039981971177797,-0.0002971616560420535,0.00010509627238310535,0.3412115087079878,0.3011853254577136,0.24231759473346468,0.3452747931044835,2.8021548079416427,2.790542882500789,2.785923575618181,2.7979679904097154
118,-9.591471242904664,-1.6397288739681244,-0.1743577390909195,9.732228600282848,0.0005224821511283738,0.0006671420134916529,0.00022016554882637302,0.0005239756179572564,3.941555152809858e-06,-9.804950407185085e-05,9.09608520203162e-05,-0.0005134918846851809,-0.00011724918842166591,7.767941445985592e-05,0.2988839793864218,0.3164050602909401,0.24450208471096263,0.30237689041778343,2.77855355729838,2.803893109848243,2.8048854660660947,2.8178481725337448
119,-9.592578601837157,-1.6499341666698455,-0.17304092794656753,9.735010266162487,0.0002339755730358046,0.0004913666279690775,0.00014386692232066915,0.00020106935935392873,-0.00011369982160994373,-6.700820344268415e-05,0.00013417683972652856,-0.00020970912389593215,2.639579288451505e-05,4.063577821691119e-05,0.24981630331708624,0.29978215719876294,0.2220250966251456,0.24023346577863297,2.853306318682867,2.8247872076697753,2.8501578982982623,2.8432661195629407
120,-9.588837671279908,-1.6626833081245422,-0.18264766186475753,9.733687082618946,0.0010320967684899443,0.0006978314918364691,0.00022141667066011644,0.0009193610513750436,-0.0003069724324614265,-3.713263001416275e-05,1.2510002853229584e-05,-0.0009645574279610899,0.0001829018426962652,2.985551769465502e-05,0.36613464898122017,0.32011408605216973,0.2423149776084333,0.35174231477607215,2.867968364608824,2.794696894087345,2.800752810762546,2.842174806358427
121,-9.597756004333496,-1.66848925948143,-0.1847126603126526,9.743509344726863,0.0019059564488232215,0.0007129987436974218,0.00021757480246013981,0.0017008919157208008,-0.0004887857017999851,-0.0001615940295221819,-2.8144245331325147e-05,-0.0017915921375843081,0.0003603071055301762,0.00015996056113451863,0.4188050788750256,0.313229058607846,0.23314573799843386,0.40725372212371486,2.828330974238479,2.7289045274792385,2.722302204044565,2.821310007202718
122,-9.60987663269043,-1.6679206192493439,-0.17465701550245286,9.755197972280621,0.0023829714501564557,0.000698137977038501,0.0007332919358934581,0.00203090907141803,-0.0008402767008718919,-0.0007818616423198927,0.00046105435492769045,-0.0021929290729622315,0.0007016419529390081,0.0006805125877193143,0.44355470318631207,0.32445494762462407,0.3242848017578365,0.4263759086936108,2.8301958939730425,2.81608533105604,2.7345353801590058,2.8234611933594413
123,-9.60009045600891,-1.647839230298996,-0.17172411754727362,9.742092958967014,0.0017894258552515522,0.0009973467362874454,0.0006964210732162187,0.0016146082526304233,-0.00040559053306251893,-0.0006929218158569533,0.00034012546043840473,-0.001685215785964299,0.00022444067320019815,0.0006138479160587096,0.41541144376440486,0.35221782693900755,0.33137423233184954,0.40375795770225864,2.838065230873111,2.8161854966376465,2.8655215182665126,2.828681199776436
124,-9.601975870132446,-1.6282366991043091,-0.16597803309559822,9.740523235964785,0.0008750820853038002,0.0005988301951109248,0.0005500311142997222,0.0008146339381122174,-0.00012272223289672602,-0.0003437642845236951,-0.00020103799421736368,-0.0008365348657968331,2.4272982407836993e-05,0.0003641568239101986,0.30785922313928704,0.3111142101566,0.3051761013535541,0.2977179909296094,2.5537879579481833,2.776299772438702,2.7794411510689185,2.5180424433158506
125,-9.603412437438966,-1.6426617801189423,-0.1718438297510147,9.74450369676145,0.0008569787633046238,0.0009626486605430378,0.0009367964385146977,0.0006997639117472106,-0.00043111410548135853,-0.0005342202065188406,0.000246696469863469,-0.0007625233057260185,0.0002581975285077849,0.0004684144792129372,0.3237020008882078,0.3437776303109241,0.33179921613758495,0.3040564320651406,2.670103498319049,2.7562430833143248,2.637620409583108,2.629209225450109
126,-9.578363084793091,-1.6456246256828309,-0.17812860757112503,9.72041446720776,0.0012652882193953255,0.0007942609741311468,0.000841555177737138,0.001208661543994646,-0.00010934716636222916,-0.00030944806926445846,0.0006055924472815038,-0.0012232707425989594,-3.684926262597446e-05,0.0001880469107287009,0.37625320060506456,0.330107452809764,0.3283331449966144,0.36973231797077183,2.8002367592672095,2.730074213607843,2.7013467903491404,2.792584586719422
127,-9.58195424079895,-1.6381128132343292,-0.16499042510986328,9.722451603563725,0.0013611109423220986,0.0007791886733745779,0.0008098723813477473,0.0012841913513616202,-0.0001415076105083366,-0.0004445432964193937,0.00019166302655913503,-0.0013104440448911342,5.474340315920411e-06,0.00039308869639289093,0.37790581311672927,0.33357298261337465,0.31922075333372335,0.37144486187052267,2.7564128177471985,2.821033159510506,2.605545943537936,2.7623674761934915
128,-9.599731302261352,-1.6471509158611297,-0.16621745452284814,9.74149896155591,0.0005854849987635566,0.0006986851561211225,0.0005033439167602532,0.0004963976839793631,-0.00028252682416552436,3.6163666573161765e-05,4.1735857217681176e-05,-0.0005299690407959062,0.0001592909245936773,-5.113024779090506e-05,0.2994077189456323,0.3255715588589269,0.2848050741819722,0.28352592275069693,2.7311894441114366,2.819683219463743,2.724603618497297,2.715303317259462
129,-9.590992546081543,-1.6488867163658143,-0.1795950561761856,9.733398188831629,0.000949555320441604,0.0005515597521418908,0.00032750771141448114,0.0009649430486867047,7.726761215579413e-05,2.2556958331303083e-05,0.00013012881287046703,-0.0009490033343784073,-0.00017178810399888606,-4.995126464449093e-05,0.3433766966717046,0.3040463111739293,0.2652565300112499,0.3433616874859122,2.7749154286665814,2.7997071027748652,2.790954925025794,2.7662662203001673
130,-9.593656063079834,-1.6444574534893035,-0.17899650260806083,9.735271648559072,0.0007545497956495008,0.0007651900514553526,0.00042020335626857764,0.0008901007957620262,0.0003992317506135484,3.114590502773738e-05,0.00024511959825492457,-0.0008116026126527063,-0.000526541262427065,-7.935936847817656e-05,0.3271120630842046,0.3138332982448001,0.2865810528204366,0.33847836719501667,2.7746124702498185,2.6387183973639137,2.830451625246754,2.751817039069607
131,-9.59162096977234,-1.6409259915351868,-0.17217302918434144,9.732549383528912,0.0006364625572730818,0.000858379447380668,0.00032112672813229396,0.000718059913527645,0.0002119690138903472,0.000126564767772591,0.00017323899348595538,-0.0006650168503983825,-0.00035640758556711036,-0.0001598507694096523,0.3086149378150571,0.3388097830851814,0.25952672066187166,0.32360309320041153,2.755927196734568,2.7932136839993262,2.7406362687698804,2.801664365143496
132,-9.580278396606445,-1.6474202394485473,-0.17166426181793212,9.722510142517457,0.0005315015148785216,0.001278291992522148,0.0007711168918763236,0.00046801488300753595,-0.000253625164185373,5.237061785048705e-05,-0.00022194573648375704,-0.00048091447480408405,3.515836536922038e-05,-2.740921303424288e-05,0.2853150271457071,0.3861033255592459,0.324970374001527,0.27877601128327323,2.688795875621835,2.872431424280331,2.76930276451324,2.716259443993383
133,-9.603591966629029,-1.6603489458560943,-0.17881693840026855,9.7478195276455,0.0012956652908518585,0.001293573183383163,0.0009591963785603959,0.0011560531885390912,-0.0004007334799448251,3.3544251304140396e-05,-0.000304358458908488,-0.0012063334223423592,0.00017781461665937598,2.060759878765494e-06,0.36599430331206856,0.35743795432811526,0.3444080103215051,0.35435184526300884,2.730407657862765,2.65313518612502,2.7670768769696776,2.716539346496919
134,-9.601586866378785,-1.649664831161499,-0.183814837038517,9.74407924290564,0.0016016366240628485,0.0010853068108261997,0.0005135939938044305,0.0016973901441070336,0.00035562522998829505,-0.0001491087490196592,1.1347340390101712e-05,-0.0016341869384935447,-0.0005360965406914615,0.00013545613231420275,0.35879971287591156,0.35051506894886103,0.2985326324585304,0.3600399966952259,2.5228742890419484,2.7176016417842446,2.7776541896913836,2.482000120286497
135,-9.579201078414917,-1.6375142514705658,-0.17076643779873849,9.719731179532058,0.0007590617557621602,0.0010820143575826396,0.0004897676173985487,0.0007868420313240634,4.9060484714176946e-05,7.251978179975285e-05,0.00015166200010482045,-0.0007571758911123586,-0.00023297482699079618,-0.00010568364431220617,0.3068274231040671,0.34361839852312487,0.2934853525275909,0.3133216675027829,2.6561351328117824,2.672615619055546,2.768876345806436,2.6751573756566787
136,-9.589526033401489,-1.6509816527366639,-0.16977882757782936,9.732154880980069,0.0009401535274192777,0.0009805129202189154,0.0002818687730776029,0.000872204554920159,-0.00021004879928341377,5.580696477175835e-05,0.0002717536028677969,-0.0008908268922491918,3.7220981077136536e-05,-0.00010569295665104515,0.33738239943611453,0.35261583027552157,0.2594248224396237,0.3305250826594075,2.7200185907864394,2.799099802121109,2.8224771696026987,2.721634139274253
137,-9.599910879135132,-1.6528371512889861,-0.17483657747507095,9.742769872111195,0.0013525597987872607,0.0005293396075723804,0.0003140983199166693,0.0013145071197361,-8.993137527710432e-06,-0.0002893856044767206,2.6685300305109887e-05,-0.0013255027122637201,-8.154846593515093e-05,0.00027461250529150875,0.36616633488655315,0.30176689727400513,0.2660888363720824,0.3656579864776542,2.7527811480824784,2.8100458525980985,2.807157157218224,2.7673336742088397
138,-9.60652494430542,-1.6426019012928008,-0.17055694237351418,9.74746340688071,0.0011469860037802016,0.0002464132214208122,0.0002916814381578204,0.00116856888043224,0.0001602565792734955,-0.00014414066435364454,-6.755495947855994e-05,-0.0011546989684031786,-0.0001980800164136774,0.00014836792936655778,0.3670356071891575,0.2556215482353481,0.264807005722626,0.36726408911893527,2.815078084510316,2.869412884852028,2.8499207863834233,2.802746973356882
139,-9.59428448677063,-1.6396390676498414,-0.17142484039068223,9.734908463578023,0.0007373007666046826,0.0002305052584775146,0.0001558027494683731,0.0007602055231475436,0.00010952736047688834,3.10819565074755e-05,2.9079581185286753e-05,-0.0007455550781464676,-0.00014737018804486662,-3.8225722935764645e-05,0.3129915992243948,0.2507826820383707,0.20919597159907938,0.31703423713879286,2.6862559327754445,2.8630484048570026,2.6468582319981424,2.7027293383985236
140,-9.58644347190857,-1.63685582280159,-0.1710657112300396,9.726712620732972,0.0010406986596655456,0.0004454186909827225,0.0001954454626529787,0.0011768217295564077,0.00046237870650759326,3.1746950443551174e-06,-1.7652571466269115e-05,-0.0011034686064392279,-0.0005304671520784245,-3.666418186615193e-06,0.36011098764859556,0.2817236565955445,0.23342067340646377,0.3700989944021188,2.818322166343894,2.761790456391915,2.772202255882959,2.8114727161761337
141,-9.593476486206054,-1.6368258953094483,-0.1716044083237648,9.733646133128923,0.0014441060270512375,0.00032704778748690263,0.00023366641523864926,0.0015533790977136075,0.000446810694500912,-0.00019021687352338868,-1.932887860306885e-05,-0.0014950255515027361,-0.0004950109878326466,0.00018659352371071543,0.34816093900749184,0.26689311669328686,0.24193823356901492,0.3555975463852661,2.5284259504085624,2.8147005752459053,2.7350452895264454,2.5493994340611468
142,-9.601736354827882,-1.6437391579151153,-0.17549498677253722,9.74301868330208,0.0014740859761954621,0.0002670611490203763,0.00019171195320036698,0.0015169370739460733,0.00022611062418575494,4.7958914860886656e-05,7.135480652389035e-05,-0.0014918670888573993,-0.00026923362348733393,-6.265661363267739e-05,0.3753064846212668,0.2420667186618932,0.2270849590243046,0.3790585102235175,2.720567221085359,2.693026537372616,2.760795572719593,2.7264813374346373
143,-9.60706353187561,-1.646642142534256,-0.17893665209412574,9.748821105643122,0.0014293348536428133,0.00028968383830595205,0.00010945767353346524,0.0014131360432711678,3.596597362856176e-05,0.00010517021989399239,7.746129490698099e-05,-0.0014168167745179608,-8.578417201945148e-05,-0.00011865151907464321,0.37357998660908676,0.2517827472651573,0.2054725046190531,0.37166853568517677,2.7289781071338934,2.7047516766763837,2.830941532734293,2.7303259168415166
144,-9.598564147949219,-1.6432004809379577,-0.17812860757112503,9.739885842012663,0.001539217114201926,0.000730445932751124,0.00019856798211445473,0.0013051870788996587,-0.0006262994897952001,-0.00016206836636755586,0.00025693856610752236,-0.001409253174603964,0.0004893028673096452,0.00011243236626911391,0.3899644406908055,0.3174779240455775,0.23347274795144649,0.37201528246049564,2.7663305812703203,2.7241425179520835,2.7561163321892996,2.7588575166001497
145,-9.601048040390015,-1.6403573632240296,-0.1736993335187435,9.741785067922448,0.0012599314664145547,0.0007776373884695417,0.0004407610808617205,0.0011003318603121915,-0.0004177976392390127,-0.00024785914922291003,0.0001796364823140603,-0.001167229480593221,0.0002773121868989959,0.00020577974235096738,0.3708683551667858,0.3151399911361713,0.2873772373963196,0.353322809938959,2.765703897161293,2.677337945260066,2.7939613268879584,2.7261183667589455
146,-9.613198614120483,-1.6446370005607605,-0.17800889685750007,9.75452142116668,0.0008588040192870023,0.00032866347308847116,0.00037585144998415304,0.0009501289447781296,0.0003250546690035057,-3.349532803780848e-05,3.658789067818597e-05,-0.0009003564592408426,-0.0003762078992531653,2.0431423606119865e-05,0.3271011347146873,0.2617704472963497,0.2828023018486198,0.33618861391864197,2.746074840463651,2.7320109838123843,2.8522038155730556,2.754573682183547
147,-9.614036655426025,-1.6481684505939485,-0.1778592586517334,9.755947256893322,0.0008390026577073526,0.0006153982060330667,0.00022202009191340144,0.000925989389643644,0.00028424656510304,-6.196164200466936e-06,-2.539508244812958e-05,-0.0008744117017429808,-0.0003833223582191904,6.54763820785188e-06,0.32569922116901573,0.31929044632153875,0.23373091157174739,0.33416234084105906,2.6949353096499244,2.852994036853238,2.7060435624503354,2.7079485275326514
148,-9.599072933197021,-1.6362273633480071,-0.17393875420093535,9.739126232149914,0.0008936817891337457,0.0008272586614833925,0.00022771931759503502,0.0010182238385530139,0.0004168954590682054,-0.00028518373438888016,-0.00017899552853080911,-0.0009455721126799624,-0.0005469569972126662,0.00030711924956632937,0.32449644749340784,0.3358685476946498,0.24166746631582187,0.3335064394942239,2.701727684430176,2.7837763937782043,2.7272971882973467,2.6872590111943033
149,-9.59428448677063,-1.6368558347225188,-0.17118542417883872,9.73444289531653,0.0007434811723669535,0.0004103093658695844,0.00020798088326310886,0.0008541967115875092,0.0003819897768144199,-0.00014909294824497408,-9.52411198089549e-05,-0.0007941202859345565,-0.00044363261620771854,0.00015912796098939454,0.3282302734093142,0.2751862180348304,0.2344688808309794,0.3380103026185814,2.8126363177097393,2.7353859771068407,2.7447792594653153,2.8033004568611184
150,-9.600479555130004,-1.6418238043785096,-0.16741455495357513,9.74131468288851,0.0009968307042622759,0.00023520969662642072,0.00015956256966627295,0.0009799979644407463,-2.261741698042848e-07,0.00012937717130782122,7.968549739929e-05,-0.0009847370490748116,-4.0836287918102324e-05,-0.00014387644915495284,0.34521063167795113,0.24757026528091142,0.2300683604925596,0.34383557630861156,2.716950313445833,2.8076070116284813,2.878414375013715,2.722374962234029
151,-9.600359773635864,-1.636616402864456,-0.17414824664592743,9.740437522533805,0.0010757119435119847,0.00023219613555546578,0.00015806827266211758,0.0010717814002082792,4.3159646161207065e-05,0.00015662399690535055,7.431708481095898e-05,-0.0010702326042690902,-8.298753728480273e-05,-0.00016982043732825808,0.3459700555120708,0.23656871273841595,0.22688425401776935,0.34542869777603624,2.7246630893772315,2.6906562016801256,2.851200016392207,2.7258595869443116
152,-9.599312210083008,-1.6434099614620208,-0.17489643543958663,9.740586745822716,0.000899863740644492,0.0007688429332934884,0.00019891498907905332,0.000972693572126252,0.00025355912087099484,-0.0001945081076607785,-7.911865867480594e-06,-0.0009256823217694786,-0.0003801134356118056,0.00018931137243034034,0.3473987825510228,0.3233395220934994,0.22582879559286886,0.34790036603271085,2.8229858139791735,2.759973407715873,2.673825075841433,2.780115753819394
153,-9.591650867462159,-1.644696867465973,-0.1762132465839386,9.733284315699473,0.0009949838092085507,0.0008695462435611054,0.0001993599854596793,0.001034087059593992,0.00016406881047474893,-0.00030920901556028474,-8.150284807797484e-05,-0.0010025050450050389,-0.00030740471546036717,0.0003147743671469471,0.3348721901663924,0.3312576844910819,0.2346333639157811,0.33953181832192625,2.659151970608061,2.745415188055402,2.7586003131597097,2.6680553744285915
154,-9.58461799621582,-1.6351200461387634,-0.1722628131508827,9.724642458705635,0.0007644828247927835,0.00037944254170045843,0.00016516284905458863,0.0008072206400207956,0.0001771764057749328,-0.0001074215221454907,-0.000133420886066373,-0.000781189661668635,-0.00023598978122276078,0.000125291596133838,0.33902974269335195,0.28102322898192417,0.23184910011913776,0.3456387129445323,2.8475913268124637,2.8301150219921642,2.874731443697068,2.871074629777769
155,-9.594074964523315,-1.635269683599472,-0.17360955029726027,9.734015726771593,0.0008450189750180192,0.0004919321627211873,0.0001929140585447213,0.0009608861544762724,0.00038023432873345183,8.277509028245045e-06,4.1350218492232725e-05,-0.0008966971157570745,-0.0004580768335815455,-1.8605715146095224e-05,0.32335028796629595,0.29716274729657566,0.23513342760535405,0.3276900557184107,2.6781738480332082,2.8188904641844443,2.811737258108705,2.6146021761854756
156,-9.594404220581055,-1.6384420037269591,-0.18091186434030532,9.735018851700325,0.0006169012890735108,0.0006709808738942291,0.00020586430160462647,0.0006743856001077728,0.00017983423268967704,-0.00011568044792541736,0.00019976467934676437,-0.0006357736262429916,-0.0002941102847012694,7.638672317600393e-05,0.3142011193451863,0.31536257408126894,0.23928412683522568,0.3170094426287561,2.815024223329261,2.770685607183681,2.8131360058233414,2.7889324726589635
157,-9.587461233139038,-1.6485275864601134,-0.1796249806880951,9.729885331275362,0.0005617080952034704,0.0009123870514864485,0.00044921986908274267,0.0005050773143473853,-0.00016493902502121805,-0.00033695002358583097,0.00035063752913485664,-0.0005184292629953055,7.952361023444815e-07,0.00026404835031394773,0.30528855355627044,0.329842610483705,0.27752700512538353,0.2994090601533069,2.7961210397650107,2.7007845742851195,2.6751215075673054,2.804877347133919
158,-9.591830492019653,-1.6483480215072632,-0.17202339209616185,9.734030566613344,0.0008238921225974607,0.0007490305039575081,0.0008191920366267802,0.0008177602529244174,-1.2631242031459322e-05,4.6294049386907664e-05,0.00045040796847859154,-0.0008084355474881491,-0.00012265652583003719,-0.00013525573273616038,0.33785888506328854,0.3291556891273642,0.35038822961321664,0.33612504838670587,2.800584373390319,2.7987070245405268,2.899273021885762,2.777677009270246
159,-9.583510589599609,-1.653286063671112,-0.16148890554904938,9.72649471363499,0.0007760209860287826,0.0006677003530762413,0.0010360050138973752,0.000805285871988328,4.115214485050085e-05,0.000611291087170813,0.00015798623264018513,-0.0007807861000188234,-0.00015559429175500845,-0.0006442434255006219,0.32656760355507186,0.3061743009937332,0.3633087439343394,0.3269179925272464,2.7617724408046067,2.6973758998757345,2.8456937732718464,2.7395288353201503
160,-9.594853115081786,-1.6538546800613403,-0.1556829672306776,9.737670753297195,0.0010473056052912062,0.0008468928596585124,0.0006964210600253458,0.0009559768109669336,-0.0002683805487166904,0.00017290812851420266,-4.548429438285759e-05,-0.0009889134140353615,0.00012246534444163406,-0.00017336040250653495,0.35438098069696794,0.34161811412750787,0.3312071393242473,0.35015294665788643,2.7940616680022687,2.8161543428867564,2.863785116711978,2.810148978645021
161,-9.601826238632203,-1.6381127834320068,-0.15113398283720017,9.74180031988789,0.0019736579199712205,0.0007318215204523609,0.0004681360795715099,0.0017511063932423533,-0.0005951428249413987,0.00033144870776289335,-0.0003477791173794816,-0.001851440372177064,0.00046956356834830797,-0.00027535616379186477,0.41729783181524566,0.31732660367185755,0.28217235939616886,0.40355092701566514,2.782585243077588,2.731529006027206,2.701847831525972,2.7757848868895514
162,-9.582014274597167,-1.639669018983841,-0.1512237645685673,9.722573857842393,0.0019441909629485485,0.0009778085469279003,0.001036633851780911,0.0017883766977866615,-0.00045385387328750697,0.0006583156766601248,-0.00022927289292131573,-0.0018518140241517752,0.00028664005821079367,-0.0006275277871821222,0.4126589163795337,0.337189324955219,0.35449202006289354,0.40905401349647164,2.7432915258867334,2.666871182953805,2.769635377938576,2.777659508879835
163,-9.5717191696167,-1.627368825674057,-0.17316063791513442,9.710853909766623,0.0014991397383710035,0.001966570416082342,0.003104104171392469,0.0017678211437622672,0.0007849420377277254,0.00017900416859699143,-0.0011686351295644131,-0.0016109736634711224,-0.0010787912030810667,-4.7957423941040586e-05,0.40047281807133206,0.41609222734482254,0.45136665369857665,0.41865028506648283,2.86454453121555,2.789671171062666,2.694639026363849,2.869172887340227
164,-9.590363931655883,-1.6263812184333801,-0.1678933933377266,9.728966657777377,0.002159239014343611,0.0016569307691328636,0.0030945781576226586,0.00227092969003213,0.0004793033217029503,-0.000512241886249629,-0.0012016130311424892,-0.0021960500400540813,-0.0007248230193383406,0.0006386976724963839,0.4102782014980997,0.39532278565387974,0.45566960039032417,0.4129118111729875,2.689519874025648,2.726540230479672,2.737726678182527,2.6715998288252956
165,-9.596558904647827,-1.629224318265915,-0.14721347615122796,9.735071837983522,0.0018765868281972874,0.0007615340605152634,0.0009367427324159752,0.0018515020055515474,-3.046730365711981e-07,0.00017896248002622055,0.00023909177636562915,-0.001852273866877538,-0.00013206525174031073,-0.00023173782329487293,0.40355581293610077,0.31338285657464554,0.35590643362456137,0.40328694022037903,2.6883352860645626,2.644465190830834,2.8423622710422216,2.7050953078075484
166,-9.59248881340027,-1.6345514178276062,-0.14517840445041658,9.732035495417783,0.0013909921484020233,0.0009858364928910044,0.003131270778716558,0.0014679497133469584,0.000230334005789257,0.00029106789528200673,0.00046366097820887893,-0.0014138033982808436,-0.0004040594102545229,-0.00040669928697032695,0.36411620163787367,0.3463476903074954,0.47121595359266416,0.3695791445182892,2.648427294698531,2.783295882164561,2.8101678239530488,2.668558791785901
167,-9.596199893951416,-1.6456844627857208,-0.14631565138697625,9.737596546670895,0.0009924785016999771,0.0010600990315664956,0.0030530187220251443,0.0008440381830724316,-0.00046426796795134584,4.851777024342585e-05,0.0005168031058960694,-0.0008999495301277263,0.00026864217460563635,-0.0001753479788634416,0.36481502405392024,0.36038302467251127,0.47046448474938607,0.34817692139750733,2.87772828723906,2.813674640332551,2.8080052377153124,2.8655123410069168
168,-9.591890287399291,-1.6177920043468474,-0.1450586959719658,9.728635262521879,0.001213998423925543,0.0020151068475056885,0.0017803492876942422,0.0011233586921990106,-0.0003204098680058885,-0.00021202284039779638,0.0006374829845267739,-0.0011384860721485978,-2.6428475778568993e-05,7.819750793957625e-05,0.36098493455277286,0.40530606316208384,0.39503813256101905,0.34231090951480586,2.74171308285654,2.7213655363027267,2.6879983298196386,2.6017925345903836
169,-9.589017200469971,-1.6148291647434234,-0.14095862507820128,9.725225634917294,0.0012286705702966624,0.001478263254509478,0.00194738353719311,0.001264618568620853,0.00011596066125440482,-0.00035781016143921607,0.000427313530409072,-0.00122566671742351,-0.00036269411696887376,0.0002550312705405073,0.356821808449704,0.38654501892015575,0.41366143689202983,0.362289473840948,2.688261904722394,2.7972018597153525,2.775928167160648,2.727598846117172
170,-9.598564100265502,-1.6496648252010346,-0.15741876214742662,9.740637538063307,0.0011376738138024964,0.0007221796344030756,0.0008385608420895086,0.0012119313000899749,0.00025418492856517155,-7.044693207219141e-05,0.0004040453393336622,-0.0011637966387949028,-0.0003790070780127033,-1.1541705827260336e-05,0.35010793607100976,0.31456374541723625,0.33512628419277385,0.3502917121405489,2.6799300231696725,2.7093581770308224,2.757549763108792,2.644749240012265
171,-9.61729874610901,-1.6602891087532043,-0.16762404665350913,9.761034522478598,0.0007795152677054461,0.00047348387705282936,0.0002250068704180085,0.0007390255435297091,-0.00010866831620075095,0.00015666264070879376,-5.1040362839363155e-05,-0.0007522077863027603,2.736217037805277e-05,-0.00014972034808164797,0.32447467607272484,0.29868461533964136,0.23846339410615705,0.31823621000989777,2.745503214549102,2.818819251436787,2.7256891982250995,2.7117024513458454
172,-9.583660221099853,-1.6540940880775452,-0.17154455110430716,9.726972065943848,0.00362274445422753,0.0012199981608472994,0.00042842177089848823,0.0031790034033232994,-0.0010334674838783358,-0.00033813278687787476,0.0001891999702174111,-0.003378566924165402,0.0008028649392840147,0.00029146392248120893,0.4669123332534713,0.3736360653027675,0.2865780032035047,0.44842719423245403,2.718104689905136,2.8113818004467506,2.7957707204236026,2.7051377244448087
173,-9.568277549743652,-1.6489166259765624,-0.19327193200588227,9.71141823223436,0.002866302813306799,0.0015534001805475016,0.0016797578701990082,0.0024902678932214543,-0.0010227051150004161,0.0001559516230345529,0.0007355833158983372,-0.002648987610005312,0.0007230013627598104,-0.0003176658673041849,0.43935738591127543,0.3772529047019644,0.3982613382914798,0.4220997539746612,2.7167330019937586,2.6706095923553437,2.7705265103083643,2.706253219310014
